-0.402774131493530
-0.367767042518781
-0.144520361378712
-0.144447873810150
-0.270154837702483
-0.319310666051144
-0.439653826492422
-0.223981417137713
0.165089836290002
-0.274532402076301
0.138352860800446
0.204566334180863
-0.149472736071302
0.002027680701119
-0.309180153086962
-0.157105159001995
-0.014865735955813
0.080197504211003
0.226490774053509
-0.146293225614639
-0.172080683340890
-0.006696300366027
-0.283685919678522
-0.239134942493791
0.031452538613446
-0.006011544606102
-0.048369944127576
-0.453087946411979
-0.399889982634042
0.091131512863694
-0.110326517939996
0.234909894316594
-0.165517994539630
-0.196368206553832
0.071966749770167
0.280051157639086
-0.287124018791080
-0.047959993716474
0.083738198505572
-0.153465764864148
-0.063942455418910
0.027250432450239
-0.263291195254265
0.023996638488656
-0.159251529905738
-0.039439008691158
0.187137588072216
0.144437337187350
-0.503670282138769
-0.329357584101418
0.058635814299735
0.047411356316636
0.110575872382466
-0.463831787504084
0.116057833804603
0.102415810676080
0.232227773417840
0.182068644727362
-0.321159139416943
0.146415279040440
0.362177009927185
0.163799005203181
-0.170261982881054
-0.164204207150719
-0.010476923113629
0.227733433296204
-0.115561312022661
0.256419687449421
0.174619308757138
0.068458221788151
0.167594080851153
0.088595189400485
-0.067397221491877
-0.147057266307273
-0.157122444940261
-0.212135941839084
0.105109405615257
-0.013418915446640
-0.311223168311336
0.139961321865152
0.113733414054684
0.135458435356027
0.445157596352827
-0.286265660552372
-0.223597621790040
-0.231582515325741
-0.069790473519941
0.209122734766634
-0.018440957001309
0.028682611969605
0.785365397709808
-0.086560620875604
0.161270211204403
0.270179480499580
-0.135671263840349
-0.229833347172040
-0.160207279604117
-0.119416200836717
0.135657510112221
0.009479005537761
-0.089069376050655
0.623954061357814
0.028072736432358
0.153794657719626
0.158789662086049
-0.172634770275045
-0.241372192093527
-0.345438100072871
-0.103651817146318
0.103823367154132
0.151118497009080
-0.083851437471425
0.591116891784234
0.015434326945229
0.125657311129840
0.110874259705681
-0.166686213479941
-0.158444528147162
-0.042394803429256
-0.394508175518983
0.056214578360512
0.038813725046446
0.112588379460777
0.856282434194465
-0.034052683240158
0.100919706400116
0.109152238249851
-0.233696666533128
-0.154507285562456
-0.021672332876583
-0.180480053875058
0.123751159292696
0.104647121434948
0.039397341217099
0.854942931845582
-0.065629873384191
0.144973861732245
0.125909250090393
-0.047511078740377
-0.221031065430656
-0.176860864993112
-0.187292682452057
0.166972322305853
0.232728711431626
0.000913189936094
0.870380756831346
-0.073520799093047
0.121241598911854
0.129119681441415
-0.014979369310675
-0.239080282136785
-0.235957283748254
-0.059953406311251
0.244976388480976
0.201672847183889
-0.123428649209480
0.758256891368227
-0.065011253698105
0.172438139818116
0.153363952090379
-0.284196302701641
-0.445552824667183
-0.064028520060968
0.041032573263514
0.156625733185412
-0.058540779482640
-0.226229269271364
0.665982736652641
0.002089548828683
0.231323930970176
-0.043181958823043
-0.203549231221854
-0.073800448797730
-0.181637966824325
-0.285376398370600
0.121564128725180
0.225500583772067
-0.088678305248171
0.755279593392974
-0.124286316789931
-0.071199026238983
-0.071282169599793
-0.278471344892555
-0.056902321745345
-0.133194941564863
-0.198286998235073
0.081022722223784
-0.036246166747698
0.057925923181177
0.707487033303843
0.097303193330709
-0.007406517925874
-0.034718896916679
0.013292506927363
-0.157753683714085
0.128185746656248
0.234488609163677
-0.045420792861423
-0.154495451183516
0.081245386304844
-0.539863679550473
0.348315349956985
0.124416773885715
0.327992197076178
-0.226628910038353
-0.249036174118497
-0.163995968773548
0.156811335583150
0.124389892652514
0.029432916652189
-0.004856229226350
0.077247769996643
0.349946239587313
-0.145051289404211
-0.126919790890132
-0.172602579169378
0.208741780687863
0.378442107093867
-0.051663450161071
-0.266374703380905
-0.173479195676321
0.136502304341067
0.325735826498462
0.009330155819248
-0.272928106048395
0.316735186086898
-0.026661972852306
-0.228329316551212
-0.090243869540260
0.526362854188496
-0.242213405962241
0.022348262101688
0.266416973075948
-0.133026191639615
0.335571781874365
-0.324057714413006
-0.203109719528212
-0.131701763950240
0.219751531241508
0.089214264761243
-0.056944169508264
-0.333213620180322
0.236263543740049
-0.048178250938545
-0.261234842192472
0.173176962770637
-0.203449068077296
0.097611108765153
-0.457750860876518
-0.014983696899400
0.175105095590709
-0.251002119818342
0.288055354980156
-0.286697045286870
0.270160178068948
-0.113336146143607
0.230636730178289
-0.412651667016605
0.178566218255757
0.140578122707204
0.279713186779414
-0.176985300833495
-0.332048485707281
0.061787891937762
0.391352186364333
0.130429224524454
-0.520350199392089
0.031596786417921
-0.020227125311228
0.273040913497859
-0.044492673811523
-0.131434021871033
-0.206782527660159
-0.267074593484458
-0.040421196322881
0.182775440044445
0.182645810005753
-0.374354457419101
-0.102960675363525
-0.427464059423613
0.222186146257682
-0.106813094325192
0.048576455070714
0.064374775848123
0.048742736877275
-0.059222289029560
0.092695631854687
0.185168780723064
-0.004465756286190
0.176043764594239
0.127460769378736
-0.093582325691716
-0.427206378095794
0.159882234571244
0.052598495898952
-0.046653348478838
-0.034383326416869
-0.054928477883906
0.015589330741709
-0.285870845241234
0.017287994890456
0.466993424857022
-0.126677109263109
-0.195219907867601
0.018660834555068
0.255970015918734
0.126074564238577
0.131171757343682
0.101973723715026
-0.012685296733277
-0.192018269687374
-0.163484797627911
0.096929881363033
0.105149589395441
-0.196647384194114
-0.036134867429816
-0.000749729679284
-0.128811421843523
-0.072659143549601
-0.036392415370128
0.104112003135880
0.036331392966918
-0.054423939351651
0.140369009950282
-0.038383742441826
-0.146297898672378
0.143139645205156
0.190809362231957
-0.004402070208595
-0.042124810198519
0.040645192970725
0.027185888245076
-0.075423321065997
-0.059039668172657
0.134930774204101
-0.010021631626788
-0.132132150732036
0.077003495626730
-0.002121979858611
-0.061396384554506
0.050745635965152
-0.023641256766435
0.000914691733676
-0.057027451029362
0.067565872677770
0.148027005701274
-0.051739834601196
-0.224906117485406
0.184579317265661
0.122562410884973
0.072809716342983
-0.077290249370982
-0.238472845086958
0.130004204789536
-0.041782808339543
-0.052645002581748
0.135739825256628
0.069801987659917
-0.150063822620834
-0.058016065755621
0.098407807613950
-0.176112409829593
-0.074859635770785
0.156202224822554
0.089360210720896
-0.234760137955018
-0.105962915238611
0.108258664206343
0.024086193029880
-0.141807503238546
-0.031909118833850
0.426041321775496
-0.166642601016650
0.022929606685589
-0.046242607059907
0.109468207915942
0.088372288700817
0.174428629359632
0.262117998057894
-0.091364852795299
