0.225182266525709
0.212816034964762
-0.217202788227834
-0.511867877574374
0.224425506713578
-0.057441100401304
-0.375118461329345
0.238536056957296
-0.124520099169970
-0.118332393737480
-0.118332393737480
0.225182266525709
0.212816034964762
-0.217202788227834
-0.511867877574374
0.224425506713578
-0.057441100401304
-0.375118461329345
0.238536056957296
-0.124520099169970
-0.124520099169970
-0.118332393737480
0.225182266525709
0.212816034964762
-0.217202788227834
-0.511867877574374
0.224425506713578
-0.057441100401304
-0.375118461329345
0.238536056957296
0.238536056957296
-0.124520099169970
-0.118332393737480
0.225182266525709
0.212816034964762
-0.217202788227834
-0.511867877574374
0.224425506713578
-0.057441100401304
-0.375118461329345
-0.375118461329345
0.238536056957296
-0.124520099169970
-0.118332393737480
0.225182266525709
0.212816034964762
-0.217202788227834
-0.511867877574374
0.224425506713578
-0.057441100401304
-0.057441100401304
-0.375118461329345
0.238536056957296
-0.124520099169970
-0.118332393737480
0.225182266525709
0.212816034964762
-0.217202788227834
-0.511867877574374
0.224425506713578
0.224425506713578
-0.057441100401304
-0.375118461329345
0.238536056957296
-0.124520099169970
-0.118332393737480
0.225182266525709
0.212816034964762
-0.217202788227834
-0.511867877574374
-0.511867877574374
0.224425506713578
-0.057441100401304
-0.375118461329345
0.238536056957296
-0.124520099169970
-0.118332393737480
0.225182266525709
0.212816034964762
-0.217202788227834
-0.217202788227834
-0.511867877574374
0.224425506713578
-0.057441100401304
-0.375118461329345
0.238536056957296
-0.124520099169970
-0.118332393737480
0.225182266525709
0.212816034964762
0.212816034964762
-0.217202788227834
-0.511867877574374
0.224425506713578
-0.057441100401304
-0.375118461329345
0.238536056957296
-0.124520099169970
-0.118332393737480
0.225182266525709
0.225182266525709
0.408680615625445
0.109995725504550
0.350223512687794
-0.234078389356466
0.057441100401304
0.305754130834636
0.162881503757885
-0.082016308468826
-0.126767390786050
-0.118332393737480
0.182176280451168
0.448443091660439
0.244234431080597
0.532801780590670
-0.224425506713578
0.072099668596389
0.119602114561779
0.310304894499874
-0.127646519835079
-0.124520099169970
-0.064698444251329
0.069585147188313
0.316915548701231
0.285183885206849
0.511867877574374
-0.129049708448520
0.059218613965258
-0.112233844347319
0.339202362418362
0.238536056957296
-0.073831232904439
0.013648111919590
-0.069585147188313
0.064337037701474
0.217202788227834
0.295417843073938
0.015618692205608
0.023718061566057
-0.301200289403806
-0.375118461329345
0.046757085280923
0.005058654899278
0.086781553219488
-0.182176280451168
-0.212816034964762
0.066257608597031
-0.033871766597561
0.154321283297016
-0.020841984204115
-0.057441100401304
-0.305754130834636
-0.162881503757885
0.082016308468826
0.126767390786050
-0.225182266525709
-0.408680615625445
-0.109995725504550
-0.350223512687794
0.234078389356466
0.224425506713578
-0.072099668596389
-0.119602114561779
-0.310304894499874
0.127646519835079
0.118332393737480
-0.182176280451168
-0.448443091660439
-0.244234431080597
-0.532801780590670
-0.511867877574374
0.129049708448520
-0.059218613965258
0.112233844347319
-0.339202362418362
0.124520099169970
0.064698444251329
-0.069585147188313
-0.316915548701231
-0.285183885206849
-0.217202788227834
-0.295417843073938
-0.015618692205608
-0.023718061566057
0.301200289403806
-0.238536056957296
0.073831232904439
-0.013648111919590
0.069585147188313
-0.064337037701475
0.212816034964762
-0.066257608597031
0.033871766597561
-0.154321283297016
0.020841984204115
0.375118461329345
-0.046757085280923
-0.005058654899278
-0.086781553219488
0.182176280451168
0.225182266525709
0.448443091660439
0.285183885206849
0.295417843073938
0.154321283297016
-0.057441100401304
-0.119602114561779
-0.339202362418362
0.073831232904439
-0.086781553219488
-0.118332393737480
0.069585147188313
0.064337037701474
0.066257608597031
-0.350223512687794
0.224425506713578
-0.059218613965258
0.301200289403806
-0.046757085280923
-0.082016308468826
-0.124520099169970
0.013648111919590
-0.182176280451168
-0.408680615625445
-0.244234431080597
-0.511867877574374
-0.015618692205608
0.020841984204115
0.305754130834636
0.310304894499874
0.238536056957296
0.005058654899278
0.126767390786050
-0.182176280451168
-0.316915548701231
-0.217202788227834
0.033871766597560
-0.234078389356466
0.072099668596389
-0.112233844347319
-0.375118461329345
-0.162881503757885
0.127646519835079
0.064698444251329
0.069585147188313
0.212816034964762
0.109995725504550
0.532801780590670
-0.129049708448520
0.023718061566057
-0.057441100401304
-0.119602114561779
-0.339202362418362
0.073831232904439
-0.086781553219488
0.225182266525709
0.448443091660439
0.285183885206849
0.295417843073938
0.154321283297016
0.224425506713578
-0.059218613965258
0.301200289403806
-0.046757085280923
-0.082016308468826
-0.118332393737480
0.069585147188313
0.064337037701475
0.066257608597031
-0.350223512687794
-0.511867877574374
-0.015618692205608
0.020841984204115
0.305754130834636
0.310304894499874
-0.124520099169970
0.013648111919590
-0.182176280451168
-0.408680615625445
-0.244234431080597
-0.217202788227834
0.033871766597561
-0.234078389356466
0.072099668596389
-0.112233844347319
0.238536056957296
0.005058654899278
0.126767390786050
-0.182176280451168
-0.316915548701231
0.212816034964762
0.109995725504550
0.532801780590670
-0.129049708448520
0.023718061566057
-0.375118461329345
-0.162881503757885
0.127646519835079
0.064698444251329
0.069585147188313
0.225182266525709
0.316915548701231
0.066257608597031
-0.532801780590670
-0.015618692205607
0.057441100401304
-0.112233844347319
0.046757085280923
0.127646519835079
-0.013648111919590
-0.118332393737480
-0.069585147188313
-0.408680615625445
-0.285183885206849
0.033871766597560
-0.224425506713578
0.023718061566057
-0.305754130834636
-0.339202362418362
-0.005058654899277
-0.124520099169970
0.086781553219488
-0.182176280451168
-0.064337037701475
0.109995725504550
0.511867877574374
0.154321283297016
-0.072099668596389
0.301200289403806
0.162881503757885
0.238536056957296
0.082016308468826
0.064698444251329
0.182176280451168
0.448443091660439
0.217202788227834
-0.350223512687794
0.129049708448520
0.020841984204115
0.119602114561779
-0.375118461329345
-0.310304894499875
0.073831232904439
-0.126767390786050
0.069585147188313
-0.212816034964761
-0.244234431080597
-0.295417843073938
-0.234078389356466
0.059218613965258
-0.057441100401304
0.112233844347319
-0.046757085280923
-0.127646519835079
0.013648111919590
-0.225182266525709
-0.316915548701231
-0.066257608597031
0.532801780590670
0.015618692205607
0.224425506713578
-0.023718061566057
0.305754130834636
0.339202362418362
0.005058654899278
0.118332393737480
0.069585147188313
0.408680615625445
0.285183885206849
-0.033871766597560
-0.511867877574374
-0.154321283297016
0.072099668596389
-0.301200289403806
-0.162881503757885
0.124520099169970
-0.086781553219488
0.182176280451168
0.064337037701475
-0.109995725504550
-0.217202788227834
0.350223512687794
-0.129049708448520
-0.020841984204115
-0.119602114561779
-0.238536056957296
-0.082016308468826
-0.064698444251329
-0.182176280451168
-0.448443091660439
0.212816034964762
0.244234431080597
0.295417843073938
0.234078389356466
-0.059218613965258
0.375118461329345
0.310304894499874
-0.073831232904439
0.126767390786050
-0.069585147188313
0.225182266525709
0.064337037701474
-0.244234431080597
0.033871766597560
-0.129049708448520
-0.057441100401304
0.301200289403806
0.310304894499874
0.005058654899277
0.064698444251329
-0.118332393737480
-0.182176280451168
-0.316915548701231
0.109995725504550
0.295417843073938
0.224425506713578
0.020841984204115
-0.112233844347319
-0.162881503757885
0.073831232904439
-0.124520099169970
0.126767390786050
0.069585147188313
0.448443091660439
0.066257608597031
-0.511867877574374
-0.234078389356466
0.023718061566057
-0.119602114561779
-0.046757085280923
0.238536056957296
0.127646519835079
-0.086781553219488
0.069585147188313
-0.408680615625445
-0.217202788227834
0.532801780590670
0.154321283297016
-0.059218613965258
0.305754130834637
-0.375118461329345
-0.339202362418362
-0.082016308468826
0.013648111919590
-0.182176280451168
0.212816034964761
0.285183885206849
-0.350223512687794
-0.015618692205607
0.072099668596389
-0.057441100401304
0.301200289403806
0.310304894499874
0.005058654899278
0.064698444251329
0.225182266525709
0.064337037701475
-0.244234431080597
0.033871766597560
-0.129049708448521
0.224425506713578
0.020841984204115
-0.112233844347319
-0.162881503757885
0.073831232904439
-0.118332393737480
-0.182176280451168
-0.316915548701231
0.109995725504550
0.295417843073938
-0.511867877574374
-0.234078389356466
0.023718061566057
-0.119602114561779
-0.046757085280923
-0.124520099169970
0.126767390786049
0.069585147188313
0.448443091660439
0.066257608597031
-0.217202788227834
0.532801780590670
0.154321283297016
-0.059218613965258
0.305754130834636
0.238536056957296
0.127646519835079
-0.086781553219488
0.069585147188313
-0.408680615625445
0.212816034964762
0.285183885206850
-0.350223512687794
-0.015618692205607
0.072099668596389
-0.375118461329345
-0.339202362418362
-0.082016308468826
0.013648111919590
-0.182176280451168
0.225182266525709
-0.212816034964762
-0.217202788227834
0.511867877574374
0.224425506713578
0.057441100401304
-0.375118461329344
-0.238536056957296
-0.124520099169970
0.118332393737480
-0.118332393737480
-0.225182266525709
0.212816034964761
0.217202788227834
-0.511867877574374
-0.224425506713578
-0.057441100401304
0.375118461329345
0.238536056957296
0.124520099169970
-0.124520099169970
0.118332393737480
0.225182266525709
-0.212816034964761
-0.217202788227834
0.511867877574374
0.224425506713578
0.057441100401304
-0.375118461329345
-0.238536056957296
0.238536056957296
0.124520099169970
-0.118332393737480
-0.225182266525709
0.212816034964761
0.217202788227834
-0.511867877574374
-0.224425506713578
-0.057441100401304
0.375118461329345
-0.375118461329345
-0.238536056957296
-0.124520099169970
0.118332393737480
0.225182266525709
-0.212816034964761
-0.217202788227834
0.511867877574374
0.224425506713578
0.057441100401304
-0.057441100401304
0.375118461329345
0.238536056957296
0.124520099169970
-0.118332393737480
-0.225182266525709
0.212816034964761
0.217202788227834
-0.511867877574374
-0.224425506713578
0.224425506713578
0.057441100401304
-0.375118461329344
-0.238536056957296
-0.124520099169970
0.118332393737480
0.225182266525709
-0.212816034964761
-0.217202788227834
0.511867877574375
-0.511867877574374
-0.224425506713578
-0.057441100401304
0.375118461329344
0.238536056957296
0.124520099169970
-0.118332393737480
-0.225182266525709
0.212816034964761
0.217202788227834
-0.217202788227834
0.511867877574374
0.224425506713578
0.057441100401304
-0.375118461329344
-0.238536056957296
-0.124520099169970
0.118332393737480
0.225182266525709
-0.212816034964761
0.212816034964762
0.217202788227834
-0.511867877574374
-0.224425506713578
-0.057441100401304
0.375118461329345
0.238536056957296
0.124520099169970
-0.118332393737480
-0.225182266525709
0.225182266525709
-0.408680615625445
0.109995725504550
-0.350223512687794
-0.234078389356466
-0.057441100401304
0.305754130834636
-0.162881503757885
-0.082016308468826
0.126767390786050
-0.118332393737480
-0.182176280451168
0.448443091660439
-0.244234431080597
0.532801780590670
0.224425506713578
0.072099668596389
-0.119602114561779
0.310304894499874
0.127646519835079
-0.124520099169970
0.064698444251329
0.069585147188313
-0.316915548701231
0.285183885206849
-0.511867877574374
-0.129049708448520
-0.059218613965258
-0.112233844347318
-0.339202362418362
0.238536056957296
0.073831232904439
0.013648111919590
0.069585147188313
0.064337037701475
-0.217202788227834
0.295417843073938
-0.015618692205607
0.023718061566057
0.301200289403806
-0.375118461329345
-0.046757085280923
0.005058654899278
-0.086781553219488
-0.182176280451168
0.212816034964761
0.066257608597031
0.033871766597560
0.154321283297016
0.020841984204115
-0.057441100401304
0.305754130834636
-0.162881503757885
-0.082016308468826
0.126767390786050
0.225182266525709
-0.408680615625444
0.109995725504550
-0.350223512687794
-0.234078389356466
0.224425506713578
0.072099668596389
-0.119602114561779
0.310304894499874
0.127646519835079
-0.118332393737480
-0.182176280451168
0.448443091660439
-0.244234431080597
0.532801780590670
-0.511867877574374
-0.129049708448520
-0.059218613965258
-0.112233844347319
-0.339202362418362
-0.124520099169970
0.064698444251329
0.069585147188313
-0.316915548701231
0.285183885206850
-0.217202788227834
0.295417843073938
-0.015618692205608
0.023718061566057
0.301200289403806
0.238536056957296
0.073831232904439
0.013648111919590
0.069585147188313
0.064337037701475
0.212816034964762
0.066257608597031
0.033871766597560
0.154321283297016
0.020841984204115
-0.375118461329345
-0.046757085280923
0.005058654899277
-0.086781553219488
-0.182176280451168
0.225182266525709
-0.448443091660440
0.285183885206849
-0.295417843073938
0.154321283297016
0.057441100401304
-0.119602114561779
0.339202362418362
0.073831232904439
0.086781553219488
-0.118332393737480
-0.069585147188313
0.064337037701474
-0.066257608597031
-0.350223512687793
-0.224425506713578
-0.059218613965258
-0.301200289403806
-0.046757085280923
0.082016308468826
-0.124520099169970
-0.013648111919590
-0.182176280451168
0.408680615625445
-0.244234431080597
0.511867877574374
-0.015618692205607
-0.020841984204115
0.305754130834636
-0.310304894499874
0.238536056957296
-0.005058654899278
0.126767390786049
0.182176280451168
-0.316915548701231
0.217202788227834
0.033871766597560
0.234078389356466
0.072099668596389
0.112233844347318
-0.375118461329345
0.162881503757885
0.127646519835079
-0.064698444251329
0.069585147188313
-0.212816034964761
0.109995725504550
-0.532801780590670
-0.129049708448521
-0.023718061566057
-0.057441100401304
0.119602114561779
-0.339202362418362
-0.073831232904439
-0.086781553219488
-0.225182266525709
0.448443091660439
-0.285183885206849
0.295417843073938
-0.154321283297016
0.224425506713578
0.059218613965258
0.301200289403806
0.046757085280923
-0.082016308468826
0.118332393737480
0.069585147188313
-0.064337037701475
0.066257608597031
0.350223512687793
-0.511867877574374
0.015618692205608
0.020841984204115
-0.305754130834636
0.310304894499874
0.124520099169970
0.013648111919590
0.182176280451168
-0.408680615625444
0.244234431080597
-0.217202788227834
-0.033871766597560
-0.234078389356466
-0.072099668596389
-0.112233844347318
-0.238536056957296
0.005058654899277
-0.126767390786049
-0.182176280451168
0.316915548701231
0.212816034964762
-0.109995725504550
0.532801780590670
0.129049708448520
0.023718061566057
0.375118461329345
-0.162881503757885
-0.127646519835079
0.064698444251329
-0.069585147188313
0.225182266525709
-0.316915548701231
0.066257608597031
0.532801780590670
-0.015618692205607
-0.057441100401304
-0.112233844347318
-0.046757085280923
0.127646519835079
0.013648111919590
-0.118332393737480
0.069585147188313
-0.408680615625445
0.285183885206850
0.033871766597560
0.224425506713578
0.023718061566057
0.305754130834637
-0.339202362418362
0.005058654899277
-0.124520099169970
-0.086781553219488
-0.182176280451168
0.064337037701475
0.109995725504550
-0.511867877574374
0.154321283297016
0.072099668596389
0.301200289403806
-0.162881503757884
0.238536056957296
-0.082016308468826
0.064698444251329
-0.182176280451168
0.448443091660439
-0.217202788227834
-0.350223512687793
-0.129049708448520
0.020841984204115
-0.119602114561780
-0.375118461329345
0.310304894499875
0.073831232904439
0.126767390786050
0.069585147188313
0.212816034964761
-0.244234431080597
0.295417843073938
-0.234078389356466
-0.059218613965258
-0.057441100401304
-0.112233844347319
-0.046757085280923
0.127646519835079
0.013648111919590
0.225182266525709
-0.316915548701231
0.066257608597031
0.532801780590670
-0.015618692205607
0.224425506713578
0.023718061566057
0.305754130834636
-0.339202362418362
0.005058654899277
-0.118332393737480
0.069585147188313
-0.408680615625445
0.285183885206849
0.033871766597560
-0.511867877574374
0.154321283297016
0.072099668596389
0.301200289403806
-0.162881503757884
-0.124520099169970
-0.086781553219488
-0.182176280451168
0.064337037701475
0.109995725504550
-0.217202788227834
-0.350223512687794
-0.129049708448520
0.020841984204115
-0.119602114561780
0.238536056957296
-0.082016308468826
0.064698444251329
-0.182176280451167
0.448443091660440
0.212816034964762
-0.244234431080597
0.295417843073938
-0.234078389356466
-0.059218613965258
-0.375118461329345
0.310304894499874
0.073831232904439
0.126767390786049
0.069585147188313
0.225182266525709
-0.064337037701474
-0.244234431080597
-0.033871766597560
-0.129049708448521
0.057441100401304
0.301200289403806
-0.310304894499874
0.005058654899277
-0.064698444251329
-0.118332393737480
0.182176280451168
-0.316915548701231
-0.109995725504550
0.295417843073938
-0.224425506713578
0.020841984204115
0.112233844347318
-0.162881503757884
-0.073831232904439
-0.124520099169970
-0.126767390786050
0.069585147188313
-0.448443091660440
0.066257608597031
0.511867877574374
-0.234078389356466
-0.023718061566057
-0.119602114561780
0.046757085280924
0.238536056957296
-0.127646519835079
-0.086781553219488
-0.069585147188313
-0.408680615625444
0.217202788227834
0.532801780590670
-0.154321283297016
-0.059218613965258
-0.305754130834637
-0.375118461329345
0.339202362418362
-0.082016308468826
-0.013648111919590
-0.182176280451168
-0.212816034964761
0.285183885206849
0.350223512687794
-0.015618692205607
-0.072099668596390
-0.057441100401304
-0.301200289403806
0.310304894499874
-0.005058654899277
0.064698444251329
-0.225182266525709
0.064337037701475
0.244234431080597
0.033871766597560
0.129049708448521
0.224425506713578
-0.020841984204115
-0.112233844347319
0.162881503757885
0.073831232904439
0.118332393737480
-0.182176280451168
0.316915548701231
0.109995725504550
-0.295417843073939
-0.511867877574374
0.234078389356466
0.023718061566057
0.119602114561779
-0.046757085280924
0.124520099169970
0.126767390786049
-0.069585147188313
0.448443091660439
-0.066257608597032
-0.217202788227834
-0.532801780590670
0.154321283297016
0.059218613965258
0.305754130834637
-0.238536056957296
0.127646519835079
0.086781553219488
0.069585147188313
0.408680615625445
0.212816034964762
-0.285183885206850
-0.350223512687794
0.015618692205607
0.072099668596389
0.375118461329345
-0.339202362418362
0.082016308468826
0.013648111919590
0.182176280451168
0.000000000000000
-0.402372849167329
-0.186229814167644
-0.201930838338399
0.089342732314493
0.043602390662542
0.003873728894243
0.248768811395699
-0.045778017329246
-0.052798999543320
-0.052798999543320
0.000000000000000
-0.402372849167329
-0.186229814167644
-0.201930838338399
0.089342732314493
0.043602390662542
0.003873728894243
0.248768811395699
-0.045778017329246
-0.045778017329246
-0.052798999543320
0.000000000000000
-0.402372849167329
-0.186229814167644
-0.201930838338399
0.089342732314493
0.043602390662542
0.003873728894243
0.248768811395699
0.248768811395699
-0.045778017329246
-0.052798999543320
0.000000000000000
-0.402372849167329
-0.186229814167644
-0.201930838338399
0.089342732314493
0.043602390662542
0.003873728894243
0.003873728894243
0.248768811395699
-0.045778017329246
-0.052798999543320
0.000000000000000
-0.402372849167329
-0.186229814167644
-0.201930838338399
0.089342732314493
0.043602390662542
0.043602390662542
0.003873728894243
0.248768811395699
-0.045778017329246
-0.052798999543320
0.000000000000000
-0.402372849167329
-0.186229814167644
-0.201930838338399
0.089342732314493
0.089342732314493
0.043602390662542
0.003873728894243
0.248768811395699
-0.045778017329246
-0.052798999543320
0.000000000000000
-0.402372849167329
-0.186229814167644
-0.201930838338399
-0.201930838338399
0.089342732314493
0.043602390662542
0.003873728894243
0.248768811395699
-0.045778017329246
-0.052798999543320
0.000000000000000
-0.402372849167329
-0.186229814167644
-0.186229814167644
-0.201930838338399
0.089342732314493
0.043602390662542
0.003873728894243
0.248768811395699
-0.045778017329246
-0.052798999543320
0.000000000000000
-0.402372849167329
-0.402372849167329
-0.186229814167644
-0.201930838338399
0.089342732314493
0.043602390662542
0.003873728894243
0.248768811395699
-0.045778017329246
-0.052798999543320
0.000000000000000
0.000000000000000
-0.200436346247790
-0.264120304538648
-0.424415219714333
0.059634214318190
-0.043602390662542
0.217355186924990
-0.303735061732315
0.104279466401790
0.026838747990816
-0.052798999543320
0.132358815341605
0.078060028357562
-0.149023949664467
-0.137502909656322
-0.089342732314493
-0.001512043350034
0.355561808969962
-0.149987480948861
0.036155883917953
-0.045778017329246
-0.112269323823898
0.214161061933388
0.326740125293106
0.022994488843787
0.201930838338399
-0.204193791850823
0.041155853129723
0.357955905089807
0.061050219670081
0.248768811395699
-0.110226271894255
-0.128856582297715
0.214161061933388
0.450616599855083
0.186229814167644
0.464233869464611
-0.241049763191860
0.068103612549925
0.223623011939077
0.003873728894243
0.341466172509073
-0.132571837048846
-0.096225006007953
0.132358815341605
0.402372849167329
0.278331680198038
0.549215341184224
-0.185832917973720
0.069038106732709
0.043602390662542
-0.217355186924990
0.303735061732315
-0.104279466401790
-0.026838747990816
0.000000000000000
0.200436346247790
0.264120304538648
0.424415219714333
-0.059634214318190
0.089342732314493
0.001512043350034
-0.355561808969962
0.149987480948861
-0.036155883917953
0.052798999543320
-0.132358815341605
-0.078060028357562
0.149023949664467
0.137502909656322
-0.201930838338399
0.204193791850823
-0.041155853129723
-0.357955905089807
-0.061050219670081
0.045778017329246
0.112269323823898
-0.214161061933388
-0.326740125293106
-0.022994488843787
-0.186229814167644
-0.464233869464611
0.241049763191860
-0.068103612549925
-0.223623011939077
-0.248768811395699
0.110226271894255
0.128856582297715
-0.214161061933388
-0.450616599855083
-0.402372849167329
-0.278331680198038
-0.549215341184224
0.185832917973720
-0.069038106732709
-0.003873728894243
-0.341466172509072
0.132571837048846
0.096225006007953
-0.132358815341605
0.000000000000000
0.078060028357562
0.022994488843787
0.464233869464611
-0.185832917973720
0.043602390662542
-0.355561808969962
-0.061050219670081
0.110226271894255
0.096225006007953
-0.052798999543320
0.214161061933388
0.450616599855082
0.278331680198038
0.424415219714333
0.089342732314493
-0.041155853129723
-0.223623011939077
-0.341466172509072
0.104279466401790
-0.045778017329246
-0.128856582297715
0.132358815341605
0.200436346247790
0.149023949664467
-0.201930838338399
0.241049763191860
-0.069038106732709
0.217355186924990
-0.149987480948861
0.248768811395699
-0.132571837048846
-0.026838747990816
-0.132358815341605
-0.326740125293106
-0.186229814167644
-0.549215341184224
0.059634214318190
-0.001512043350034
0.357955905089807
0.003873728894243
0.303735061732315
-0.036155883917953
0.112269323823898
-0.214161061933388
-0.402372849167329
-0.264120304538648
-0.137502909656322
-0.204193791850823
0.068103612549925
0.043602390662542
-0.355561808969962
-0.061050219670081
0.110226271894255
0.096225006007953
-0.000000000000000
0.078060028357562
0.022994488843787
0.464233869464611
-0.185832917973720
0.089342732314493
-0.041155853129723
-0.223623011939077
-0.341466172509072
0.104279466401790
-0.052798999543320
0.214161061933388
0.450616599855083
0.278331680198038
0.424415219714333
-0.201930838338399
0.241049763191860
-0.069038106732709
0.217355186924990
-0.149987480948861
-0.045778017329246
-0.128856582297715
0.132358815341605
0.200436346247790
0.149023949664467
-0.186229814167644
-0.549215341184224
0.059634214318190
-0.001512043350034
0.357955905089807
0.248768811395699
-0.132571837048846
-0.026838747990816
-0.132358815341605
-0.326740125293106
-0.402372849167329
-0.264120304538648
-0.137502909656322
-0.204193791850823
0.068103612549925
0.003873728894243
0.303735061732315
-0.036155883917953
0.112269323823898
-0.214161061933388
0.000000000000000
0.326740125293106
0.278331680198038
0.137502909656322
0.241049763191860
-0.043602390662542
0.357955905089807
0.341466172509072
-0.036155883917953
0.128856582297715
-0.052798999543320
0.214161061933388
0.200436346247790
-0.022994488843787
-0.549215341184224
-0.089342732314493
0.068103612549925
-0.217355186924989
-0.061050219670081
0.132571837048846
-0.045778017329246
-0.096225006007953
-0.132358815341605
-0.450616599855083
-0.264120304538648
0.201930838338399
-0.185832917973720
0.001512043350034
-0.223623011939077
-0.303735061732315
0.248768811395699
-0.104279466401790
0.112269323823898
-0.132358815341605
0.078060028357562
0.186229814167644
0.424415219714333
0.204193791850823
-0.069038106732709
0.355561808969962
0.003873728894243
0.149987480948861
0.110226271894255
0.026838747990816
0.214161061933388
0.402372849167329
0.149023949664467
-0.464233869464611
0.059634214318190
0.041155853129723
0.043602390662542
-0.357955905089807
-0.341466172509072
0.036155883917953
-0.128856582297715
0.000000000000000
-0.326740125293106
-0.278331680198038
-0.137502909656322
-0.241049763191860
0.089342732314493
-0.068103612549925
0.217355186924990
0.061050219670081
-0.132571837048846
0.052798999543320
-0.214161061933388
-0.200436346247790
0.022994488843787
0.549215341184224
-0.201930838338399
0.185832917973720
-0.001512043350034
0.223623011939077
0.303735061732315
0.045778017329246
0.096225006007953
0.132358815341605
0.450616599855083
0.264120304538648
-0.186229814167644
-0.424415219714333
-0.204193791850823
0.069038106732709
-0.355561808969962
-0.248768811395699
0.104279466401790
-0.112269323823898
0.132358815341605
-0.078060028357561
-0.402372849167329
-0.149023949664467
0.464233869464611
-0.059634214318190
-0.041155853129723
-0.003873728894243
-0.149987480948861
-0.110226271894255
-0.026838747990816
-0.214161061933388
0.000000000000000
0.450616599855083
0.149023949664467
-0.549215341184224
-0.204193791850823
0.043602390662542
-0.223623011939077
-0.149987480948861
-0.132571837048846
0.112269323823898
-0.052798999543320
0.132358815341605
-0.326740125293106
-0.264120304538648
0.464233869464611
0.089342732314493
-0.069038106732709
0.357955905089807
0.303735061732315
0.110226271894255
-0.045778017329246
-0.026838747990816
-0.214161061933388
0.078060028357562
0.278331680198038
-0.201930838338398
0.059634214318190
0.068103612549925
-0.355561808969962
-0.341466172509072
0.248768811395699
-0.036155883917953
0.096225006007953
0.214161061933388
0.200436346247790
-0.186229814167644
-0.137502909656322
-0.185832917973720
-0.041155853129723
0.217355186924989
0.003873728894243
-0.061050219670081
0.104279466401790
-0.128856582297715
-0.132358815341605
-0.402372849167329
0.022994488843787
0.424415219714333
0.241049763191860
-0.001512043350034
0.043602390662542
-0.223623011939077
-0.149987480948861
-0.132571837048846
0.112269323823898
-0.000000000000000
0.450616599855083
0.149023949664467
-0.549215341184224
-0.204193791850823
0.089342732314493
-0.069038106732709
0.357955905089807
0.303735061732315
0.110226271894255
-0.052798999543320
0.132358815341605
-0.326740125293106
-0.264120304538648
0.464233869464611
-0.201930838338399
0.059634214318190
0.068103612549925
-0.355561808969962
-0.341466172509072
-0.045778017329246
-0.026838747990816
-0.214161061933388
0.078060028357561
0.278331680198038
-0.186229814167644
-0.137502909656322
-0.185832917973720
-0.041155853129723
0.217355186924989
0.248768811395699
-0.036155883917953
0.096225006007953
0.214161061933388
0.200436346247791
-0.402372849167329
0.022994488843787
0.424415219714333
0.241049763191860
-0.001512043350034
0.003873728894243
-0.061050219670081
0.104279466401790
-0.128856582297715
-0.132358815341605
0.000000000000000
0.402372849167329
-0.186229814167644
0.201930838338398
0.089342732314493
-0.043602390662542
0.003873728894243
-0.248768811395699
-0.045778017329246
0.052798999543320
-0.052798999543320
0.000000000000000
-0.402372849167329
0.186229814167644
-0.201930838338398
-0.089342732314493
0.043602390662542
-0.003873728894243
0.248768811395699
0.045778017329246
-0.045778017329246
0.052798999543320
-0.000000000000000
0.402372849167329
-0.186229814167644
0.201930838338398
0.089342732314493
-0.043602390662542
0.003873728894243
-0.248768811395699
0.248768811395699
0.045778017329246
-0.052798999543320
0.000000000000000
-0.402372849167329
0.186229814167644
-0.201930838338398
-0.089342732314493
0.043602390662542
-0.003873728894243
0.003873728894243
-0.248768811395699
-0.045778017329246
0.052798999543320
-0.000000000000000
0.402372849167329
-0.186229814167644
0.201930838338398
0.089342732314493
-0.043602390662542
0.043602390662542
-0.003873728894243
0.248768811395699
0.045778017329246
-0.052798999543320
0.000000000000000
-0.402372849167329
0.186229814167644
-0.201930838338398
-0.089342732314493
0.089342732314493
-0.043602390662542
0.003873728894243
-0.248768811395699
-0.045778017329246
0.052798999543320
-0.000000000000000
0.402372849167329
-0.186229814167644
0.201930838338398
-0.201930838338399
-0.089342732314493
0.043602390662542
-0.003873728894243
0.248768811395699
0.045778017329246
-0.052798999543320
0.000000000000000
-0.402372849167329
0.186229814167644
-0.186229814167644
0.201930838338399
0.089342732314493
-0.043602390662542
0.003873728894243
-0.248768811395699
-0.045778017329246
0.052798999543320
-0.000000000000000
0.402372849167329
-0.402372849167329
0.186229814167644
-0.201930838338399
-0.089342732314493
0.043602390662542
-0.003873728894243
0.248768811395699
0.045778017329246
-0.052798999543320
0.000000000000000
0.000000000000000
0.200436346247790
-0.264120304538648
0.424415219714333
0.059634214318190
0.043602390662542
0.217355186924989
0.303735061732315
0.104279466401791
-0.026838747990816
-0.052798999543320
-0.132358815341605
0.078060028357562
0.149023949664467
-0.137502909656322
0.089342732314493
-0.001512043350034
-0.355561808969962
-0.149987480948861
-0.036155883917954
-0.045778017329246
0.112269323823898
0.214161061933388
-0.326740125293106
0.022994488843786
-0.201930838338398
-0.204193791850823
-0.041155853129723
0.357955905089807
-0.061050219670080
0.248768811395699
0.110226271894255
-0.128856582297715
-0.214161061933388
0.450616599855083
-0.186229814167644
0.464233869464611
0.241049763191860
0.068103612549925
-0.223623011939077
0.003873728894243
-0.341466172509073
-0.132571837048846
0.096225006007954
0.132358815341605
-0.402372849167329
0.278331680198038
-0.549215341184224
-0.185832917973720
-0.069038106732710
0.043602390662542
0.217355186924990
0.303735061732315
0.104279466401790
-0.026838747990816
-0.000000000000000
0.200436346247790
-0.264120304538648
0.424415219714334
0.059634214318190
0.089342732314493
-0.001512043350034
-0.355561808969962
-0.149987480948861
-0.036155883917954
-0.052798999543320
-0.132358815341605
0.078060028357561
0.149023949664467
-0.137502909656322
-0.201930838338399
-0.204193791850823
-0.041155853129723
0.357955905089807
-0.061050219670081
-0.045778017329246
0.112269323823898
0.214161061933388
-0.326740125293105
0.022994488843786
-0.186229814167644
0.464233869464611
0.241049763191860
0.068103612549925
-0.223623011939077
0.248768811395699
0.110226271894255
-0.128856582297715
-0.214161061933388
0.450616599855083
-0.402372849167329
0.278331680198039
-0.549215341184224
-0.185832917973720
-0.069038106732710
0.003873728894243
-0.341466172509072
-0.132571837048846
0.096225006007954
0.132358815341605
0.000000000000000
-0.078060028357562
0.022994488843787
-0.464233869464611
-0.185832917973720
-0.043602390662542
-0.355561808969962
0.061050219670080
0.110226271894255
-0.096225006007954
-0.052798999543320
-0.214161061933388
0.450616599855082
-0.278331680198038
0.424415219714333
-0.089342732314493
-0.041155853129723
0.223623011939077
-0.341466172509072
-0.104279466401791
-0.045778017329246
0.128856582297715
0.132358815341605
-0.200436346247791
0.149023949664467
0.201930838338398
0.241049763191860
0.069038106732710
0.217355186924989
0.149987480948861
0.248768811395699
0.132571837048846
-0.026838747990816
0.132358815341605
-0.326740125293105
0.186229814167644
-0.549215341184224
-0.059634214318190
-0.001512043350034
-0.357955905089807
0.003873728894243
-0.303735061732315
-0.036155883917953
-0.112269323823898
-0.214161061933388
0.402372849167329
-0.264120304538648
0.137502909656322
-0.204193791850823
-0.068103612549925
0.043602390662542
0.355561808969963
-0.061050219670081
-0.110226271894255
0.096225006007954
0.000000000000000
0.078060028357561
-0.022994488843786
0.464233869464611
0.185832917973720
0.089342732314493
0.041155853129723
-0.223623011939077
0.341466172509073
0.104279466401791
0.052798999543320
0.214161061933388
-0.450616599855083
0.278331680198038
-0.424415219714334
-0.201930838338399
-0.241049763191860
-0.069038106732709
-0.217355186924989
-0.149987480948861
0.045778017329246
-0.128856582297715
-0.132358815341605
0.200436346247791
-0.149023949664468
-0.186229814167644
0.549215341184224
0.059634214318190
0.001512043350034
0.357955905089807
-0.248768811395699
-0.132571837048846
0.026838747990816
-0.132358815341605
0.326740125293105
-0.402372849167329
0.264120304538648
-0.137502909656322
0.204193791850823
0.068103612549925
-0.003873728894243
0.303735061732315
0.036155883917954
0.112269323823898
0.214161061933388
0.000000000000000
-0.326740125293106
0.278331680198038
-0.137502909656322
0.241049763191860
0.043602390662542
0.357955905089807
-0.341466172509072
-0.036155883917954
-0.128856582297715
-0.052798999543320
-0.214161061933388
0.200436346247790
0.022994488843787
-0.549215341184224
0.089342732314493
0.068103612549925
0.217355186924989
-0.061050219670080
-0.132571837048846
-0.045778017329246
0.096225006007953
-0.132358815341605
0.450616599855083
-0.264120304538648
-0.201930838338398
-0.185832917973720
-0.001512043350034
-0.223623011939077
0.303735061732316
0.248768811395699
0.104279466401790
0.112269323823898
0.132358815341605
0.078060028357561
-0.186229814167644
0.424415219714333
-0.204193791850823
-0.069038106732710
-0.355561808969962
0.003873728894243
-0.149987480948861
0.110226271894255
-0.026838747990816
0.214161061933388
-0.402372849167329
0.149023949664467
0.464233869464611
0.059634214318190
-0.041155853129723
0.043602390662542
0.357955905089807
-0.341466172509072
-0.036155883917954
-0.128856582297715
-0.000000000000000
-0.326740125293105
0.278331680198038
-0.137502909656322
0.241049763191860
0.089342732314493
0.068103612549925
0.217355186924989
-0.061050219670081
-0.132571837048846
-0.052798999543320
-0.214161061933388
0.200436346247791
0.022994488843786
-0.549215341184224
-0.201930838338399
-0.185832917973720
-0.001512043350034
-0.223623011939077
0.303735061732315
-0.045778017329246
0.096225006007953
-0.132358815341605
0.450616599855082
-0.264120304538648
-0.186229814167644
0.424415219714333
-0.204193791850823
-0.069038106732710
-0.355561808969962
0.248768811395699
0.104279466401790
0.112269323823898
0.132358815341605
0.078060028357561
-0.402372849167329
0.149023949664467
0.464233869464611
0.059634214318190
-0.041155853129723
0.003873728894243
-0.149987480948861
0.110226271894255
-0.026838747990816
0.214161061933388
0.000000000000000
-0.450616599855083
0.149023949664467
0.549215341184224
-0.204193791850823
-0.043602390662542
-0.223623011939077
0.149987480948861
-0.132571837048846
-0.112269323823898
-0.052798999543320
-0.132358815341605
-0.326740125293106
0.264120304538648
0.464233869464610
-0.089342732314493
-0.069038106732709
-0.357955905089807
0.303735061732315
-0.110226271894255
-0.045778017329246
0.026838747990816
-0.214161061933388
-0.078060028357561
0.278331680198038
0.201930838338398
0.059634214318190
-0.068103612549925
-0.355561808969962
0.341466172509073
0.248768811395699
0.036155883917953
0.096225006007953
-0.214161061933388
0.200436346247791
0.186229814167644
-0.137502909656322
0.185832917973720
-0.041155853129723
-0.217355186924989
0.003873728894243
0.061050219670081
0.104279466401790
0.128856582297715
-0.132358815341605
0.402372849167329
0.022994488843786
-0.424415219714334
0.241049763191860
0.001512043350034
0.043602390662542
0.223623011939077
-0.149987480948861
0.132571837048846
0.112269323823898
0.000000000000000
0.450616599855082
-0.149023949664467
-0.549215341184224
0.204193791850823
0.089342732314493
0.069038106732709
0.357955905089807
-0.303735061732315
0.110226271894255
0.052798999543320
0.132358815341605
0.326740125293105
-0.264120304538648
-0.464233869464611
-0.201930838338399
-0.059634214318190
0.068103612549925
0.355561808969962
-0.341466172509072
0.045778017329246
-0.026838747990816
0.214161061933388
0.078060028357561
-0.278331680198038
-0.186229814167644
0.137502909656322
-0.185832917973720
0.041155853129723
0.217355186924989
-0.248768811395699
-0.036155883917954
-0.096225006007954
0.214161061933388
-0.200436346247791
-0.402372849167329
-0.022994488843787
0.424415219714333
-0.241049763191860
-0.001512043350034
-0.003873728894243
-0.061050219670080
-0.104279466401791
-0.128856582297715
0.132358815341605
