0.316227766016838
0.316227766016838
0.316227766016838
0.316227766016838
0.316227766016838
0.316227766016838
0.316227766016838
0.316227766016838
0.316227766016838
0.316227766016838
0.316227766016838
0.315474281359635
0.309467931175862
0.257110913984460
-0.091469551576684
-0.307038761856969
-0.236699881733739
-0.151769556482979
0.179637845811714
0.243796800169005
0.316227766016838
0.313217418085553
0.289477429529899
0.101863427698294
-0.263312242683607
0.280005780898462
0.038117045120227
-0.170547969677806
-0.112135911248114
0.059684068173466
0.316227766016838
0.309467931175862
0.257110913984460
-0.091469551576684
0.243796800169005
-0.236699881733739
0.179637845811714
0.315474281359635
-0.307038761856969
-0.151769556482979
0.316227766016838
0.304243688643195
0.213752148541176
-0.250603181350272
0.122274760313372
0.179637845811714
-0.307038761856969
-0.132267892236033
-0.236699881733739
-0.293698510989022
0.316227766016838
0.297569586382327
0.161254848305441
-0.316039338714443
-0.314533267341942
-0.112135911248114
0.280005780898463
-0.188513644129998
0.038117045120227
-0.301086042476111
0.316227766016838
0.289477429529899
0.101863427698294
-0.263312242683607
0.059684068173466
0.038117045120227
-0.112135911248114
0.313217418085553
0.280005780898462
-0.170547969677806
0.316227766016838
0.280005780898462
0.038117045120227
-0.112135911248114
0.280005780898462
0.038117045120227
-0.112135911248114
-0.112135911248114
0.280005780898462
0.038117045120227
0.316227766016838
0.269199777207111
-0.027258953559451
0.080966669461882
-0.221668599388210
-0.112135911248114
0.280005780898463
-0.205580965219268
0.038117045120227
0.229320883576290
0.316227766016838
0.257110913984460
-0.091469551576684
0.243796800169005
-0.151769556482979
0.179637845811714
-0.307038761856969
0.309467931175862
-0.236699881733739
0.315474281359635
0.316227766016838
0.243796800169005
-0.151769556482979
0.315474281359635
0.309467931175862
-0.236699881733739
0.179637845811714
-0.091469551576684
-0.307038761856969
0.257110913984460
0.316227766016838
0.229320883576290
-0.205580965219268
0.269199777207111
-0.027258953559451
0.280005780898462
0.038117045120227
-0.221668599388210
-0.112135911248114
0.080966669461882
0.316227766016838
0.213752148541176
-0.250603181350272
0.122274760313372
-0.293698510989022
-0.307038761856969
-0.236699881733739
0.304243688643195
0.179637845811714
-0.132267892236033
0.316227766016838
0.197164787176068
-0.284911372347502
-0.070367297836986
0.197164787176068
0.316227766016838
0.316227766016838
-0.070367297836986
0.316227766016838
-0.284911372347502
0.316227766016838
0.179637845811714
-0.307038761856969
-0.236699881733739
0.179637845811714
-0.307038761856969
-0.236699881733739
-0.236699881733739
0.179637845811714
-0.307038761856969
0.316227766016838
0.161254848305441
-0.316039338714443
-0.314533267341942
-0.301086042476111
0.280005780898463
0.038117045120227
0.297569586382327
-0.112135911248114
-0.188513644129998
0.316227766016838
0.142103398011936
-0.311528301712892
-0.274766501268817
-0.005458293913530
-0.236699881733739
0.179637845811714
-0.048929711878002
-0.307038761856969
0.016368376988583
0.316227766016838
0.122274760313372
-0.293698510989022
-0.132267892236033
0.304243688643195
0.179637845811714
-0.307038761856969
-0.250603181350272
-0.236699881733739
0.213752148541176
0.316227766016838
0.101863427698294
-0.263312242683607
0.059684068173466
-0.170547969677806
-0.112135911248114
0.280005780898463
0.289477429529899
0.038117045120227
0.313217418085553
0.316227766016838
0.080966669461882
-0.221668599388210
0.229320883576290
-0.205580965219268
0.038117045120227
-0.112135911248114
-0.027258953559451
0.280005780898462
0.269199777207111
0.316227766016838
0.059684068173466
-0.170547969677806
0.313217418085553
0.289477429529899
0.038117045120227
-0.112135911248114
-0.263312242683607
0.280005780898463
0.101863427698294
0.316227766016838
0.038117045120227
-0.112135911248114
0.280005780898463
0.038117045120227
-0.112135911248114
0.280005780898463
0.280005780898463
0.038117045120227
-0.112135911248114
0.316227766016838
0.016368376988583
-0.048929711878002
0.142103398011936
-0.311528301712892
0.179637845811714
-0.307038761856969
-0.005458293913530
-0.236699881733739
-0.274766501268817
0.316227766016838
-0.005458293913530
0.016368376988583
-0.048929711878002
0.142103398011936
-0.236699881733739
0.179637845811714
-0.274766501268817
-0.307038761856969
-0.311528301712892
0.316227766016838
-0.027258953559451
0.080966669461882
-0.221668599388210
0.229320883576290
0.280005780898462
0.038117045120227
0.269199777207111
-0.112135911248114
-0.205580965219268
0.316227766016838
-0.048929711878002
0.142103398011936
-0.311528301712892
-0.274766501268817
-0.307038761856969
-0.236699881733739
0.016368376988583
0.179637845811714
-0.005458293913530
0.316227766016838
-0.070367297836986
0.197164787176068
-0.284911372347502
-0.070367297836986
0.316227766016838
0.316227766016838
-0.284911372347502
0.316227766016838
0.197164787176068
0.316227766016838
-0.091469551576684
0.243796800169005
-0.151769556482979
0.315474281359635
-0.307038761856969
-0.236699881733739
0.257110913984460
0.179637845811714
0.309467931175862
0.316227766016838
-0.112135911248114
0.280005780898463
0.038117045120227
-0.112135911248114
0.280005780898463
0.038117045120227
0.038117045120227
-0.112135911248114
0.280005780898463
0.316227766016838
-0.132267892236033
0.304243688643195
0.213752148541176
-0.250603181350272
-0.236699881733739
0.179637845811714
-0.293698510989022
-0.307038761856969
0.122274760313372
0.316227766016838
-0.151769556482979
0.315474281359635
0.309467931175862
0.257110913984460
0.179637845811714
-0.307038761856969
0.243796800169005
-0.236699881733739
-0.091469551576684
0.316227766016838
-0.170547969677806
0.313217418085553
0.289477429529899
0.101863427698294
-0.112135911248114
0.280005780898462
0.059684068173466
0.038117045120227
-0.263312242683607
0.316227766016838
-0.188513644129998
0.297569586382327
0.161254848305441
-0.316039338714443
0.038117045120227
-0.112135911248114
-0.301086042476111
0.280005780898463
-0.314533267341942
0.316227766016838
-0.205580965219268
0.269199777207111
-0.027258953559451
0.080966669461882
0.038117045120227
-0.112135911248114
0.229320883576290
0.280005780898462
-0.221668599388210
0.316227766016838
-0.221668599388210
0.229320883576290
-0.205580965219268
0.269199777207111
-0.112135911248114
0.280005780898463
0.080966669461882
0.038117045120227
-0.027258953559451
0.316227766016838
-0.236699881733739
0.179637845811714
-0.307038761856969
-0.236699881733739
0.179637845811714
-0.307038761856969
-0.307038761856969
-0.236699881733739
0.179637845811714
0.316227766016838
-0.250603181350272
0.122274760313372
-0.293698510989022
-0.132267892236033
-0.236699881733739
0.179637845811714
0.213752148541176
-0.307038761856969
0.304243688643195
0.316227766016838
-0.263312242683607
0.059684068173466
-0.170547969677806
0.313217418085553
0.280005780898462
0.038117045120227
0.101863427698294
-0.112135911248114
0.289477429529899
0.316227766016838
-0.274766501268817
-0.005458293913530
0.016368376988583
-0.048929711878002
-0.307038761856969
-0.236699881733739
-0.311528301712892
0.179637845811714
0.142103398011936
0.316227766016838
-0.284911372347502
-0.070367297836986
0.197164787176068
-0.284911372347502
0.316227766016838
0.316227766016838
0.197164787176068
0.316227766016838
-0.070367297836986
0.316227766016838
-0.293698510989022
-0.132267892236033
0.304243688643195
0.213752148541176
-0.307038761856969
-0.236699881733739
0.122274760313372
0.179637845811714
-0.250603181350272
0.316227766016838
-0.301086042476111
-0.188513644129998
0.297569586382327
0.161254848305441
0.280005780898462
0.038117045120227
-0.314533267341942
-0.112135911248114
-0.316039338714443
0.316227766016838
-0.307038761856969
-0.236699881733739
0.179637845811714
-0.307038761856969
-0.236699881733739
0.179637845811714
0.179637845811714
-0.307038761856969
-0.236699881733739
0.316227766016838
-0.311528301712892
-0.274766501268817
-0.005458293913530
0.016368376988583
0.179637845811714
-0.307038761856969
0.142103398011936
-0.236699881733739
-0.048929711878002
0.316227766016838
-0.314533267341942
-0.301086042476111
-0.188513644129998
0.297569586382327
-0.112135911248114
0.280005780898462
-0.316039338714443
0.038117045120227
0.161254848305441
0.316227766016838
-0.316039338714443
-0.314533267341942
-0.301086042476111
-0.188513644129998
0.038117045120227
-0.112135911248114
0.161254848305441
0.280005780898463
0.297569586382327
0.316227766016838
-0.316039338714443
-0.314533267341942
-0.301086042476111
-0.188513644129998
0.038117045120227
-0.112135911248114
0.161254848305441
0.280005780898463
0.297569586382327
0.316227766016838
-0.314533267341942
-0.301086042476111
-0.188513644129998
0.297569586382327
-0.112135911248114
0.280005780898463
-0.316039338714443
0.038117045120227
0.161254848305441
0.316227766016838
-0.311528301712892
-0.274766501268817
-0.005458293913530
0.016368376988583
0.179637845811714
-0.307038761856969
0.142103398011936
-0.236699881733739
-0.048929711878002
0.316227766016838
-0.307038761856969
-0.236699881733739
0.179637845811714
-0.307038761856969
-0.236699881733739
0.179637845811714
0.179637845811714
-0.307038761856969
-0.236699881733739
0.316227766016838
-0.301086042476111
-0.188513644129998
0.297569586382327
0.161254848305441
0.280005780898462
0.038117045120227
-0.314533267341942
-0.112135911248114
-0.316039338714443
0.316227766016838
-0.293698510989022
-0.132267892236033
0.304243688643195
0.213752148541176
-0.307038761856969
-0.236699881733739
0.122274760313372
0.179637845811714
-0.250603181350272
0.316227766016838
-0.284911372347502
-0.070367297836986
0.197164787176068
-0.284911372347502
0.316227766016838
0.316227766016838
0.197164787176068
0.316227766016838
-0.070367297836986
0.316227766016838
-0.274766501268817
-0.005458293913530
0.016368376988583
-0.048929711878002
-0.307038761856969
-0.236699881733739
-0.311528301712892
0.179637845811714
0.142103398011936
0.316227766016838
-0.263312242683607
0.059684068173466
-0.170547969677806
0.313217418085553
0.280005780898463
0.038117045120227
0.101863427698293
-0.112135911248114
0.289477429529899
0.316227766016838
-0.250603181350272
0.122274760313372
-0.293698510989022
-0.132267892236033
-0.236699881733739
0.179637845811714
0.213752148541176
-0.307038761856969
0.304243688643195
0.316227766016838
-0.236699881733739
0.179637845811714
-0.307038761856969
-0.236699881733739
0.179637845811714
-0.307038761856969
-0.307038761856969
-0.236699881733739
0.179637845811714
0.316227766016838
-0.221668599388210
0.229320883576290
-0.205580965219268
0.269199777207111
-0.112135911248114
0.280005780898463
0.080966669461882
0.038117045120227
-0.027258953559451
0.316227766016838
-0.205580965219268
0.269199777207111
-0.027258953559451
0.080966669461882
0.038117045120227
-0.112135911248114
0.229320883576290
0.280005780898462
-0.221668599388210
0.316227766016838
-0.188513644129998
0.297569586382327
0.161254848305441
-0.316039338714443
0.038117045120227
-0.112135911248114
-0.301086042476111
0.280005780898462
-0.314533267341942
0.316227766016838
-0.170547969677806
0.313217418085553
0.289477429529899
0.101863427698294
-0.112135911248114
0.280005780898463
0.059684068173466
0.038117045120227
-0.263312242683607
0.316227766016838
-0.151769556482979
0.315474281359635
0.309467931175862
0.257110913984460
0.179637845811714
-0.307038761856969
0.243796800169005
-0.236699881733739
-0.091469551576684
0.316227766016838
-0.132267892236033
0.304243688643195
0.213752148541176
-0.250603181350272
-0.236699881733739
0.179637845811714
-0.293698510989022
-0.307038761856969
0.122274760313372
0.316227766016838
-0.112135911248114
0.280005780898463
0.038117045120227
-0.112135911248114
0.280005780898463
0.038117045120227
0.038117045120227
-0.112135911248114
0.280005780898463
0.316227766016838
-0.091469551576684
0.243796800169005
-0.151769556482979
0.315474281359635
-0.307038761856969
-0.236699881733739
0.257110913984460
0.179637845811714
0.309467931175862
0.316227766016838
-0.070367297836986
0.197164787176068
-0.284911372347502
-0.070367297836986
0.316227766016838
0.316227766016838
-0.284911372347502
0.316227766016838
0.197164787176068
0.316227766016838
-0.048929711878002
0.142103398011936
-0.311528301712892
-0.274766501268817
-0.307038761856969
-0.236699881733739
0.016368376988583
0.179637845811714
-0.005458293913530
0.316227766016838
-0.027258953559451
0.080966669461882
-0.221668599388210
0.229320883576290
0.280005780898462
0.038117045120227
0.269199777207111
-0.112135911248114
-0.205580965219268
0.316227766016838
-0.005458293913530
0.016368376988583
-0.048929711878002
0.142103398011936
-0.236699881733739
0.179637845811714
-0.274766501268817
-0.307038761856969
-0.311528301712892
0.316227766016838
0.016368376988583
-0.048929711878002
0.142103398011936
-0.311528301712892
0.179637845811714
-0.307038761856969
-0.005458293913530
-0.236699881733739
-0.274766501268817
0.316227766016838
0.038117045120227
-0.112135911248114
0.280005780898463
0.038117045120227
-0.112135911248114
0.280005780898463
0.280005780898463
0.038117045120227
-0.112135911248114
0.316227766016838
0.059684068173466
-0.170547969677806
0.313217418085553
0.289477429529899
0.038117045120227
-0.112135911248114
-0.263312242683607
0.280005780898462
0.101863427698294
0.316227766016838
0.080966669461882
-0.221668599388210
0.229320883576290
-0.205580965219268
0.038117045120227
-0.112135911248114
-0.027258953559451
0.280005780898463
0.269199777207111
0.316227766016838
0.101863427698294
-0.263312242683607
0.059684068173466
-0.170547969677806
-0.112135911248114
0.280005780898462
0.289477429529899
0.038117045120227
0.313217418085553
0.316227766016838
0.122274760313372
-0.293698510989022
-0.132267892236033
0.304243688643195
0.179637845811714
-0.307038761856969
-0.250603181350272
-0.236699881733739
0.213752148541176
0.316227766016838
0.142103398011936
-0.311528301712892
-0.274766501268817
-0.005458293913530
-0.236699881733739
0.179637845811714
-0.048929711878002
-0.307038761856969
0.016368376988583
0.316227766016838
0.161254848305441
-0.316039338714443
-0.314533267341942
-0.301086042476111
0.280005780898463
0.038117045120227
0.297569586382327
-0.112135911248114
-0.188513644129998
0.316227766016838
0.179637845811714
-0.307038761856969
-0.236699881733739
0.179637845811714
-0.307038761856969
-0.236699881733739
-0.236699881733739
0.179637845811714
-0.307038761856969
0.316227766016838
0.197164787176068
-0.284911372347502
-0.070367297836986
0.197164787176068
0.316227766016838
0.316227766016838
-0.070367297836986
0.316227766016838
-0.284911372347502
0.316227766016838
0.213752148541176
-0.250603181350272
0.122274760313372
-0.293698510989022
-0.307038761856969
-0.236699881733739
0.304243688643195
0.179637845811714
-0.132267892236033
0.316227766016838
0.229320883576290
-0.205580965219268
0.269199777207111
-0.027258953559451
0.280005780898462
0.038117045120227
-0.221668599388210
-0.112135911248114
0.080966669461882
0.316227766016838
0.243796800169005
-0.151769556482979
0.315474281359635
0.309467931175862
-0.236699881733739
0.179637845811714
-0.091469551576684
-0.307038761856969
0.257110913984460
0.316227766016838
0.257110913984460
-0.091469551576684
0.243796800169005
-0.151769556482979
0.179637845811714
-0.307038761856969
0.309467931175862
-0.236699881733739
0.315474281359635
0.316227766016838
0.269199777207111
-0.027258953559451
0.080966669461882
-0.221668599388210
-0.112135911248114
0.280005780898463
-0.205580965219268
0.038117045120227
0.229320883576290
0.316227766016838
0.280005780898462
0.038117045120227
-0.112135911248114
0.280005780898462
0.038117045120227
-0.112135911248114
-0.112135911248114
0.280005780898462
0.038117045120227
0.316227766016838
0.289477429529899
0.101863427698294
-0.263312242683607
0.059684068173466
0.038117045120227
-0.112135911248114
0.313217418085553
0.280005780898462
-0.170547969677806
0.316227766016838
0.297569586382327
0.161254848305441
-0.316039338714443
-0.314533267341942
-0.112135911248114
0.280005780898463
-0.188513644129998
0.038117045120227
-0.301086042476111
0.316227766016838
0.304243688643195
0.213752148541176
-0.250603181350272
0.122274760313372
0.179637845811714
-0.307038761856969
-0.132267892236033
-0.236699881733739
-0.293698510989022
0.316227766016838
0.309467931175862
0.257110913984460
-0.091469551576684
0.243796800169005
-0.236699881733739
0.179637845811714
0.315474281359635
-0.307038761856969
-0.151769556482979
0.316227766016838
0.313217418085553
0.289477429529899
0.101863427698294
-0.263312242683607
0.280005780898462
0.038117045120227
-0.170547969677806
-0.112135911248114
0.059684068173466
0.316227766016838
0.315474281359635
0.309467931175862
0.257110913984460
-0.091469551576684
-0.307038761856969
-0.236699881733739
-0.151769556482979
0.179637845811714
0.243796800169005
0.000000000000000
0.000000000000000
0.000000000000000
0.000000000000000
0.000000000000000
0.000000000000000
0.000000000000000
0.000000000000000
0.000000000000000
0.000000000000000
0.000000000000000
-0.021816915469925
-0.065035371712105
-0.184103171917475
-0.302709962066597
0.075678257890490
0.209697796810634
0.277427471107243
0.260250349379452
0.201402880384949
0.000000000000000
-0.043529863402266
-0.127290289467666
-0.299372413721696
0.175118996265194
-0.146958370511660
-0.313922109561118
-0.266295681599943
0.295678097613866
0.310544380091260
0.000000000000000
-0.065035371712105
-0.184103171917475
-0.302709962066597
0.201402880384949
0.209697796810634
0.260250349379452
-0.021816915469925
0.075678257890490
0.277427471107243
0.000000000000000
-0.086230956858790
-0.233045100772428
-0.192867948340627
-0.291631416329427
-0.260250349379452
-0.075678257890490
0.287237192374938
-0.209697796810634
0.117222799159682
0.000000000000000
-0.107015612226679
-0.272023664224253
-0.010914961517918
-0.032692869791473
0.295678097613866
-0.146958370511660
-0.253894871899431
-0.313922109561118
-0.096680892766220
0.000000000000000
-0.127290289467666
-0.299372413721696
0.175118996265194
0.310544380091260
-0.313922109561118
0.295678097613866
-0.043529863402266
-0.146958370511660
-0.266295681599943
0.000000000000000
-0.146958370511660
-0.313922109561118
0.295678097613866
-0.146958370511660
0.313922109561118
-0.295678097613866
0.295678097613866
0.146958370511660
-0.313922109561118
0.000000000000000
-0.165926127995689
-0.315050709332392
0.305686765229132
-0.225528339782985
-0.295678097613866
0.146958370511660
-0.240284137511227
0.313922109561118
-0.217742812409020
0.000000000000000
-0.184103171917475
-0.302709962066596
0.201402880384949
0.277427471107243
0.260250349379452
0.075678257890490
-0.065035371712105
0.209697796810634
-0.021816915469925
0.000000000000000
-0.201402880384949
-0.277427471107243
0.021816915469925
0.065035371712105
-0.209697796810634
-0.260250349379452
0.302709962066596
-0.075678257890490
0.184103171917475
0.000000000000000
-0.217742812409020
-0.240284137511227
-0.165926127995689
-0.315050709332392
0.146958370511660
0.313922109561118
-0.225528339782985
-0.295678097613866
0.305686765229132
0.000000000000000
-0.233045100772428
-0.192867948340627
-0.291631416329427
0.117222799159682
-0.075678257890490
-0.209697796810634
-0.086230956858790
-0.260250349379452
0.287237192374938
0.000000000000000
-0.247236823102498
-0.137206085532178
-0.308299275696718
0.247236823102498
0.000000000000000
0.000000000000000
0.308299275696718
0.000000000000000
0.137206085532178
0.000000000000000
-0.260250349379452
-0.075678257890490
-0.209697796810634
-0.260250349379452
0.075678257890490
0.209697796810634
-0.209697796810634
0.260250349379452
-0.075678257890490
0.000000000000000
-0.272023664224253
-0.010914961517918
-0.032692869791473
-0.096680892766220
-0.146958370511660
-0.313922109561118
-0.107015612226679
0.295678097613866
-0.253894871899431
0.000000000000000
-0.282500662430128
0.054314981652222
0.156535522423804
0.316180655682085
0.209697796810634
0.260250349379452
0.312419402879424
0.075678257890490
-0.315803857219572
0.000000000000000
-0.291631416329427
0.117222799159682
0.287237192374938
-0.086230956858790
-0.260250349379452
-0.075678257890490
-0.192867948340627
-0.209697796810634
-0.233045100772428
0.000000000000000
-0.299372413721696
0.175118996265194
0.310544380091260
-0.266295681599943
0.295678097613866
-0.146958370511660
-0.127290289467666
-0.313922109561118
-0.043529863402266
0.000000000000000
-0.305686765229132
0.225528339782985
0.217742812409020
0.240284137511227
-0.313922109561118
0.295678097613866
0.315050709332393
-0.146958370511660
0.165926127995690
0.000000000000000
-0.310544380091260
0.266295681599943
0.043529863402266
0.127290289467666
0.313922109561118
-0.295678097613866
-0.175118996265194
0.146958370511659
0.299372413721696
0.000000000000000
-0.313922109561118
0.295678097613866
-0.146958370511660
-0.313922109561118
-0.295678097613866
0.146958370511660
-0.146958370511660
0.313922109561118
0.295678097613866
0.000000000000000
-0.315803857219572
0.312419402879424
-0.282500662430128
0.054314981652222
0.260250349379452
0.075678257890490
0.316180655682085
0.209697796810634
0.156535522423804
0.000000000000000
-0.316180655682086
0.315803857219572
-0.312419402879424
0.282500662430128
-0.209697796810634
-0.260250349379452
-0.156535522423804
-0.075678257890490
-0.054314981652222
0.000000000000000
-0.315050709332392
0.305686765229132
-0.225528339782985
-0.217742812409020
0.146958370511660
0.313922109561118
-0.165926127995689
-0.295678097613866
-0.240284137511227
0.000000000000000
-0.312419402879424
0.282500662430128
-0.054314981652222
-0.156535522423804
-0.075678257890490
-0.209697796810634
0.315803857219572
-0.260250349379452
-0.316180655682085
0.000000000000000
-0.308299275696718
0.247236823102498
0.137206085532178
0.308299275696718
0.000000000000000
-0.000000000000000
-0.137206085532178
0.000000000000000
-0.247236823102498
0.000000000000000
-0.302709962066597
0.201402880384949
0.277427471107243
-0.021816915469925
0.075678257890490
0.209697796810634
-0.184103171917475
0.260250349379452
-0.065035371712105
0.000000000000000
-0.295678097613866
0.146958370511660
0.313922109561118
-0.295678097613866
-0.146958370511660
-0.313922109561118
0.313922109561118
0.295678097613866
0.146958370511660
0.000000000000000
-0.287237192374938
0.086230956858790
0.233045100772428
0.192867948340627
0.209697796810634
0.260250349379452
-0.117222799159682
0.075678257890490
0.291631416329427
0.000000000000000
-0.277427471107243
0.021816915469925
0.065035371712105
0.184103171917475
-0.260250349379452
-0.075678257890490
-0.201402880384949
-0.209697796810634
0.302709962066597
0.000000000000000
-0.266295681599943
-0.043529863402266
-0.127290289467666
-0.299372413721696
0.295678097613866
-0.146958370511660
0.310544380091260
-0.313922109561118
0.175118996265194
0.000000000000000
-0.253894871899431
-0.107015612226679
-0.272023664224253
-0.010914961517918
-0.313922109561118
0.295678097613866
-0.096680892766220
-0.146958370511660
-0.032692869791473
0.000000000000000
-0.240284137511227
-0.165926127995690
-0.315050709332393
0.305686765229132
0.313922109561118
-0.295678097613866
-0.217742812409020
0.146958370511660
-0.225528339782985
0.000000000000000
-0.225528339782985
-0.217742812409020
-0.240284137511227
-0.165926127995690
-0.295678097613866
0.146958370511660
0.305686765229132
0.313922109561118
-0.315050709332392
0.000000000000000
-0.209697796810634
-0.260250349379452
-0.075678257890490
-0.209697796810634
0.260250349379452
0.075678257890490
-0.075678257890490
0.209697796810634
-0.260250349379452
0.000000000000000
-0.192867948340627
-0.291631416329427
0.117222799159682
0.287237192374938
-0.209697796810634
-0.260250349379452
-0.233045100772428
-0.075678257890490
-0.086230956858790
0.000000000000000
-0.175118996265194
-0.310544380091260
0.266295681599943
0.043529863402266
0.146958370511660
0.313922109561118
0.299372413721696
-0.295678097613866
0.127290289467666
0.000000000000000
-0.156535522423804
-0.316180655682085
0.315803857219572
-0.312419402879424
-0.075678257890490
-0.209697796810634
-0.054314981652222
-0.260250349379452
0.282500662430128
0.000000000000000
-0.137206085532178
-0.308299275696718
0.247236823102498
0.137206085532178
0.000000000000000
0.000000000000000
-0.247236823102498
0.000000000000000
0.308299275696718
0.000000000000000
-0.117222799159682
-0.287237192374938
0.086230956858790
0.233045100772428
0.075678257890490
0.209697796810634
0.291631416329427
0.260250349379452
0.192867948340627
0.000000000000000
-0.096680892766220
-0.253894871899431
-0.107015612226679
-0.272023664224253
-0.146958370511659
-0.313922109561118
-0.032692869791473
0.295678097613866
-0.010914961517917
0.000000000000000
-0.075678257890490
-0.209697796810634
-0.260250349379452
-0.075678257890490
0.209697796810634
0.260250349379452
-0.260250349379452
0.075678257890490
-0.209697796810634
0.000000000000000
-0.054314981652222
-0.156535522423804
-0.316180655682085
0.315803857219572
-0.260250349379452
-0.075678257890490
0.282500662430128
-0.209697796810634
-0.312419402879424
0.000000000000000
-0.032692869791473
-0.096680892766220
-0.253894871899431
-0.107015612226679
0.295678097613866
-0.146958370511660
-0.010914961517918
-0.313922109561118
-0.272023664224253
0.000000000000000
-0.010914961517918
-0.032692869791473
-0.096680892766220
-0.253894871899431
-0.313922109561118
0.295678097613866
-0.272023664224253
-0.146958370511660
-0.107015612226679
0.000000000000000
0.010914961517918
0.032692869791473
0.096680892766220
0.253894871899431
0.313922109561118
-0.295678097613866
0.272023664224253
0.146958370511660
0.107015612226679
0.000000000000000
0.032692869791473
0.096680892766220
0.253894871899431
0.107015612226679
-0.295678097613866
0.146958370511659
0.010914961517917
0.313922109561118
0.272023664224253
0.000000000000000
0.054314981652222
0.156535522423804
0.316180655682085
-0.315803857219572
0.260250349379452
0.075678257890490
-0.282500662430128
0.209697796810634
0.312419402879424
0.000000000000000
0.075678257890490
0.209697796810634
0.260250349379452
0.075678257890490
-0.209697796810634
-0.260250349379452
0.260250349379452
-0.075678257890490
0.209697796810634
0.000000000000000
0.096680892766220
0.253894871899431
0.107015612226679
0.272023664224253
0.146958370511660
0.313922109561118
0.032692869791474
-0.295678097613866
0.010914961517918
0.000000000000000
0.117222799159682
0.287237192374938
-0.086230956858790
-0.233045100772428
-0.075678257890490
-0.209697796810634
-0.291631416329427
-0.260250349379452
-0.192867948340627
0.000000000000000
0.137206085532178
0.308299275696718
-0.247236823102498
-0.137206085532178
0.000000000000000
0.000000000000000
0.247236823102498
-0.000000000000000
-0.308299275696718
0.000000000000000
0.156535522423804
0.316180655682086
-0.315803857219572
0.312419402879424
0.075678257890490
0.209697796810634
0.054314981652222
0.260250349379452
-0.282500662430128
0.000000000000000
0.175118996265194
0.310544380091260
-0.266295681599943
-0.043529863402266
-0.146958370511660
-0.313922109561118
-0.299372413721696
0.295678097613866
-0.127290289467666
0.000000000000000
0.192867948340627
0.291631416329427
-0.117222799159682
-0.287237192374938
0.209697796810634
0.260250349379452
0.233045100772428
0.075678257890490
0.086230956858790
0.000000000000000
0.209697796810634
0.260250349379452
0.075678257890490
0.209697796810634
-0.260250349379452
-0.075678257890490
0.075678257890490
-0.209697796810634
0.260250349379452
0.000000000000000
0.225528339782985
0.217742812409020
0.240284137511227
0.165926127995690
0.295678097613866
-0.146958370511660
-0.305686765229132
-0.313922109561118
0.315050709332392
0.000000000000000
0.240284137511227
0.165926127995689
0.315050709332393
-0.305686765229132
-0.313922109561118
0.295678097613866
0.217742812409020
-0.146958370511660
0.225528339782985
0.000000000000000
0.253894871899431
0.107015612226679
0.272023664224253
0.010914961517918
0.313922109561118
-0.295678097613866
0.096680892766220
0.146958370511660
0.032692869791473
0.000000000000000
0.266295681599943
0.043529863402266
0.127290289467666
0.299372413721696
-0.295678097613866
0.146958370511660
-0.310544380091260
0.313922109561118
-0.175118996265194
0.000000000000000
0.277427471107243
-0.021816915469925
-0.065035371712105
-0.184103171917475
0.260250349379452
0.075678257890490
0.201402880384949
0.209697796810634
-0.302709962066597
0.000000000000000
0.287237192374938
-0.086230956858790
-0.233045100772428
-0.192867948340627
-0.209697796810634
-0.260250349379452
0.117222799159682
-0.075678257890490
-0.291631416329427
0.000000000000000
0.295678097613866
-0.146958370511660
-0.313922109561118
0.295678097613866
0.146958370511660
0.313922109561118
-0.313922109561118
-0.295678097613866
-0.146958370511660
0.000000000000000
0.302709962066597
-0.201402880384949
-0.277427471107243
0.021816915469925
-0.075678257890490
-0.209697796810634
0.184103171917475
-0.260250349379452
0.065035371712105
0.000000000000000
0.308299275696718
-0.247236823102498
-0.137206085532178
-0.308299275696718
-0.000000000000000
-0.000000000000000
0.137206085532178
-0.000000000000000
0.247236823102498
0.000000000000000
0.312419402879424
-0.282500662430128
0.054314981652222
0.156535522423804
0.075678257890490
0.209697796810634
-0.315803857219572
0.260250349379452
0.316180655682086
0.000000000000000
0.315050709332393
-0.305686765229132
0.225528339782985
0.217742812409020
-0.146958370511660
-0.313922109561118
0.165926127995690
0.295678097613866
0.240284137511227
0.000000000000000
0.316180655682085
-0.315803857219572
0.312419402879424
-0.282500662430128
0.209697796810634
0.260250349379452
0.156535522423804
0.075678257890490
0.054314981652222
0.000000000000000
0.315803857219572
-0.312419402879424
0.282500662430128
-0.054314981652222
-0.260250349379452
-0.075678257890490
-0.316180655682086
-0.209697796810634
-0.156535522423804
0.000000000000000
0.313922109561118
-0.295678097613866
0.146958370511660
0.313922109561118
0.295678097613866
-0.146958370511660
0.146958370511660
-0.313922109561118
-0.295678097613866
0.000000000000000
0.310544380091260
-0.266295681599943
-0.043529863402266
-0.127290289467666
-0.313922109561118
0.295678097613866
0.175118996265194
-0.146958370511660
-0.299372413721696
0.000000000000000
0.305686765229132
-0.225528339782985
-0.217742812409020
-0.240284137511227
0.313922109561118
-0.295678097613866
-0.315050709332393
0.146958370511660
-0.165926127995689
0.000000000000000
0.299372413721696
-0.175118996265194
-0.310544380091260
0.266295681599943
-0.295678097613866
0.146958370511660
0.127290289467666
0.313922109561118
0.043529863402266
0.000000000000000
0.291631416329427
-0.117222799159682
-0.287237192374938
0.086230956858790
0.260250349379452
0.075678257890490
0.192867948340627
0.209697796810634
0.233045100772428
0.000000000000000
0.282500662430128
-0.054314981652222
-0.156535522423804
-0.316180655682085
-0.209697796810634
-0.260250349379452
-0.312419402879424
-0.075678257890490
0.315803857219572
0.000000000000000
0.272023664224253
0.010914961517917
0.032692869791473
0.096680892766220
0.146958370511659
0.313922109561118
0.107015612226679
-0.295678097613866
0.253894871899431
0.000000000000000
0.260250349379452
0.075678257890490
0.209697796810634
0.260250349379452
-0.075678257890490
-0.209697796810634
0.209697796810634
-0.260250349379452
0.075678257890490
0.000000000000000
0.247236823102498
0.137206085532178
0.308299275696718
-0.247236823102498
0.000000000000000
-0.000000000000000
-0.308299275696718
0.000000000000000
-0.137206085532178
0.000000000000000
0.233045100772428
0.192867948340627
0.291631416329427
-0.117222799159682
0.075678257890490
0.209697796810634
0.086230956858790
0.260250349379452
-0.287237192374938
0.000000000000000
0.217742812409020
0.240284137511227
0.165926127995690
0.315050709332392
-0.146958370511660
-0.313922109561118
0.225528339782985
0.295678097613866
-0.305686765229132
0.000000000000000
0.201402880384949
0.277427471107243
-0.021816915469925
-0.065035371712105
0.209697796810634
0.260250349379452
-0.302709962066597
0.075678257890490
-0.184103171917475
0.000000000000000
0.184103171917475
0.302709962066597
-0.201402880384949
-0.277427471107243
-0.260250349379452
-0.075678257890490
0.065035371712105
-0.209697796810634
0.021816915469925
0.000000000000000
0.165926127995689
0.315050709332393
-0.305686765229132
0.225528339782985
0.295678097613866
-0.146958370511660
0.240284137511227
-0.313922109561118
0.217742812409020
0.000000000000000
0.146958370511660
0.313922109561118
-0.295678097613866
0.146958370511660
-0.313922109561118
0.295678097613866
-0.295678097613866
-0.146958370511660
0.313922109561118
0.000000000000000
0.127290289467666
0.299372413721696
-0.175118996265194
-0.310544380091260
0.313922109561118
-0.295678097613866
0.043529863402266
0.146958370511660
0.266295681599943
0.000000000000000
0.107015612226679
0.272023664224253
0.010914961517918
0.032692869791473
-0.295678097613866
0.146958370511660
0.253894871899431
0.313922109561118
0.096680892766220
0.000000000000000
0.086230956858790
0.233045100772428
0.192867948340627
0.291631416329427
0.260250349379452
0.075678257890490
-0.287237192374938
0.209697796810634
-0.117222799159682
0.000000000000000
0.065035371712105
0.184103171917475
0.302709962066597
-0.201402880384949
-0.209697796810634
-0.260250349379452
0.021816915469925
-0.075678257890490
-0.277427471107243
0.000000000000000
0.043529863402266
0.127290289467666
0.299372413721696
-0.175118996265194
0.146958370511660
0.313922109561118
0.266295681599943
-0.295678097613866
-0.310544380091260
0.000000000000000
0.021816915469925
0.065035371712105
0.184103171917475
0.302709962066597
-0.075678257890490
-0.209697796810634
-0.277427471107243
-0.260250349379452
-0.201402880384949
