0.456592091979322
-0.016412076329732
0.086639863828815
0.321999127707970
0.172066376202843
0.131508287338952
-0.177858647087864
0.134393533706555
0.222725698693009
-0.012038699913270
-0.008154617982066
-0.008154617982066
0.456592091979322
-0.016412076329732
0.086639863828815
0.321999127707970
0.172066376202843
0.131508287338952
-0.177858647087864
0.134393533706555
0.222725698693009
-0.012038699913270
-0.012038699913270
-0.008154617982066
0.456592091979322
-0.016412076329732
0.086639863828815
0.321999127707970
0.172066376202843
0.131508287338952
-0.177858647087864
0.134393533706555
0.222725698693009
0.222725698693009
-0.012038699913270
-0.008154617982066
0.456592091979322
-0.016412076329732
0.086639863828815
0.321999127707970
0.172066376202843
0.131508287338952
-0.177858647087864
0.134393533706555
0.134393533706555
0.222725698693009
-0.012038699913270
-0.008154617982066
0.456592091979322
-0.016412076329732
0.086639863828815
0.321999127707970
0.172066376202843
0.131508287338952
-0.177858647087864
-0.177858647087864
0.134393533706555
0.222725698693009
-0.012038699913270
-0.008154617982066
0.456592091979322
-0.016412076329732
0.086639863828815
0.321999127707970
0.172066376202843
0.131508287338952
0.131508287338952
-0.177858647087864
0.134393533706555
0.222725698693009
-0.012038699913270
-0.008154617982066
0.456592091979322
-0.016412076329732
0.086639863828815
0.321999127707970
0.172066376202843
0.172066376202843
0.131508287338952
-0.177858647087864
0.134393533706555
0.222725698693009
-0.012038699913270
-0.008154617982066
0.456592091979322
-0.016412076329732
0.086639863828815
0.321999127707970
0.321999127707970
0.172066376202843
0.131508287338952
-0.177858647087864
0.134393533706555
0.222725698693009
-0.012038699913270
-0.008154617982066
0.456592091979322
-0.016412076329732
0.086639863828815
0.086639863828815
0.321999127707970
0.172066376202843
0.131508287338952
-0.177858647087864
0.134393533706555
0.222725698693009
-0.012038699913270
-0.008154617982066
0.456592091979322
-0.016412076329732
-0.016412076329732
0.086639863828815
0.321999127707970
0.172066376202843
0.131508287338952
-0.177858647087864
0.134393533706555
0.222725698693009
-0.012038699913270
-0.008154617982066
0.456592091979322
0.456592091979322
0.105395828609033
0.082625751341203
-0.077566370224736
0.222339884451504
-0.195108804295451
0.048859082207270
0.041749746872560
-0.071700204340704
-0.066352549500643
0.019967650554076
-0.008154617982066
0.384109710440384
0.193741302655769
0.038415198347078
-0.235099597825815
-0.040206072465922
-0.057253751052151
-0.210243411111991
0.150821685435696
0.055761374256666
-0.046591928803017
-0.012038699913270
-0.033687852926679
0.189675209826149
0.220575282019929
-0.017991908693422
-0.317990364251577
-0.289986885457951
0.098778963614534
-0.402595106912152
0.212008804528106
0.165519110518589
0.222725698693009
0.026336731137551
-0.048525432594066
-0.064979829726898
0.177378167853229
-0.068686711848514
-0.299921436840012
-0.447698911266502
0.223450055272409
-0.467125700868799
0.205884626165472
0.134393533706555
0.209218451236985
0.056350436138650
-0.047956530277160
-0.299004232467192
0.077864738687374
-0.097573969308816
-0.186629572375351
-0.463269696037286
0.277177333203940
-0.383347185352085
-0.177858647087864
0.020233443875140
0.129285823780155
0.068473275818883
-0.032161768441906
-0.438096904062104
-0.046370194845769
-0.095482180938292
-0.014084137343061
-0.331755625623487
0.242902766284671
0.131508287338952
0.084098754937606
-0.100350621423950
0.008305860763104
0.058856334235668
-0.006155872370544
-0.438096904062104
-0.155882919151521
-0.063075474764713
0.162932911781891
-0.094911488147468
0.172066376202843
-0.021639143643728
0.319355396483793
-0.189074073464544
-0.115311154359824
0.030552922391615
0.021804469683150
-0.299004232467192
-0.215903918042740
-0.010642751023345
0.288219912645035
0.321999127707970
0.384414381871669
-0.167916299414407
0.453218956103782
-0.217767843113710
-0.202317692723191
-0.007450826435143
0.042842046675464
-0.064979829726898
-0.207376948459576
0.045168970969850
0.086639863828815
0.253545894860741
0.474713537438470
-0.260881216560888
0.443188699452939
-0.177321861248326
-0.225089793155452
-0.043088990513766
0.050277576555756
0.189675209826148
-0.133009262995997
-0.016412076329732
0.100603212090157
0.104593631864914
0.414294499034131
-0.271018190747881
0.292449162147502
-0.080577441333000
-0.176397474669337
-0.065046704556527
0.041750331123975
0.384109710440384
0.456592091979322
0.193741302655769
-0.017991908693422
-0.299921436840012
-0.463269696037286
0.242902766284671
0.084098754937606
-0.189074073464544
-0.202317692723191
-0.043088990513766
0.041750331123975
-0.008154617982066
0.189675209826149
0.177378167853229
-0.097573969308816
-0.014084137343061
-0.094911488147468
-0.021639143643728
0.453218956103782
-0.177321861248326
-0.176397474669337
-0.066352549500643
-0.012038699913270
-0.048525432594066
-0.299004232467192
-0.046370194845769
-0.063075474764713
0.288219912645035
0.384414381871669
-0.260881216560888
0.292449162147502
0.041749746872559
0.055761374256666
0.222725698693009
0.056350436138650
-0.032161768441906
-0.438096904062104
-0.215903918042740
0.045168970969850
0.253545894860741
0.414294499034131
-0.195108804295451
-0.210243411111991
0.212008804528106
0.134393533706555
0.129285823780155
0.058856334235668
0.021804469683150
-0.064979829726898
-0.133009262995997
0.100603212090157
-0.077566370224736
-0.040206072465922
0.098778963614534
-0.467125700868799
-0.177858647087864
-0.100350621423949
-0.115311154359824
-0.007450826435143
0.050277576555756
0.384109710440384
0.105395828609033
0.038415198347078
-0.317990364251577
-0.447698911266502
0.277177333203940
0.131508287338952
0.319355396483793
-0.217767843113710
-0.225089793155452
-0.065046704556527
0.019967650554076
0.384109710440384
0.220575282019929
-0.068686711848514
-0.186629572375351
-0.331755625623487
0.172066376202843
-0.167916299414407
0.443188699452939
-0.080577441333000
-0.071700204340704
-0.046591928803017
-0.033687852926679
-0.064979829726898
0.077864738687374
-0.095482180938292
0.162932911781891
0.321999127707970
0.474713537438470
-0.271018190747881
0.048859082207270
0.150821685435696
0.165519110518589
0.026336731137551
-0.047956530277160
-0.438096904062104
-0.155882919151521
-0.010642751023345
0.086639863828815
0.104593631864914
0.222339884451504
-0.057253751052151
-0.402595106912152
0.205884626165472
0.209218451236985
0.068473275818883
-0.006155872370544
-0.299004232467192
-0.207376948459576
-0.016412076329732
0.082625751341203
-0.235099597825815
-0.289986885457951
0.223450055272409
-0.383347185352085
0.020233443875140
0.008305860763104
0.030552922391615
0.042842046675464
0.189675209826149
0.456592091979322
0.220575282019929
-0.097573969308816
0.162932911781891
0.384414381871669
-0.271018190747881
-0.210243411111991
0.205884626165472
0.129285823780155
0.030552922391615
0.050277576555756
-0.008154617982066
-0.064979829726898
-0.046370194845769
-0.010642751023345
0.253545894860741
0.222339884451504
0.098778963614534
-0.383347185352086
-0.100350621423949
-0.202317692723191
-0.065046704556527
-0.012038699913270
-0.047956530277160
-0.438096904062104
-0.207376948459576
0.100603212090157
-0.235099597825815
-0.447698911266502
0.242902766284671
0.319355396483793
-0.177321861248326
-0.071700204340704
0.222725698693009
0.068473275818883
0.021804469683150
0.189675209826148
0.105395828609033
-0.017991908693422
-0.186629572375351
-0.094911488147468
-0.167916299414407
0.292449162147502
0.150821685435696
0.134393533706555
0.008305860763104
-0.007450826435143
0.041750331123975
0.384109710440384
0.177378167853229
-0.095482180938292
0.288219912645035
0.474713537438470
-0.195108804295451
-0.402595106912152
-0.177858647087864
-0.189074073464544
-0.225089793155452
-0.066352549500643
-0.033687852926679
-0.299004232467192
-0.155882919151521
0.045168970969850
0.104593631864914
-0.040206072465922
0.223450055272409
0.131508287338952
0.453218956103782
-0.080577441333000
0.055761374256666
0.026336731137551
-0.032161768441906
-0.299004232467192
-0.133009262995997
0.082625751341203
-0.317990364251577
-0.463269696037286
0.172066376202843
-0.260881216560888
0.048859082207270
0.212008804528106
0.209218451236985
0.058856334235668
0.042842046675464
0.384109710440384
0.193741302655769
-0.068686711848513
-0.014084137343061
0.321999127707970
0.414294499034131
-0.057253751052151
-0.467125700868799
0.020233443875140
-0.115311154359824
-0.043088990513766
0.019967650554076
0.189675209826149
0.077864738687374
-0.063075474764713
0.086639863828815
-0.077566370224736
-0.289986885457951
0.277177333203940
0.084098754937606
-0.217767843113710
-0.176397474669337
-0.046591928803017
-0.048525432594066
-0.438096904062103
-0.215903918042740
-0.016412076329732
0.038415198347078
-0.299921436840012
-0.331755625623487
-0.021639143643728
0.443188699452939
0.041749746872559
0.165519110518589
0.056350436138650
-0.006155872370544
-0.064979829726898
0.456592091979322
0.177378167853229
-0.063075474764713
0.253545894860741
-0.040206072465922
0.277177333203940
0.319355396483793
-0.080577441333000
0.165519110518589
0.068473275818883
0.042842046675464
-0.008154617982066
-0.299004232467192
-0.215903918042740
0.100603212090157
-0.317990364251577
-0.331755625623487
-0.167916299414406
0.048859082207271
0.205884626165472
0.008305860763105
-0.043088990513766
-0.012038699913270
-0.032161768441906
-0.064979829726898
0.105395828609033
-0.068686711848514
0.162932911781891
0.474713537438470
-0.057253751052151
-0.383347185352085
-0.189074073464544
-0.176397474669336
0.222725698693009
0.058856334235668
0.050277576555756
0.384109710440384
0.077864738687374
-0.010642751023345
0.104593631864914
-0.289986885457950
0.242902766284671
0.453218956103781
0.041749746872560
0.134393533706555
-0.115311154359824
-0.065046704556527
-0.033687852926679
-0.438096904062104
-0.207376948459576
0.082625751341203
-0.299921436840012
-0.094911488147468
-0.260881216560888
-0.210243411111991
-0.177858647087864
-0.217767843113710
-0.071700204340704
0.026336731137551
-0.006155872370544
0.189675209826149
0.193741302655769
-0.097573969308816
0.288219912645035
0.414294499034131
0.098778963614534
0.131508287338952
0.443188699452939
0.150821685435696
0.209218451236985
0.030552922391615
0.041750331123975
0.189675209826149
-0.046370194845769
0.045168970969850
-0.077566370224736
-0.447698911266502
0.172066376202843
-0.271018190747881
-0.402595106912152
0.020233443875140
-0.202317692723191
-0.066352549500643
-0.048525432594066
-0.438096904062104
-0.133009262995997
0.038415198347078
-0.186629572375351
0.321999127707970
0.222339884451504
0.223450055272409
0.084098754937606
-0.177321861248326
0.055761374256666
0.056350436138650
0.021804469683150
0.384109710440384
0.220575282019929
-0.095482180938292
0.086639863828815
-0.235099597825815
-0.463269696037286
-0.021639143643728
0.292449162147502
0.212008804528106
0.129285823780155
-0.007450826435143
0.019967650554076
-0.064979829726897
-0.155882919151521
-0.016412076329732
-0.017991908693422
-0.014084137343061
0.384414381871669
-0.195108804295451
-0.467125700868799
-0.100350621423949
-0.225089793155452
-0.046591928803017
-0.047956530277160
-0.299004232467192
0.456592091979322
0.077864738687374
0.045168970969850
-0.235099597825815
-0.331755625623487
-0.260881216560888
-0.402595106912152
-0.100350621423949
-0.176397474669337
0.026336731137551
0.021804469683150
-0.008154617982066
-0.438096904062104
-0.133009262995997
-0.017991908693422
0.162932911781891
0.414294499034131
0.223450055272409
0.319355396483793
0.041749746872560
0.209218451236985
-0.007450826435143
-0.012038699913270
-0.006155872370544
0.384109710440384
0.177378167853229
-0.010642751023345
-0.077566370224736
-0.463269696037286
-0.167916299414407
-0.210243411111991
0.020233443875140
-0.225089793155452
0.222725698693009
0.030552922391615
0.019967650554076
-0.299004232467192
-0.207376948459576
0.038415198347078
-0.014084137343062
0.474713537438470
0.098778963614534
0.084098754937605
-0.080577441332999
0.134393533706555
-0.202317692723191
-0.046591928803017
-0.032161768441906
0.189675209826148
0.220575282019929
-0.063075474764713
0.104593631864914
-0.447698911266502
-0.021639143643727
0.048859082207270
-0.177858647087864
-0.177321861248326
0.165519110518589
0.058856334235668
0.041750331123975
-0.064979829726898
-0.215903918042740
0.082625751341203
-0.186629572375351
0.384414381871668
-0.057253751052150
0.131508287338952
0.292449162147502
0.205884626165472
-0.115311154359824
-0.066352549500643
-0.047956530277160
-0.064979829726899
0.193741302655769
-0.095482180938292
0.253545894860742
-0.289986885457951
0.172066376202843
-0.195108804295451
-0.383347185352085
-0.217767843113710
0.055761374256666
0.068473275818883
0.050277576555756
0.189675209826149
-0.155882919151521
0.100603212090157
-0.299921436840011
0.321999127707970
-0.040206072465922
0.242902766284671
0.443188699452939
0.212008804528106
0.008305860763104
-0.065046704556527
-0.048525432594066
-0.299004232467192
0.105395828609033
-0.097573969308816
0.086639863828815
-0.317990364251577
-0.094911488147468
-0.271018190747881
-0.467125700868799
-0.189074073464544
-0.071700204340705
0.056350436138650
0.042842046675464
0.384109710440385
-0.046370194845769
-0.016412076329732
-0.068686711848514
0.288219912645036
0.222339884451504
0.277177333203940
0.453218956103782
0.150821685435696
0.129285823780155
-0.043088990513766
-0.033687852926679
-0.438096904062103
0.456592091979322
-0.046370194845769
0.100603212090157
-0.186629572375351
0.474713537438470
0.223450055272409
0.453218956103781
0.212008804528106
-0.115311154359824
-0.046591928803017
-0.006155872370544
-0.008154617982066
-0.438096904062104
0.105395828609033
-0.095482180938292
0.104593631864914
-0.463269696037286
-0.260881216560888
-0.467125700868799
-0.217767843113710
0.165519110518589
0.030552922391615
-0.012038699913270
0.021804469683150
0.384109710440384
-0.155882919151521
0.082625751341203
-0.014084137343061
0.414294499034131
0.277177333203940
0.443188699452939
0.205884626165472
-0.202317692723191
0.222725698693009
-0.007450826435143
-0.033687852926679
-0.299004232467192
0.193741302655769
-0.063075474764713
-0.077566370224735
-0.331755625623487
-0.271018190747881
-0.383347185352086
-0.177321861248326
0.134393533706555
-0.225089793155452
0.026336731137551
0.042842046675464
0.189675209826149
-0.215903918042740
0.038415198347078
0.162932911781891
0.222339884451504
0.242902766284671
0.292449162147501
-0.177858647087864
-0.080577441333000
0.209218451236985
-0.043088990513766
-0.048525432594066
-0.064979829726898
0.220575282019929
-0.010642751023345
-0.235099597825815
-0.094911488147469
-0.195108804295451
0.131508287338952
0.048859082207270
0.020233443875140
-0.176397474669337
0.056350436138650
0.050277576555756
-0.064979829726897
-0.207376948459576
-0.017991908693422
0.288219912645035
-0.040206072465923
0.172066376202843
-0.057253751052151
0.084098754937606
0.041749746872559
0.129285823780155
-0.065046704556527
-0.047956530277160
0.189675209826148
0.177378167853229
0.045168970969849
-0.317990364251577
0.321999127707970
-0.289986885457951
-0.021639143643728
-0.210243411111991
-0.100350621423949
-0.071700204340704
0.068473275818883
0.041750331123975
-0.299004232467192
-0.133009262995997
-0.068686711848514
0.086639863828815
-0.299921436840012
0.384414381871669
0.098778963614534
0.319355396483793
0.150821685435696
0.008305860763105
-0.066352549500643
-0.032161768441906
0.384109710440384
0.077864738687374
-0.016412076329732
-0.097573969308816
0.253545894860741
-0.447698911266502
-0.167916299414407
-0.402595106912152
-0.189074073464544
0.055761374256666
0.058856334235668
0.019967650554076
-0.438096904062104
0.456592091979322
-0.155882919151521
0.038415198347078
0.288219912645035
-0.289986885457950
-0.167916299414407
-0.467125700868799
-0.177321861248326
0.209218451236985
-0.065046704556527
-0.032161768441906
-0.008154617982066
-0.299004232467192
0.220575282019929
0.045168970969850
-0.299921436840012
0.474713537438470
0.277177333203940
0.292449162147502
0.020233443875140
-0.071700204340705
0.058856334235668
-0.012038699913270
0.042842046675464
-0.064979829726898
-0.133009262995997
-0.097573969308816
0.104593631864914
-0.331755625623488
-0.195108804295451
0.084098754937606
0.150821685435696
-0.115311154359824
0.222725698693009
-0.043088990513766
-0.047956530277160
0.384109710440384
-0.046370194845769
0.082625751341203
0.162932911781891
-0.040206072465921
-0.021639143643728
-0.402595106912152
-0.217767843113710
0.134393533706555
-0.176397474669337
0.068473275818883
0.019967650554076
-0.438096904062104
0.193741302655769
-0.010642751023345
-0.317990364251577
0.384414381871669
0.223450055272409
0.443188699452939
-0.177858647087864
0.041749746872560
0.008305860763104
-0.046591928803017
0.021804469683150
0.189675209826148
-0.207376948459576
-0.068686711848513
0.253545894860741
-0.463269696037287
-0.271018190747881
0.131508287338952
-0.210243411111991
-0.189074073464544
0.165519110518589
-0.007450826435143
-0.048525432594066
0.189675209826148
0.077864738687374
0.100603212090157
-0.014084137343062
0.222339884451503
0.172066376202843
0.098778963614534
0.453218956103781
0.205884626165472
-0.225089793155452
0.056350436138650
0.041750331123975
-0.438096904062104
0.105395828609033
-0.063075474764713
-0.235099597825815
0.321999127707970
-0.447698911266502
-0.260881216560888
-0.383347185352086
-0.080577441333000
0.129285823780154
-0.066352549500643
-0.006155872370544
0.384109710440384
-0.215903918042740
-0.017991908693423
0.086639863828815
-0.186629572375351
0.414294499034130
0.242902766284671
0.048859082207271
-0.100350621423950
0.055761374256666
0.030552922391615
-0.033687852926679
-0.064979829726899
0.177378167853229
-0.016412076329732
-0.095482180938292
-0.077566370224736
-0.094911488147468
-0.057253751052151
0.319355396483793
0.212008804528106
-0.202317692723191
0.026336731137551
0.050277576555756
-0.299004232467192
0.456592091979322
-0.215903918042740
-0.068686711848514
0.104593631864914
-0.094911488147468
0.098778963614534
0.443188699452939
0.020233443875140
0.055761374256666
-0.007450826435142
-0.047956530277160
-0.008154617982066
-0.064979829726898
0.077864738687374
0.082625751341203
0.288219912645035
-0.447698911266502
-0.271018190747881
0.084098754937605
0.212008804528106
-0.225089793155452
0.068473275818883
-0.012038699913270
0.050277576555756
-0.438096904062104
0.193741302655769
0.045168970969850
-0.186629572375351
0.222339884451505
-0.021639143643727
-0.467125700868799
-0.080577441333000
0.008305860763104
0.222725698693009
-0.065046704556527
-0.006155872370544
0.189675209826149
-0.133009262995997
-0.095482180938292
-0.235099597825814
0.384414381871668
0.277177333203940
0.048859082207272
-0.189074073464544
0.134393533706555
-0.071700204340704
0.030552922391615
-0.048525432594066
0.384109710440384
-0.155882919151521
-0.017991908693422
0.253545894860741
-0.331755625623487
-0.057253751052152
0.453218956103781
-0.177858647087864
0.150821685435696
-0.202317692723191
0.056350436138650
0.019967650554076
-0.299004232467192
0.177378167853230
0.100603212090157
0.162932911781891
-0.289986885457950
-0.260881216560888
0.131508287338952
-0.402595106912152
-0.177321861248326
0.129285823780155
-0.046591928803017
0.042842046675464
-0.299004232467191
0.105395828609033
-0.010642751023345
-0.299921436840012
0.414294499034130
0.172066376202843
0.223450055272409
0.292449162147502
-0.100350621423949
0.165519110518589
-0.043088990513766
-0.032161768441906
0.384109710440385
-0.207376948459576
-0.097573969308816
-0.077566370224736
0.321999127707970
-0.463269696037286
-0.195108804295451
0.319355396483793
0.205884626165472
-0.176397474669336
0.058856334235668
-0.033687852926679
0.189675209826148
-0.046370194845768
0.038415198347078
0.086639863828815
-0.014084137343061
-0.040206072465922
-0.167916299414407
-0.383347185352086
0.041749746872560
-0.115311154359823
0.026336731137551
0.041750331123975
-0.438096904062104
0.220575282019929
-0.016412076329732
-0.063075474764713
-0.317990364251577
0.474713537438470
0.242902766284671
-0.210243411111991
-0.217767843113710
0.209218451236985
-0.066352549500643
0.021804469683149
-0.064979829726899
0.456592091979322
-0.207376948459576
-0.095482180938292
-0.317990364251577
0.414294499034131
-0.021639143643728
-0.383347185352086
0.150821685435696
-0.225089793155452
0.058856334235668
-0.048525432594066
-0.008154617982066
0.189675209826148
-0.155882919151521
-0.068686711848514
-0.077566370224736
0.384414381871669
0.242902766284671
-0.402595106912152
-0.080577441333000
-0.115311154359823
0.056350436138650
-0.012038699913270
0.041750331123975
-0.299004232467192
0.077864738687374
0.038415198347078
0.253545894860741
-0.094911488147469
0.223450055272409
0.048859082207271
-0.217767843113710
0.129285823780154
0.222725698693009
-0.066352549500643
0.042842046675464
-0.438096904062104
0.220575282019929
0.100603212090157
0.288219912645035
-0.463269696037286
-0.057253751052151
0.443188699452940
-0.100350621423950
0.134393533706555
0.055761374256666
-0.043088990513766
-0.006155872370544
-0.064979829726898
0.105395828609033
0.045168970969849
-0.014084137343062
-0.289986885457950
-0.271018190747881
0.319355396483794
-0.177858647087864
0.212008804528106
-0.176397474669336
0.030552922391615
-0.047956530277160
0.384109710440384
-0.133009262995997
-0.063075474764713
-0.299921436840012
0.222339884451505
-0.167916299414407
0.131508287338952
-0.467125700868799
0.041749746872560
-0.202317692723191
0.068473275818883
-0.033687852926679
0.384109710440383
-0.215903918042740
-0.097573969308816
-0.235099597825814
0.474713537438470
0.172066376202843
0.277177333203940
-0.210243411111991
-0.177321861248326
0.008305860763105
0.026336731137551
0.019967650554076
-0.064979829726899
-0.046370194845769
-0.017991908693422
0.104593631864913
0.321999127707970
-0.331755625623487
0.098778963614534
0.292449162147502
-0.189074073464544
0.209218451236985
-0.046591928803017
0.050277576555756
-0.438096904062104
0.177378167853230
0.082625751341203
0.086639863828815
0.162932911781891
-0.447698911266502
-0.195108804295451
0.453218956103781
0.020233443875140
0.165519110518588
-0.065046704556527
0.021804469683150
-0.299004232467191
0.193741302655769
-0.016412076329732
-0.010642751023345
-0.186629572375351
-0.040206072465922
-0.260881216560888
0.084098754937606
0.205884626165472
-0.071700204340705
-0.007450826435143
-0.032161768441906
0.189675209826148
0.456592091979322
-0.133009262995997
-0.010642751023345
-0.014084137343062
-0.447698911266502
-0.057253751052151
0.292449162147503
-0.217767843113710
0.008305860763105
0.056350436138649
-0.033687852926679
-0.008154617982066
0.384109710440384
-0.207376948459576
-0.063075474764713
-0.186629572375351
-0.289986885457951
-0.195108804295452
0.443188699452939
-0.189074073464544
0.129285823780155
0.026336731137551
-0.012038699913270
0.019967650554076
0.189675209826148
-0.215903918042740
-0.095482180938292
-0.299921436840012
-0.040206072465921
-0.271018190747881
0.453218956103781
-0.100350621423949
0.209218451236985
0.222725698693009
-0.046591928803017
0.041750331123975
-0.064979829726899
-0.155882919151521
-0.097573969308816
-0.317990364251577
0.222339884451505
-0.260881216560888
0.319355396483792
0.020233443875140
0.134393533706555
0.165519110518589
-0.066352549500643
0.050277576555756
-0.299004232467192
-0.046370194845769
-0.068686711848513
-0.235099597825814
0.414294499034131
-0.167916299414406
0.084098754937607
-0.177858647087864
0.205884626165472
0.055761374256666
-0.065046704556527
0.042842046675464
-0.438096904062104
0.077864738687375
-0.017991908693422
-0.077566370224736
0.474713537438470
-0.021639143643728
0.131508287338952
-0.383347185352086
0.212008804528106
-0.071700204340705
-0.043088990513766
0.021804469683150
-0.438096904062103
0.177378167853230
0.038415198347078
0.104593631864915
0.384414381871669
0.172066376202843
0.242902766284671
-0.467125700868799
0.150821685435696
-0.176397474669337
-0.007450826435143
-0.006155872370545
-0.299004232467191
0.220575282019929
0.082625751341203
0.253545894860741
0.321999127707970
-0.094911488147468
0.277177333203940
-0.402595106912152
0.041749746872559
-0.225089793155452
0.030552922391615
-0.032161768441906
-0.064979829726898
0.193741302655769
0.100603212090157
0.086639863828815
0.288219912645035
-0.331755625623487
0.223450055272409
-0.210243411111991
-0.080577441333000
-0.202317692723191
0.058856334235668
-0.047956530277160
0.189675209826150
0.105395828609033
-0.016412076329732
0.045168970969850
0.162932911781891
-0.463269696037287
0.098778963614533
0.048859082207270
-0.177321861248326
-0.115311154359823
0.068473275818883
-0.048525432594066
0.384109710440384
0.000000000000000
-0.220483807278027
-0.051267162347449
0.032067517531769
-0.443294193245503
0.244655880010507
-0.432307296450182
0.171695491994165
-0.040414392797844
-0.067446498290482
0.049622135203620
0.049622135203620
0.000000000000000
-0.220483807278027
-0.051267162347449
0.032067517531769
-0.443294193245503
0.244655880010507
-0.432307296450182
0.171695491994165
-0.040414392797844
-0.067446498290482
-0.067446498290482
0.049622135203620
0.000000000000000
-0.220483807278027
-0.051267162347449
0.032067517531769
-0.443294193245503
0.244655880010507
-0.432307296450182
0.171695491994165
-0.040414392797844
-0.040414392797844
-0.067446498290482
0.049622135203620
0.000000000000000
-0.220483807278027
-0.051267162347449
0.032067517531769
-0.443294193245503
0.244655880010507
-0.432307296450182
0.171695491994165
0.171695491994165
-0.040414392797844
-0.067446498290482
0.049622135203620
0.000000000000000
-0.220483807278027
-0.051267162347449
0.032067517531769
-0.443294193245503
0.244655880010507
-0.432307296450182
-0.432307296450182
0.171695491994165
-0.040414392797844
-0.067446498290482
0.049622135203620
0.000000000000000
-0.220483807278027
-0.051267162347449
0.032067517531769
-0.443294193245503
0.244655880010507
0.244655880010507
-0.432307296450182
0.171695491994165
-0.040414392797844
-0.067446498290482
0.049622135203620
0.000000000000000
-0.220483807278027
-0.051267162347449
0.032067517531769
-0.443294193245503
-0.443294193245503
0.244655880010507
-0.432307296450182
0.171695491994165
-0.040414392797844
-0.067446498290482
0.049622135203620
0.000000000000000
-0.220483807278027
-0.051267162347449
0.032067517531769
0.032067517531769
-0.443294193245503
0.244655880010507
-0.432307296450182
0.171695491994165
-0.040414392797844
-0.067446498290482
0.049622135203620
0.000000000000000
-0.220483807278027
-0.051267162347449
-0.051267162347449
0.032067517531769
-0.443294193245503
0.244655880010507
-0.432307296450182
0.171695491994165
-0.040414392797844
-0.067446498290482
0.049622135203620
0.000000000000000
-0.220483807278027
-0.220483807278027
-0.051267162347449
0.032067517531769
-0.443294193245503
0.244655880010507
-0.432307296450182
0.171695491994165
-0.040414392797844
-0.067446498290482
0.049622135203620
0.000000000000000
0.000000000000000
-0.194355820167759
0.057513243298714
0.314157957300946
0.420335051318411
-0.197695431785713
0.464904384786651
-0.214004491797089
-0.214707104449314
-0.017067501340690
0.046153515878534
0.049622135203620
0.246852321851462
-0.106521233406831
0.093054072857613
0.222350945641083
0.473814363777233
-0.271795763861394
0.417517670275145
-0.157460417488298
-0.219387167228430
-0.050230992401747
-0.067446498290482
0.037336077214810
0.415330775690244
0.015133092317696
0.099050891772880
0.059949079796885
0.376860963549101
-0.259602861328181
0.237572045490170
-0.050923773189117
-0.154413354528171
-0.040414392797844
-0.063248217526173
0.013196078514413
0.451944642834404
0.131982768156675
0.073599752410416
-0.121486195302868
0.160256870166455
-0.164987884589437
-0.017801025134074
0.071780809287420
0.171695491994165
0.086415853091344
-0.038969074587855
-0.015133581875275
0.345069279166893
0.206928847651588
0.024781211688645
-0.264350461774398
-0.107227647173105
-0.017990420242234
-0.267522396054283
-0.432307296450182
0.217098069135137
0.185809676209271
-0.002317525810215
-0.038658436948343
0.128636857506912
0.216176480106492
-0.031905188648596
-0.323285324443665
-0.340668144169554
0.134718875417644
0.244655880010507
-0.459837684760542
0.193573543267360
0.226210239999190
0.035069821037312
-0.049909511437775
-0.128636857506911
0.156789607557604
-0.078461917021198
-0.279579380827017
-0.465948912438255
-0.443294193245503
0.276916371355877
-0.341372857217251
0.108590785137495
0.194790650914545
0.061322747497008
-0.045314668689470
-0.345069279166893
0.047623142431606
-0.100107541124984
-0.147108959211300
0.032067517531769
-0.279896699864400
0.221257871393339
-0.114524559532833
-0.010868780007702
0.101526406489503
0.068106134912232
-0.026332738810407
-0.451944642834404
-0.076663333927382
-0.089969728247673
-0.051267162347449
0.201062784036752
-0.027633981931928
0.095351560596830
0.148684476611391
-0.126877584295582
-0.023971754644648
0.053266305707777
0.001009649582718
-0.415330775690244
-0.176609743441660
-0.220483807278027
0.003712365361631
0.306222037251813
0.233402330011545
-0.060828196967240
0.364687241985808
-0.202603652043788
-0.141859053055447
0.021514800802834
0.028031481367174
-0.246852321851462
0.000000000000000
-0.106521233406832
0.099050891772880
-0.121486195302868
-0.107227647173105
0.134718875417644
-0.459837684760542
0.108590785137495
0.101526406489503
0.053266305707777
0.028031481367174
0.049622135203620
0.415330775690244
0.131982768156675
0.024781211688645
-0.323285324443665
-0.465948912438255
0.276916371355877
-0.114524559532833
-0.126877584295582
-0.141859053055447
-0.017067501340690
-0.067446498290482
0.013196078514413
0.345069279166893
0.216176480106492
-0.078461917021198
-0.147108959211300
-0.279896699864400
0.095351560596830
0.364687241985808
-0.214004491797089
-0.219387167228430
-0.040414392797844
-0.038969074587855
-0.038658436948343
-0.128636857506911
0.047623142431606
-0.089969728247673
0.201062784036752
0.233402330011545
-0.197695431785713
0.417517670275146
-0.050923773189117
0.171695491994165
0.185809676209271
0.035069821037312
-0.045314668689470
-0.451944642834404
-0.176609743441660
0.003712365361631
0.314157957300946
0.473814363777233
-0.259602861328181
-0.017801025134074
-0.432307296450182
0.193573543267360
0.194790650914545
0.068106134912232
0.001009649582718
-0.246852321851462
-0.194355820167759
0.093054072857613
0.059949079796885
0.160256870166455
-0.017990420242233
0.244655880010507
-0.341372857217251
-0.010868780007702
-0.023971754644648
0.021514800802834
0.046153515878534
0.246852321851462
0.015133092317695
0.073599752410416
-0.264350461774398
-0.340668144169554
-0.443294193245503
0.221257871393339
0.148684476611391
-0.202603652043788
-0.214707104449314
-0.050230992401747
0.037336077214810
0.451944642834404
0.206928847651588
-0.031905188648596
-0.279579380827017
0.032067517531769
-0.027633981931928
-0.060828196967240
0.464904384786651
-0.157460417488298
-0.154413354528171
-0.063248217526173
-0.015133581875275
0.128636857506912
0.156789607557604
-0.100107541124984
-0.051267162347449
0.306222037251813
0.420335051318411
-0.271795763861394
0.237572045490170
0.071780809287420
0.086415853091344
-0.002317525810215
-0.049909511437775
-0.345069279166893
-0.076663333927382
-0.220483807278027
0.057513243298714
0.222350945641083
0.376860963549101
-0.164987884589437
-0.267522396054283
0.217098069135137
0.226210239999190
0.061322747497008
-0.026332738810407
-0.415330775690244
0.000000000000000
0.015133092317696
0.024781211688645
-0.279579380827017
-0.279896699864400
-0.060828196967240
0.417517670275146
0.071780809287420
0.185809676209271
0.061322747497008
0.001009649582718
0.049622135203620
0.451944642834404
0.216176480106492
-0.100107541124984
0.201062784036752
0.420335051318411
-0.259602861328181
-0.267522396054283
0.193573543267360
0.101526406489503
0.021514800802834
-0.067446498290482
-0.015133581875275
-0.128636857506912
-0.076663333927382
0.003712365361631
0.222350945641083
0.160256870166455
0.134718875417644
-0.341372857217251
-0.126877584295582
-0.214707104449314
-0.040414392797844
-0.002317525810215
-0.045314668689470
-0.415330775690245
-0.194355820167759
0.099050891772880
-0.264350461774398
-0.465948912438255
0.221257871393339
0.364687241985807
-0.157460417488298
0.171695491994165
0.226210239999190
0.068106134912232
0.028031481367174
0.246852321851462
0.131982768156675
-0.031905188648596
-0.147108959211300
-0.027633981931928
-0.197695431785713
0.237572045490170
-0.432307296450182
0.108590785137495
-0.023971754644648
-0.017067501340690
0.037336077214810
0.345069279166893
0.156789607557604
-0.089969728247673
0.306222037251813
0.473814363777233
-0.164987884589437
0.244655880010507
-0.114524559532833
-0.202603652043788
-0.219387167228431
-0.063248217526173
-0.038658436948343
-0.345069279166893
-0.176609743441660
0.057513243298714
0.059949079796885
-0.107227647173105
-0.443294193245503
0.095351560596830
0.464904384786650
-0.050923773189117
0.086415853091344
0.035069821037312
-0.026332738810407
-0.246852321851462
-0.106521233406832
0.073599752410416
-0.323285324443665
0.032067517531769
0.233402330011545
-0.271795763861394
-0.017801025134074
0.217098069135137
0.194790650914545
0.053266305707777
0.046153515878534
0.415330775690244
0.206928847651588
-0.078461917021198
-0.051267162347449
0.314157957300946
0.376860963549101
-0.017990420242234
-0.459837684760542
-0.010868780007702
-0.141859053055447
-0.050230992401747
0.013196078514413
0.128636857506912
0.047623142431605
-0.220483807278027
0.093054072857613
-0.121486195302868
-0.340668144169554
0.276916371355877
0.148684476611391
-0.214004491797089
-0.154413354528171
-0.038969074587855
-0.049909511437775
-0.451944642834404
0.000000000000000
0.131982768156675
-0.078461917021198
0.201062784036752
0.473814363777233
-0.017990420242233
-0.341372857217252
-0.202603652043788
-0.154413354528171
-0.002317525810216
-0.026332738810407
0.049622135203620
0.345069279166893
0.047623142431606
0.003712365361631
0.059949079796885
-0.340668144169554
0.221257871393339
0.464904384786651
0.071780809287420
0.226210239999190
0.053266305707777
-0.067446498290482
-0.038658436948343
-0.451944642834404
-0.194355820167759
0.073599752410416
-0.279579380827017
-0.027633981931929
-0.271795763861394
-0.267522396054283
0.108590785137495
-0.141859053055447
-0.040414392797844
0.035069821037312
0.001009649582718
0.246852321851462
0.206928847651588
-0.100107541124984
0.306222037251813
0.376860963549101
0.134718875417644
-0.114524559532833
-0.214004491797089
0.171695491994165
0.194790650914545
0.021514800802834
0.037336077214810
0.128636857506912
-0.076663333927382
0.057513243298714
-0.121486195302868
-0.465948912438255
0.095351560596830
0.417517670275145
-0.432307296450182
-0.010868780007702
-0.214707104449314
-0.063248217526173
-0.049909511437775
-0.415330775690244
-0.106521233406832
0.024781211688645
-0.147108959211300
0.233402330011544
-0.259602861328181
0.244655880010507
0.148684476611391
-0.157460417488298
0.086415853091344
0.061322747497008
0.028031481367174
0.415330775690244
0.216176480106492
-0.089969728247673
0.314157957300946
0.160256870166455
-0.443294193245503
-0.060828196967240
0.237572045490170
0.217098069135137
0.101526406489503
-0.017067501340690
0.013196078514413
-0.128636857506911
-0.176609743441660
0.093054072857613
-0.264350461774398
0.032067517531769
0.420335051318411
-0.164987884589437
-0.459837684760542
-0.126877584295582
-0.219387167228430
-0.038969074587855
-0.045314668689470
-0.246852321851462
0.015133092317695
-0.031905188648596
-0.051267162347449
0.222350945641083
-0.107227647173105
0.276916371355877
0.364687241985808
-0.050923773189117
0.185809676209271
0.068106134912232
0.046153515878534
0.451944642834404
0.156789607557604
-0.220483807278027
0.099050891772880
-0.323285324443665
-0.279896699864400
-0.197695431785713
-0.017801025134074
0.193573543267360
-0.023971754644647
-0.050230992401747
-0.015133581875275
-0.345069279166893
0.000000000000000
0.206928847651588
-0.089969728247673
0.222350945641083
-0.340668144169554
0.095351560596830
0.237572045490171
0.193573543267360
-0.141859053055447
-0.063248217526173
-0.045314668689470
0.049622135203620
0.128636857506912
-0.176609743441660
0.099050891772880
-0.279579380827017
0.233402330011545
-0.164987884589437
-0.341372857217252
-0.214004491797089
0.086415853091344
0.068106134912232
-0.067446498290482
-0.049909511437775
-0.246852321851462
0.131982768156675
-0.100107541124984
0.314157957300946
-0.107227647173104
0.221257871393339
0.417517670275145
0.217098069135137
-0.023971754644648
-0.040414392797844
0.061322747497008
0.046153515878534
0.345069279166893
-0.076663333927382
0.093054072857613
-0.323285324443665
-0.027633981931929
-0.259602861328181
-0.459837684760542
-0.202603652043788
0.171695491994165
0.101526406489503
-0.050230992401747
-0.038658436948343
-0.415330775690245
0.015133092317696
-0.078461917021198
0.306222037251813
0.160256870166455
0.276916371355877
0.464904384786650
-0.432307296450182
-0.126877584295582
-0.154413354528171
0.035069821037312
0.028031481367174
0.451944642834404
0.047623142431606
0.057513243298714
-0.264350461774398
-0.279896699864401
-0.271795763861394
0.244655880010507
0.364687241985808
0.071780809287420
0.194790650914545
-0.017067501340690
-0.015133581875275
-0.451944642834404
-0.106521233406832
-0.031905188648596
0.201062784036752
0.376860963549101
-0.443294193245503
-0.197695431785713
-0.267522396054283
-0.010868780007701
-0.219387167228431
-0.002317525810215
0.001009649582718
0.415330775690244
0.156789607557604
0.003712365361631
-0.121486195302868
0.032067517531769
0.473814363777233
0.134718875417644
0.148684476611391
-0.050923773189118
0.226210239999190
0.021514800802834
0.013196078514413
-0.345069279166893
-0.194355820167759
0.024781211688645
-0.051267162347449
0.059949079796885
-0.465948912438255
-0.060828196967240
-0.017801025134074
0.108590785137494
-0.214707104449314
-0.038969074587855
-0.026332738810407
0.246852321851461
0.216176480106492
-0.220483807278027
0.073599752410416
-0.147108959211300
0.420335051318411
-0.017990420242234
-0.114524559532832
-0.157460417488298
0.185809676209271
0.053266305707777
0.037336077214810
-0.128636857506912
0.000000000000000
0.216176480106492
0.003712365361631
-0.264350461774398
-0.027633981931929
-0.164987884589437
-0.114524559532833
-0.050923773189118
0.194790650914545
-0.050230992401747
-0.049909511437775
0.049622135203620
-0.128636857506911
-0.194355820167759
-0.031905188648596
0.306222037251813
-0.107227647173105
0.095351560596830
-0.017801025134074
-0.010868780007701
-0.154413354528171
0.061322747497008
-0.067446498290482
-0.045314668689470
0.246852321851462
0.156789607557604
0.057513243298714
-0.323285324443665
0.233402330011544
-0.017990420242234
0.148684476611391
0.071780809287420
0.101526406489503
-0.040414392797844
0.068106134912232
0.037336077214810
-0.345069279166893
-0.106521233406832
-0.078461917021198
0.314157957300946
-0.340668144169554
-0.060828196967240
-0.267522396054282
-0.126877584295583
0.171695491994165
-0.023971754644648
-0.063248217526173
-0.026332738810407
0.415330775690244
0.047623142431606
0.093054072857613
-0.279579380827017
0.420335051318411
0.134718875417644
0.364687241985808
-0.432307296450182
-0.202603652043788
0.086415853091344
0.053266305707777
0.013196078514413
-0.451944642834404
0.015133092317695
-0.100107541124984
0.222350945641083
-0.465948912438255
-0.197695431785713
0.244655880010507
0.464904384786651
0.217098069135137
-0.141859053055447
-0.038969074587855
0.001009649582718
0.451944642834404
-0.076663333927382
0.099050891772880
-0.147108959211301
0.473814363777233
-0.443294193245503
-0.271795763861394
-0.459837684760542
-0.214004491797089
0.185809676209271
0.021514800802834
-0.015133581875275
-0.415330775690245
0.131982768156675
-0.089969728247673
0.059949079796884
0.032067517531769
0.376860963549101
0.276916371355877
0.417517670275146
0.193573543267360
-0.214707104449314
-0.002317525810216
0.028031481367174
0.345069279166893
-0.176609743441659
0.073599752410416
-0.051267162347449
-0.121486195302868
-0.279896699864400
-0.259602861328181
-0.341372857217252
-0.157460417488298
0.226210239999190
-0.017067501340690
-0.038658436948343
-0.246852321851463
0.206928847651588
-0.220483807278027
0.024781211688645
0.201062784036753
0.160256870166455
0.221257871393339
0.237572045490170
0.108590785137495
-0.219387167228431
0.035069821037312
0.046153515878534
0.128636857506911
0.000000000000000
0.156789607557604
0.093054072857613
-0.147108959211300
0.376860963549101
0.221257871393339
-0.017801025134073
-0.126877584295582
0.086415853091344
0.021514800802834
-0.038658436948343
0.049622135203620
-0.345069279166893
0.015133092317696
-0.089969728247673
-0.121486195302868
-0.027633981931928
-0.017990420242234
0.364687241985807
0.217098069135137
-0.214707104449314
0.035069821037312
-0.067446498290482
-0.026332738810407
0.451944642834404
-0.176609743441660
0.024781211688645
0.306222037251813
-0.340668144169554
-0.197695431785713
-0.459837684760542
-0.157460417488298
0.194790650914545
-0.040414392797844
0.053266305707777
-0.015133581875275
-0.246852321851463
0.216176480106492
0.057513243298714
-0.279579380827017
0.473814363777233
0.276916371355877
0.237572045490171
-0.010868780007702
0.171695491994165
-0.141859053055447
-0.002317525810215
0.046153515878534
-0.128636857506911
-0.106521233406831
-0.100107541124984
0.059949079796885
-0.279896699864400
-0.164987884589438
0.148684476611391
-0.432307296450182
-0.214004491797089
0.226210239999190
-0.050230992401747
-0.045314668689470
0.415330775690244
-0.076663333927382
0.073599752410416
0.201062784036752
-0.107227647173103
-0.060828196967240
0.244655880010507
0.417517670275146
0.108590785137495
-0.154413354528171
0.068106134912232
0.013196078514413
-0.415330775690245
0.206928847651588
0.003712365361631
-0.323285324443665
0.420335051318411
-0.443294193245503
-0.259602861328181
-0.114524559532832
0.071780809287420
-0.023971754644647
-0.038969074587855
0.028031481367174
0.128636857506912
-0.194355820167759
-0.078461917021198
0.222350945641083
0.032067517531769
0.160256870166455
0.095351560596830
-0.267522396054283
-0.202603652043788
0.185809676209271
-0.017067501340690
-0.049909511437775
0.246852321851462
0.047623142431606
0.099050891772880
-0.051267162347449
-0.264350461774398
0.233402330011545
0.134718875417644
0.464904384786650
0.193573543267360
-0.219387167228431
0.061322747497008
0.037336077214810
-0.451944642834404
0.131982768156675
-0.220483807278027
-0.031905188648596
0.314157957300946
-0.465948912438255
-0.271795763861394
-0.341372857217251
-0.050923773189118
0.101526406489503
-0.063248217526173
0.001009649582718
0.345069279166892
0.000000000000000
0.047623142431606
0.073599752410416
0.306222037251813
-0.465948912438255
-0.259602861328181
0.148684476611390
0.217098069135137
-0.219387167228430
0.068106134912232
-0.015133581875275
0.049622135203620
-0.451944642834404
0.206928847651588
0.057513243298714
-0.147108959211300
0.160256870166455
-0.060828196967239
-0.459837684760542
-0.050923773189118
-0.023971754644647
-0.002317525810215
-0.067446498290482
0.001009649582718
0.128636857506912
-0.106521233406832
-0.089969728247673
-0.264350461774398
0.420335051318411
0.276916371355877
-0.017801025134074
-0.202603652043787
0.226210239999190
-0.040414392797844
0.021514800802834
-0.049909511437775
0.415330775690244
-0.176609743441660
-0.031905188648596
0.222350945641084
-0.279896699864401
-0.017990420242234
0.464904384786650
0.108590785137494
0.171695491994165
-0.214707104449314
0.061322747497008
0.013196078514413
-0.246852321851462
0.156789607557604
0.099050891772880
0.201062784036752
-0.340668144169554
-0.271795763861393
-0.114524559532832
-0.432307296450182
-0.157460417488298
0.101526406489503
-0.038969074587855
0.046153515878534
-0.345069279166893
0.131982768156675
0.003712365361631
-0.279579380827017
0.376860963549102
0.095351560596830
0.244655880010507
0.237572045490170
-0.126877584295582
0.185809676209271
-0.050230992401747
-0.026332738810407
0.345069279166894
-0.194355820167759
-0.100107541124984
-0.121486195302867
0.233402330011545
-0.443294193245503
-0.164987884589437
0.364687241985808
0.193573543267360
-0.154413354528171
0.053266305707777
-0.038658436948343
0.246852321851461
-0.076663333927382
0.024781211688646
0.314157957300946
0.032067517531769
-0.107227647173105
-0.197695431785713
-0.341372857217252
0.071780809287420
-0.141859053055447
0.035069821037312
0.037336077214810
-0.415330775690244
0.216176480106492
0.093054072857613
-0.051267162347449
-0.323285324443665
0.473814363777233
0.221257871393339
-0.267522396054283
-0.214004491797089
0.194790650914546
-0.063248217526173
0.028031481367174
-0.128636857506910
0.015133092317696
-0.220483807278027
-0.078461917021198
0.059949079796885
-0.027633981931929
0.134718875417644
0.417517670275145
-0.010868780007701
0.086415853091344
-0.017067501340690
-0.045314668689470
0.451944642834404
0.000000000000000
-0.076663333927382
-0.031905188648596
0.059949079796885
0.233402330011545
0.276916371355877
-0.267522396054282
-0.157460417488298
-0.023971754644647
0.035069821037312
0.013196078514413
0.049622135203620
-0.415330775690244
0.156789607557604
0.073599752410416
0.314157957300946
-0.279896699864400
0.134718875417643
0.237572045490171
-0.202603652043788
0.194790650914546
-0.038969074587854
-0.067446498290482
0.028031481367174
-0.345069279166893
0.206928847651588
0.093054072857613
0.201062784036753
-0.465948912438255
-0.164987884589438
0.464904384786650
-0.010868780007701
0.185809676209271
-0.040414392797844
-0.017067501340690
-0.026332738810407
0.128636857506912
0.015133092317695
0.003712365361631
-0.147108959211301
-0.107227647173104
-0.271795763861394
0.148684476611389
0.193573543267359
0.171695491994165
-0.219387167228430
0.053266305707777
-0.049909511437775
0.451944642834404
-0.194355820167759
-0.089969728247673
-0.323285324443665
0.376860963549101
-0.060828196967239
-0.341372857217251
-0.432307296450182
-0.050923773189117
-0.141859053055447
0.061322747497008
-0.015133581875275
0.246852321851462
-0.176609743441659
-0.078461917021198
-0.121486195302868
0.420335051318410
0.221257871393339
0.244655880010507
-0.017801025134074
-0.214004491797089
0.101526406489503
-0.002317525810216
0.037336077214810
-0.246852321851463
0.047623142431606
0.024781211688645
0.222350945641084
-0.027633981931928
-0.443294193245503
-0.017990420242234
0.417517670275145
-0.126877584295582
0.226210239999190
-0.063248217526173
0.046153515878534
-0.451944642834404
0.216176480106492
0.099050891772880
0.306222037251813
0.032067517531769
-0.340668144169554
-0.259602861328181
0.364687241985808
0.108590785137495
0.086415853091344
-0.050230992401747
0.001009649582718
-0.128636857506911
0.131982768156674
0.057513243298714
-0.051267162347449
-0.279579380827017
0.160256870166455
-0.197695431785713
-0.114524559532833
0.217098069135137
-0.154413354528171
0.021514800802834
-0.045314668689470
0.345069279166894
-0.106521233406831
-0.220483807278027
-0.100107541124984
-0.264350461774398
0.473814363777234
0.095351560596830
-0.459837684760542
0.071780809287420
-0.214707104449314
0.068106134912232
-0.038658436948343
0.415330775690244
0.000000000000000
-0.176609743441660
-0.100107541124984
-0.323285324443665
0.160256870166456
-0.271795763861394
0.364687241985807
-0.010868780007701
0.226210239999190
-0.038969074587855
0.037336077214810
0.049622135203620
-0.246852321851462
-0.076663333927382
-0.078461917021198
-0.264350461774398
0.376860963549101
-0.197695431785712
0.148684476611390
0.108590785137495
0.185809676209271
-0.063248217526173
-0.067446498290482
0.046153515878534
-0.415330775690244
0.047623142431606
-0.031905188648596
-0.121486195302868
0.473814363777234
-0.060828196967239
-0.114524559532833
0.193573543267360
0.086415853091344
-0.040414392797844
-0.050230992401747
0.028031481367174
-0.451944642834404
0.156789607557604
0.024781211688645
0.059949079796886
0.420335051318411
0.095351560596830
-0.341372857217253
0.217098069135137
0.171695491994165
-0.154413354528171
-0.017067501340690
0.001009649582718
-0.345069279166893
0.216176480106492
0.073599752410416
0.222350945641084
0.233402330011545
0.221257871393340
-0.459837684760541
-0.432307296450182
0.071780809287420
-0.219387167228430
0.021514800802834
-0.026332738810407
-0.128636857506912
0.206928847651588
0.099050891772880
0.314157957300946
-0.027633981931930
0.276916371355877
0.244655880010507
-0.267522396054283
-0.050923773189117
-0.214707104449314
0.053266305707777
-0.045314668689470
0.128636857506913
0.131982768156675
0.093054072857613
0.306222037251812
-0.279896699864400
-0.443294193245503
0.134718875417644
-0.017801025134074
-0.157460417488298
-0.141859053055447
0.068106134912232
-0.049909511437775
0.345069279166894
0.015133092317695
0.057513243298713
0.201062784036753
0.032067517531769
-0.465948912438255
-0.017990420242234
0.237572045490171
-0.214004491797089
-0.023971754644648
0.061322747497008
-0.038658436948343
0.451944642834404
-0.106521233406832
0.003712365361632
-0.051267162347449
-0.147108959211300
-0.340668144169554
-0.164987884589438
0.417517670275146
-0.202603652043788
0.101526406489503
0.035069821037312
-0.015133581875275
0.415330775690244
-0.194355820167759
-0.220483807278027
-0.089969728247673
-0.279579380827017
-0.107227647173104
-0.259602861328181
0.464904384786650
-0.126877584295582
0.194790650914545
-0.002317525810216
0.013196078514413
0.246852321851462
