-0.210625431795977
0.246699204097268
-0.185611861602858
-0.410623931214321
0.006111204918888
0.248997082161722
-0.182345897120490
-0.359954708447486
-0.235707245215478
0.235187155961757
0.229902729250360
-0.229470497141672
-0.055961775903301
0.093182282914330
0.042036291882336
-0.107071375314270
0.359954708447486
-0.006111204918889
-0.248997082161722
0.182345897120490
0.302257637328510
0.042176401152454
0.094181789797077
0.122236319949136
0.185611861602858
0.410623931214321
0.210625431795977
-0.246699204097268
-0.182345897120490
-0.359954708447486
0.006111204918888
0.248997082161722
-0.229902729250360
0.229470497141672
0.235707245215477
-0.235187155961757
-0.042036291882336
0.107071375314270
0.055961775903301
-0.093182282914330
-0.248997082161722
0.182345897120490
0.359954708447485
-0.006111204918888
-0.094181789797077
-0.122236319949136
-0.302257637328510
-0.042176401152454
0.937051258799461
-0.016358567405486
0.089402975093349
-0.084370935392815
-0.012869639184225
0.079763038719706
-0.131722181963370
-0.099387870760355
0.100160194094683
0.106816377244198
-0.068126323480821
-0.111339541925687
-0.084370935392815
0.937051258799461
-0.016358567405486
0.089402975093349
0.056186689067846
0.105632351924362
-0.010093543730976
-0.045998530691487
0.111339541925687
-0.100160194094683
-0.106816377244198
0.068126323480821
0.089402975093349
-0.084370935392815
0.937051258799461
-0.016358567405486
0.131722181963370
0.099387870760355
0.012869639184225
-0.079763038719706
-0.068126323480821
-0.111339541925687
0.100160194094683
0.106816377244198
-0.016358567405486
0.089402975093349
-0.084370935392815
0.937051258799461
0.010093543730976
0.045998530691487
-0.056186689067846
-0.105632351924362
-0.106816377244198
0.068126323480821
0.111339541925687
-0.100160194094683
-0.079111786832347
0.022094657893916
0.045588209007573
-0.073341746432279
0.923926245701384
0.013410038494826
0.097025072546599
-0.114503506125806
-0.063516664163077
0.110604892307440
-0.081361858170275
-0.102445840232827
0.102240602594950
0.101878760847008
0.110807620660063
0.054538403586370
-0.114503506125806
0.923926245701384
0.013410038494826
0.097025072546599
-0.003631927721617
0.095702224644707
0.007469517840914
-0.056751474826393
-0.045588209007573
0.073341746432279
0.079111786832347
-0.022094657893916
0.097025072546599
-0.114503506125806
0.923926245701384
0.013410038494826
0.081361858170275
0.102445840232827
0.063516664163078
-0.110604892307440
-0.110807620660063
-0.054538403586370
-0.102240602594950
-0.101878760847008
0.013410038494826
0.097025072546599
-0.114503506125806
0.923926245701384
-0.007469517840914
0.056751474826393
0.003631927721617
-0.095702224644707
0.101334690552951
0.069895781626346
-0.133368561166813
-0.074418946307835
-0.013196563586487
0.061329437535343
0.088530199695840
-0.040473207586631
0.932284666055504
-0.056006003532413
0.122583016841335
-0.004540814330594
0.074418946307835
-0.101334690552951
-0.069895781626346
0.133368561166813
0.115632399287604
0.090912776461089
0.080344858097729
0.065794637823284
-0.004540814330594
0.932284666055504
-0.056006003532413
0.122583016841335
-0.133368561166813
-0.074418946307835
0.101334690552951
0.069895781626346
-0.088530199695840
0.040473207586631
0.013196563586487
-0.061329437535343
0.122583016841335
-0.004540814330594
0.932284666055504
-0.056006003532413
-0.069895781626346
0.133368561166813
0.074418946307835
-0.101334690552951
-0.080344858097729
-0.065794637823284
-0.115632399287604
-0.090912776461089
-0.056006003532413
0.122583016841335
-0.004540814330594
0.932284666055504
0.093182282914330
0.042036291882336
-0.107071375314270
-0.055961775903301
0.062142417462069
-0.122060840046992
-0.191537109467414
-0.230286839025575
-0.042176401152454
-0.094181789797077
-0.122236319949136
-0.302257637328510
0.410623931214321
0.210625431795977
-0.246699204097268
0.185611861602858
0.230286839025575
-0.062142417462069
0.122060840046992
0.191537109467414
-0.229470497141672
-0.235707245215477
0.235187155961757
0.229902729250360
0.107071375314271
0.055961775903301
-0.093182282914330
-0.042036291882336
-0.191537109467414
-0.230286839025575
0.062142417462069
-0.122060840046992
0.122236319949136
0.302257637328510
0.042176401152454
0.094181789797077
0.246699204097268
-0.185611861602858
-0.410623931214321
-0.210625431795977
0.122060840046992
0.191537109467414
0.230286839025575
-0.062142417462069
-0.235187155961757
-0.229902729250360
0.229470497141672
0.235707245215477
0.043261190018551
0.098464990478341
-0.004830598567280
-0.048639091519423
0.105632351924362
-0.010093543730976
-0.045998530691487
0.056186689067846
0.011990790691813
-0.055003008541090
0.002215933810201
-0.025635151789564
-0.048639091519423
0.043261190018551
0.098464990478341
-0.004830598567280
0.099387870760355
0.012869639184225
-0.079763038719706
0.131722181963370
0.025635151789564
-0.011990790691813
0.055003008541090
-0.002215933810201
-0.004830598567280
-0.048639091519423
0.043261190018551
0.098464990478341
0.045998530691487
-0.056186689067846
-0.105632351924362
0.010093543730976
0.002215933810201
-0.025635151789564
0.011990790691813
-0.055003008541090
0.098464990478341
-0.004830598567280
-0.048639091519423
0.043261190018551
0.079763038719706
-0.131722181963370
-0.099387870760355
-0.012869639184225
0.055003008541090
-0.002215933810201
0.025635151789564
-0.011990790691813
-0.101878760847008
-0.110807620660063
-0.054538403586370
-0.102240602594950
0.036114043094921
0.099884317173849
-0.046563973862775
-0.118682625571090
0.095702224644707
0.007469517840914
-0.056751474826393
-0.003631927721617
-0.073341746432279
-0.079111786832347
0.022094657893916
0.045588209007573
-0.118682625571090
0.036114043094921
0.099884317173849
-0.046563973862775
0.102445840232827
0.063516664163077
-0.110604892307440
0.081361858170275
0.054538403586370
0.102240602594950
0.101878760847008
0.110807620660063
-0.046563973862775
-0.118682625571090
0.036114043094921
0.099884317173849
0.056751474826393
0.003631927721617
-0.095702224644707
-0.007469517840914
-0.022094657893916
-0.045588209007573
0.073341746432279
0.079111786832347
0.099884317173849
-0.046563973862775
-0.118682625571090
0.036114043094921
0.110604892307440
-0.081361858170275
-0.102445840232827
-0.063516664163077
-0.021189251056172
-0.033908741182319
0.006982526554158
-0.046729419148335
-0.090912776461089
-0.080344858097729
-0.065794637823284
-0.115632399287604
-0.021981047667441
0.087293497755181
-0.003656102109012
-0.128073067351121
0.046729419148335
0.021189251056172
0.033908741182319
-0.006982526554158
-0.040473207586631
-0.013196563586487
0.061329437535343
0.088530199695840
-0.128073067351121
-0.021981047667441
0.087293497755181
-0.003656102109012
0.006982526554158
-0.046729419148335
-0.021189251056172
-0.033908741182319
0.065794637823284
0.115632399287604
0.090912776461089
0.080344858097729
-0.003656102109012
-0.128073067351121
-0.021981047667441
0.087293497755181
0.033908741182319
-0.006982526554158
0.046729419148335
0.021189251056172
-0.061329437535343
-0.088530199695840
0.040473207586631
0.013196563586487
0.087293497755181
-0.003656102109012
-0.128073067351121
-0.021981047667441
