0.496471283251856
0.152646049525439
0.171822190930523
-0.270589862668193
0.000446481786465
0.193958528233175
-0.062168797086960
0.270416938553537
0.114208819993665
0.200792292809954
0.210590867618395
0.182630498163378
0.496471283251856
0.144145274745102
0.172441788877876
0.274343072101259
0.009959352216862
-0.324130163619662
0.062168797086960
-0.191338044284588
-0.148343399933841
0.120719168801010
0.059573505792014
-0.043360031373679
0.496471283251856
0.097020890004053
0.000619597947353
0.270589862668193
-0.010405834003327
0.367451383421693
-0.062168797086960
0.060990275568234
0.034134579940176
-0.200792292809954
-0.151017361826381
-0.257732275520370
0.496471283251856
0.023899836137468
-0.171822190930523
-0.274343072101259
0.000446481786465
-0.312314301778182
0.062168797086960
0.085699788232780
0.114208819993665
-0.120719168801010
-0.210590867618395
-0.403045364577942
0.496471283251856
-0.055625159521387
-0.172441788877876
-0.270589862668193
0.009959352216862
0.173492855188517
-0.062168797086960
-0.209426662985303
-0.148343399933841
0.200792292809954
-0.059573505792014
-0.440362773683748
0.496471283251856
-0.120245438607634
-0.000619597947353
0.274343072101259
-0.010405834003327
0.011815861841480
0.062168797086960
0.277037832517369
0.034134579940176
0.120719168801010
0.151017361826381
-0.359685333204263
0.496471283251856
-0.152646049525439
0.171822190930523
0.270589862668193
0.000446481786465
-0.193958528233175
-0.062168797086960
-0.270416938553537
0.114208819993665
-0.200792292809954
0.210590867618395
-0.182630498163378
0.496471283251856
-0.144145274745102
0.172441788877876
-0.274343072101259
0.009959352216862
0.324130163619662
0.062168797086960
0.191338044284588
-0.148343399933841
-0.120719168801010
0.059573505792014
0.043360031373679
0.496471283251856
-0.097020890004053
0.000619597947353
-0.270589862668193
-0.010405834003327
-0.367451383421693
-0.062168797086960
-0.060990275568234
0.034134579940176
0.200792292809954
-0.151017361826381
0.257732275520370
0.496471283251856
-0.023899836137468
-0.171822190930523
0.274343072101259
0.000446481786465
0.312314301778182
0.062168797086960
-0.085699788232780
0.114208819993665
0.120719168801010
-0.210590867618395
0.403045364577942
0.496471283251856
0.055625159521387
-0.172441788877876
0.270589862668193
0.009959352216862
-0.173492855188517
-0.062168797086960
0.209426662985303
-0.148343399933841
-0.200792292809954
-0.059573505792014
0.440362773683748
0.496471283251856
0.120245438607634
-0.000619597947353
-0.274343072101259
-0.010405834003327
-0.011815861841480
0.062168797086960
-0.277037832517369
0.034134579940176
-0.120719168801010
0.151017361826381
0.359685333204263
0.182630498163378
0.496471283251856
0.152646049525439
0.171822190930523
-0.270589862668193
0.000446481786465
0.193958528233175
-0.062168797086960
0.270416938553537
0.114208819993665
0.200792292809954
0.210590867618395
-0.072091698450984
-0.479554434503843
-0.124836792942827
-0.140983303135248
-0.335028868476294
-0.007998342160484
0.268182441007531
-0.061928118956433
0.130614749593262
0.131323287891549
-0.168574632362063
-0.111578432649472
-0.043360031373679
0.429956743545567
0.023899836137468
-0.098843863144795
0.097166159026568
-0.011757845746323
0.324130163619662
-0.057467141860081
-0.085699788232780
-0.046230884050036
-0.113531642057039
-0.052795134897179
0.155856846716066
-0.351058211051775
0.091037320538724
0.192148651682008
0.385325773467366
-0.008629762758256
0.357988951231535
-0.049089874014907
-0.251812552404562
-0.155254154419701
0.227342934734311
0.186242028448380
-0.257732275520370
0.248235641625928
-0.152646049525439
-0.000619597947353
0.102293138457860
-0.000446481786465
0.367451383421693
-0.037367212380469
-0.270416938553537
-0.034134579940176
-0.004149720500439
-0.210590867618395
0.342043675670685
-0.128496223452068
0.124836792942827
-0.191827924183845
-0.332374948634959
0.007998342160484
0.351872611073785
-0.023098036974540
-0.130614749593262
0.137584795649517
-0.225194881339579
0.111578432649472
-0.403045364577942
-0.000000000000000
-0.023899836137468
0.099917038269876
-0.274343072101259
0.011757845746323
0.312314301778182
-0.007254768520107
0.085699788232780
0.105353710801443
0.120719168801010
0.052795134897179
0.436580177953171
0.128496223452068
-0.091037320538724
0.140107059314882
0.190364524731479
0.008629762758256
0.251472288940183
0.009082900419899
0.251812552404562
-0.083049701994244
0.162706041350284
-0.186242028448380
-0.440362773683748
-0.248235641625928
0.152646049525439
-0.172441788877876
0.372883001126053
0.000446481786465
0.173492855188517
0.024801584706491
0.270416938553537
-0.148343399933841
-0.204942013310393
0.210590867618395
0.414135374121669
0.351058211051775
-0.124836792942827
-0.050844621048597
0.002653919841335
-0.007998342160484
0.083690170066253
0.038830081981893
0.130614749593262
0.006261507757967
-0.056620248977516
-0.111578432649472
-0.359685333204263
-0.429956743545567
0.023899836137468
0.198760901414671
-0.371509231127827
-0.011757845746323
-0.011815861841480
0.050212373339974
-0.085699788232780
0.151584594851479
0.234250810858049
-0.052795134897179
0.280723331237105
0.479554434503843
0.091037320538724
-0.052041592367126
-0.194961248735887
-0.008629762758256
-0.106516662291352
0.058172774434805
-0.251812552404562
0.072204452425457
-0.064636893384027
0.186242028448380
0.210590867618395
0.182630498163378
0.496471283251856
0.152646049525439
0.171822190930523
-0.270589862668193
0.000446481786465
0.193958528233175
-0.062168797086960
0.270416938553537
0.114208819993665
0.200792292809954
0.155979473713947
0.182630498163378
0.429956743545567
0.097020890004053
0.099917038269876
0.372883001126053
0.005492258303755
-0.193958528233175
0.057467141860081
-0.060990275568234
-0.105353710801443
0.204942013310393
0.059573505792014
0.182630498163378
0.248235641625928
-0.055625159521387
-0.171822190930523
-0.102293138457860
-0.009959352216862
0.193958528233175
-0.037367212380469
-0.209426662985303
-0.114208819993665
0.004149720500439
-0.052795134897179
0.182630498163378
-0.000000000000000
-0.152646049525439
-0.099917038269876
-0.270589862668193
0.011757845746323
-0.193958528233175
0.007254768520107
0.270416938553537
0.105353710801443
-0.200792292809954
-0.151017361826381
0.182630498163378
-0.248235641625928
-0.097020890004053
0.171822190930523
0.372883001126053
-0.010405834003327
0.193958528233175
0.024801584706491
-0.060990275568234
0.114208819993665
-0.204942013310393
-0.208774608611126
0.182630498163378
-0.429956743545567
0.055625159521387
0.099917038269876
-0.102293138457860
0.006265587442567
-0.193958528233175
-0.050212373339974
-0.209426662985303
-0.105353710801443
-0.004149720500439
-0.210590867618395
0.182630498163378
-0.496471283251856
0.152646049525439
-0.171822190930523
-0.270589862668193
-0.000446481786465
0.193958528233175
0.062168797086960
0.270416938553537
-0.114208819993665
0.200792292809954
-0.155979473713947
0.182630498163378
-0.429956743545567
0.097020890004053
-0.099917038269876
0.372883001126053
-0.005492258303755
-0.193958528233175
-0.057467141860081
-0.060990275568234
0.105353710801443
0.204942013310393
-0.059573505792014
0.182630498163378
-0.248235641625928
-0.055625159521387
0.171822190930523
-0.102293138457860
0.009959352216862
0.193958528233175
0.037367212380469
-0.209426662985303
0.114208819993665
0.004149720500439
0.052795134897179
0.182630498163378
0.000000000000000
-0.152646049525439
0.099917038269876
-0.270589862668193
-0.011757845746323
-0.193958528233175
-0.007254768520107
0.270416938553537
-0.105353710801443
-0.200792292809954
0.151017361826381
0.182630498163378
0.248235641625928
-0.097020890004053
-0.171822190930523
0.372883001126053
0.010405834003327
0.193958528233175
-0.024801584706491
-0.060990275568234
-0.114208819993665
-0.204942013310393
0.208774608611126
0.182630498163378
0.429956743545567
0.055625159521387
-0.099917038269876
-0.102293138457860
-0.006265587442567
-0.193958528233175
0.050212373339974
-0.209426662985303
0.105353710801443
-0.004149720500439
0.200792292809954
0.210590867618395
0.182630498163378
0.496471283251856
0.152646049525439
0.171822190930523
-0.270589862668193
0.000446481786465
0.193958528233175
-0.062168797086960
0.270416938553537
0.114208819993665
-0.227342934734311
-0.189750771413084
-0.280723331237105
-0.351058211051774
-0.062593173746104
-0.052041592367126
-0.385325773467366
-0.002611886120012
0.106516662291352
-0.049089874014907
-0.012790584945573
0.072204452425457
0.120719168801010
0.155979473713947
0.359685333204263
-0.000000000000000
-0.120245438607634
-0.198760901414671
-0.274343072101259
-0.005492258303755
0.011815861841480
-0.007254768520107
-0.277037832517369
-0.151584594851479
0.056620248977516
-0.111578432649472
-0.414135374121669
0.351058211051774
0.124836792942827
-0.050844621048597
-0.002653919841335
-0.007998342160484
-0.083690170066253
0.038830081981893
-0.130614749593262
0.006261507757967
-0.200792292809954
0.059573505792014
0.440362773683748
-0.496471283251856
0.055625159521387
0.172441788877876
0.270589862668193
-0.009959352216862
-0.173492855188517
0.062168797086960
0.209426662985303
0.148343399933841
0.227342934734311
-0.003508742964704
-0.436580177953171
0.351058211051774
-0.153630494284828
0.140107059314882
0.385325773467366
-0.011241648878268
-0.251472288940183
0.049089874014907
0.239021967458989
-0.083049701994244
-0.120719168801010
-0.052795134897179
0.403045364577942
0.000000000000000
0.023899836137468
-0.099917038269876
0.274343072101259
-0.011757845746323
-0.312314301778182
0.007254768520107
-0.085699788232780
-0.105353710801443
-0.056620248977516
0.105501111563905
-0.342043675670685
-0.351058211051774
0.141259028750416
-0.191827924183845
0.002653919841335
-0.011472764857525
-0.351872611073785
-0.038830081981893
-0.283383442170782
0.137584795649517
0.200792292809954
-0.151017361826381
0.257732275520370
0.496471283251856
-0.097020890004053
0.000619597947353
-0.270589862668193
-0.010405834003327
-0.367451383421693
-0.062168797086960
-0.060990275568234
0.034134579940176
-0.227342934734311
0.186242028448380
-0.155856846716066
-0.351058211051774
-0.091037320538724
0.192148651682008
-0.385325773467366
-0.008629762758256
-0.357988951231535
-0.049089874014907
0.251812552404562
-0.155254154419701
0.120719168801010
-0.208774608611126
0.043360031373679
-0.000000000000000
0.144145274745102
0.098843863144795
-0.274343072101259
-0.006265587442567
-0.324130163619662
-0.007254768520107
0.191338044284588
0.046230884050036
0.056620248977516
0.217079544213377
0.072091698450984
0.351058211051774
0.016422235807589
-0.140983303135248
-0.002653919841335
-0.003474422697041
-0.268182441007531
0.038830081981893
-0.152768692577520
0.131323287891549
0.114208819993665
0.200792292809954
0.210590867618395
0.182630498163378
0.496471283251856
0.152646049525439
0.171822190930523
-0.270589862668193
0.000446481786465
0.193958528233175
-0.062168797086960
0.270416938553537
-0.034134579940176
0.234250810858049
0.210590867618395
0.359685333204263
0.248235641625928
0.023899836137468
0.000619597947353
0.371509231127827
-0.000446481786465
-0.011815861841480
0.037367212380469
0.085699788232780
-0.148343399933841
0.204942013310393
0.210590867618395
0.440362773683748
-0.248235641625928
-0.152646049525439
-0.172441788877876
-0.372883001126053
0.000446481786465
-0.173492855188517
0.024801584706491
-0.270416938553537
-0.114208819993665
0.120719168801010
0.210590867618395
0.403045364577942
-0.496471283251856
-0.023899836137468
0.171822190930523
0.274343072101259
-0.000446481786465
0.312314301778182
-0.062168797086960
-0.085699788232780
0.034134579940176
0.004149720500439
0.210590867618395
0.257732275520370
-0.248235641625928
0.152646049525439
0.000619597947353
-0.102293138457860
0.000446481786465
-0.367451383421693
0.037367212380469
0.270416938553537
0.148343399933841
-0.113531642057039
0.210590867618395
0.043360031373679
0.248235641625928
0.023899836137468
-0.172441788877876
-0.097166159026568
-0.000446481786465
0.324130163619662
0.024801584706491
0.085699788232780
0.114208819993665
-0.200792292809954
0.210590867618395
-0.182630498163378
0.496471283251856
-0.152646049525439
0.171822190930523
0.270589862668193
0.000446481786465
-0.193958528233175
-0.062168797086960
-0.270416938553537
-0.034134579940176
-0.234250810858049
0.210590867618395
-0.359685333204263
0.248235641625928
-0.023899836137468
0.000619597947353
-0.371509231127827
-0.000446481786465
0.011815861841480
0.037367212380469
-0.085699788232780
-0.148343399933841
-0.204942013310393
0.210590867618395
-0.440362773683748
-0.248235641625928
0.152646049525439
-0.172441788877876
0.372883001126053
0.000446481786465
0.173492855188517
0.024801584706491
0.270416938553537
-0.114208819993665
-0.120719168801010
0.210590867618395
-0.403045364577942
-0.496471283251856
0.023899836137468
0.171822190930523
-0.274343072101259
-0.000446481786465
-0.312314301778182
-0.062168797086960
0.085699788232780
0.034134579940176
-0.004149720500439
0.210590867618395
-0.257732275520370
-0.248235641625928
-0.152646049525439
0.000619597947353
0.102293138457860
0.000446481786465
0.367451383421693
0.037367212380469
-0.270416938553537
0.148343399933841
0.113531642057039
0.210590867618395
-0.043360031373679
0.248235641625928
-0.023899836137468
-0.172441788877876
0.097166159026568
-0.000446481786465
-0.324130163619662
0.024801584706491
-0.085699788232780
0.270416938553537
0.114208819993665
0.200792292809954
0.210590867618395
0.182630498163378
0.496471283251856
0.152646049525439
0.171822190930523
-0.270589862668193
0.000446481786465
0.193958528233175
-0.062168797086960
-0.152768692577520
-0.006261507757967
-0.225194881339579
-0.217079544213377
-0.414135374121669
-0.128496223452068
0.016422235807589
0.050844621048597
-0.332374948634959
0.003474422697041
-0.083690170066253
-0.023098036974540
-0.191338044284588
-0.105353710801443
0.234250810858049
0.208774608611126
0.403045364577942
-0.429956743545567
-0.144145274745102
-0.099917038269876
-0.371509231127827
0.006265587442567
-0.312314301778182
0.050212373339974
0.251812552404562
0.155254154419701
-0.227342934734311
-0.186242028448380
-0.155856846716066
0.351058211051774
-0.091037320538724
-0.192148651682008
-0.385325773467366
0.008629762758256
-0.357988951231535
0.049089874014907
0.060990275568234
-0.114208819993665
0.204942013310393
0.151017361826381
-0.182630498163378
0.248235641625928
0.097020890004053
-0.171822190930523
-0.372883001126053
0.010405834003327
-0.193958528233175
-0.024801584706491
-0.283383442170782
0.006261507757967
-0.168574632362063
-0.105501111563905
0.414135374121669
-0.479554434503843
0.141259028750416
-0.050844621048597
-0.335028868476294
0.011472764857525
0.083690170066253
-0.061928118956433
0.085699788232780
0.105353710801443
0.120719168801010
0.052795134897179
-0.403045364577942
-0.000000000000000
-0.023899836137468
0.099917038269876
-0.274343072101259
0.011757845746323
0.312314301778182
-0.007254768520107
0.239021967458989
-0.155254154419701
-0.064636893384027
0.003508742964704
0.155856846716066
0.479554434503843
-0.153630494284828
0.192148651682008
-0.194961248735887
0.011241648878268
0.357988951231535
0.058172774434805
-0.209426662985303
0.114208819993665
0.004149720500439
-0.059573505792014
0.182630498163378
-0.248235641625928
-0.055625159521387
0.171822190930523
-0.102293138457860
0.009959352216862
0.193958528233176
0.037367212380469
-0.130614749593262
-0.006261507757967
0.056620248977516
0.111578432649472
-0.414135374121669
-0.351058211051774
0.124836792942827
0.050844621048597
-0.002653919841335
0.007998342160484
-0.083690170066253
-0.038830081981893
0.277037832517369
-0.105353710801443
-0.113531642057039
-0.155979473713947
0.403045364577942
0.429956743545567
0.120245438607634
-0.099917038269876
0.097166159026568
0.005492258303755
-0.312314301778182
-0.057467141860081
-0.012790584945573
0.155254154419701
0.162706041350284
0.189750771413084
-0.155856846716066
0.128496223452068
-0.062593173746104
-0.192148651682008
0.190364524731479
0.002611886120012
-0.357988951231535
0.009082900419899
-0.062168797086960
0.270416938553537
0.114208819993665
0.200792292809954
0.210590867618395
0.182630498163378
0.496471283251856
0.152646049525439
0.171822190930523
-0.270589862668193
0.000446481786465
0.193958528233175
0.007254768520107
0.209426662985303
0.046230884050036
0.200792292809954
0.208774608611126
0.440362773683748
-0.000000000000000
-0.055625159521387
-0.098843863144795
0.270589862668193
-0.006265587442567
0.173492855188517
0.062168797086960
-0.060990275568234
-0.034134579940176
0.200792292809954
0.151017361826381
0.257732275520370
-0.496471283251856
-0.097020890004053
-0.000619597947353
-0.270589862668193
0.010405834003327
-0.367451383421693
-0.007254768520107
-0.270416938553537
-0.105353710801443
0.200792292809954
0.052795134897179
-0.182630498163378
0.000000000000000
0.152646049525439
0.099917038269876
0.270589862668193
-0.011757845746323
0.193958528233175
-0.062168797086960
-0.209426662985303
-0.148343399933841
0.200792292809954
-0.059573505792014
-0.440362773683748
0.496471283251856
-0.055625159521387
-0.172441788877876
-0.270589862668193
0.009959352216862
0.173492855188517
0.007254768520107
0.060990275568234
-0.151584594851479
0.200792292809954
-0.155979473713947
-0.257732275520370
-0.000000000000000
-0.097020890004053
0.198760901414671
0.270589862668193
-0.005492258303755
-0.367451383421693
0.062168797086960
0.270416938553537
-0.114208819993665
0.200792292809954
-0.210590867618395
0.182630498163378
-0.496471283251856
0.152646049525439
-0.171822190930523
-0.270589862668193
-0.000446481786465
0.193958528233175
-0.007254768520107
0.209426662985303
-0.046230884050036
0.200792292809954
-0.208774608611126
0.440362773683748
0.000000000000000
-0.055625159521387
0.098843863144795
0.270589862668193
0.006265587442567
0.173492855188517
-0.062168797086960
-0.060990275568234
0.034134579940176
0.200792292809954
-0.151017361826381
0.257732275520370
0.496471283251856
-0.097020890004053
0.000619597947353
-0.270589862668193
-0.010405834003327
-0.367451383421693
0.007254768520107
-0.270416938553537
0.105353710801443
0.200792292809954
-0.052795134897179
-0.182630498163378
-0.000000000000000
0.152646049525439
-0.099917038269876
0.270589862668193
0.011757845746323
0.193958528233175
0.062168797086960
-0.209426662985303
0.148343399933841
0.200792292809954
0.059573505792014
-0.440362773683748
-0.496471283251856
-0.055625159521387
0.172441788877876
-0.270589862668193
-0.009959352216862
0.173492855188517
-0.007254768520107
0.060990275568234
0.151584594851479
0.200792292809954
0.155979473713947
-0.257732275520370
0.000000000000000
-0.097020890004053
-0.198760901414671
0.270589862668193
0.005492258303755
-0.367451383421693
0.193958528233175
-0.062168797086960
0.270416938553537
0.114208819993665
0.200792292809954
0.210590867618395
0.182630498163378
0.496471283251856
0.152646049525439
0.171822190930523
-0.270589862668193
0.000446481786465
-0.251472288940183
0.009082900419899
-0.251812552404562
-0.083049701994244
-0.162706041350284
-0.186242028448380
-0.436580177953171
0.128496223452068
0.091037320538724
0.140107059314882
-0.190364524731479
0.008629762758256
-0.324130163619662
0.057467141860081
0.085699788232780
0.046230884050036
0.113531642057039
0.052795134897179
0.043360031373679
-0.429956743545567
-0.023899836137468
0.098843863144795
-0.097166159026568
0.011757845746323
0.083690170066253
-0.038830081981893
0.130614749593262
-0.006261507757967
-0.056620248977516
0.111578432649472
0.414135374121669
-0.351058211051774
-0.124836792942827
0.050844621048597
0.002653919841335
0.007998342160484
0.367451383421693
-0.037367212380469
-0.270416938553537
-0.034134579940176
-0.004149720500439
-0.210590867618395
-0.257732275520370
0.248235641625928
-0.152646049525439
-0.000619597947353
0.102293138457860
-0.000446481786465
0.106516662291352
0.058172774434805
0.251812552404562
0.072204452425457
0.064636893384027
0.186242028448380
-0.280723331237105
0.479554434503843
-0.091037320538724
-0.052041592367126
0.194961248735887
-0.008629762758256
-0.312314301778182
0.007254768520107
-0.085699788232780
-0.105353710801443
-0.120719168801010
-0.052795134897179
0.403045364577942
0.000000000000000
0.023899836137468
-0.099917038269876
0.274343072101259
-0.011757845746323
-0.268182441007531
-0.061928118956433
-0.130614749593262
0.131323287891549
0.168574632362063
-0.111578432649472
0.072091698450984
-0.479554434503843
0.124836792942827
-0.140983303135248
0.335028868476294
-0.007998342160484
0.173492855188517
0.024801584706491
0.270416938553537
-0.148343399933841
-0.204942013310393
0.210590867618395
-0.440362773683748
-0.248235641625928
0.152646049525439
-0.172441788877876
0.372883001126053
0.000446481786465
0.357988951231535
0.049089874014907
-0.251812552404562
0.155254154419701
0.227342934734311
-0.186242028448380
0.155856846716066
0.351058211051774
0.091037320538724
-0.192148651682008
0.385325773467366
0.008629762758256
0.011815861841480
-0.050212373339974
0.085699788232780
-0.151584594851479
-0.234250810858049
0.052795134897179
0.359685333204263
0.429956743545567
-0.023899836137468
-0.198760901414671
0.371509231127827
0.011757845746323
-0.351872611073785
-0.023098036974540
0.130614749593262
0.137584795649517
0.225194881339579
0.111578432649472
-0.342043675670685
-0.128496223452068
-0.124836792942827
-0.191827924183845
0.332374948634959
0.007998342160484
0.000446481786465
0.193958528233175
-0.062168797086960
0.270416938553537
0.114208819993665
0.200792292809954
0.210590867618395
0.182630498163378
0.496471283251856
0.152646049525439
0.171822190930523
-0.270589862668193
-0.010405834003327
0.312314301778182
-0.024801584706491
0.277037832517369
0.114208819993665
0.113531642057039
0.151017361826381
0.403045364577942
-0.248235641625928
-0.120245438607634
-0.171822190930523
0.097166159026568
0.009959352216862
-0.193958528233175
0.037367212380469
0.209426662985303
0.114208819993665
-0.004149720500439
-0.059573505792014
-0.182630498163378
-0.248235641625928
0.055625159521387
0.171822190930523
0.102293138457860
0.000446481786465
-0.312314301778182
0.062168797086960
0.085699788232780
0.114208819993665
-0.120719168801010
-0.210590867618395
-0.403045364577942
0.496471283251856
0.023899836137468
-0.171822190930523
-0.274343072101259
-0.010405834003327
0.193958528233175
0.024801584706491
-0.060990275568234
0.114208819993665
-0.204942013310393
-0.151017361826381
0.182630498163378
-0.248235641625928
-0.097020890004053
0.171822190930523
0.372883001126053
0.009959352216862
0.312314301778182
-0.037367212380469
-0.191338044284588
0.114208819993665
-0.234250810858049
0.059573505792014
0.403045364577942
-0.248235641625928
0.144145274745102
-0.171822190930523
-0.371509231127827
0.000446481786465
-0.193958528233175
-0.062168797086960
-0.270416938553537
0.114208819993665
-0.200792292809954
0.210590867618395
-0.182630498163378
0.496471283251856
-0.152646049525439
0.171822190930523
0.270589862668193
-0.010405834003327
-0.312314301778182
-0.024801584706491
-0.277037832517369
0.114208819993665
-0.113531642057039
0.151017361826381
-0.403045364577942
-0.248235641625928
0.120245438607634
-0.171822190930523
-0.097166159026568
0.009959352216862
0.193958528233175
0.037367212380469
-0.209426662985303
0.114208819993665
0.004149720500439
-0.059573505792014
0.182630498163378
-0.248235641625928
-0.055625159521387
0.171822190930523
-0.102293138457860
0.000446481786465
0.312314301778182
0.062168797086960
-0.085699788232780
0.114208819993665
0.120719168801010
-0.210590867618395
0.403045364577942
0.496471283251856
-0.023899836137468
-0.171822190930523
0.274343072101259
-0.010405834003327
-0.193958528233175
0.024801584706491
0.060990275568234
0.114208819993665
0.204942013310393
-0.151017361826381
-0.182630498163378
-0.248235641625928
0.097020890004053
0.171822190930523
-0.372883001126053
0.009959352216862
-0.312314301778182
-0.037367212380469
0.191338044284588
0.114208819993665
0.234250810858049
0.059573505792014
-0.403045364577942
-0.248235641625928
-0.144145274745102
-0.171822190930523
0.371509231127827
-0.270589862668193
0.000446481786465
0.193958528233175
-0.062168797086960
0.270416938553537
0.114208819993665
0.200792292809954
0.210590867618395
0.182630498163378
0.496471283251856
0.152646049525439
0.171822190930523
0.002653919841335
0.011472764857525
-0.351872611073785
0.038830081981893
-0.283383442170782
-0.137584795649517
-0.056620248977516
-0.105501111563905
-0.342043675670685
0.351058211051775
0.141259028750416
0.191827924183845
0.274343072101259
0.005492258303755
-0.011815861841480
0.007254768520107
0.277037832517369
0.151584594851479
-0.120719168801010
-0.155979473713947
-0.359685333204263
0.000000000000000
0.120245438607634
0.198760901414671
0.385325773467366
-0.008629762758256
0.357988951231535
-0.049089874014907
-0.251812552404562
-0.155254154419701
0.227342934734311
0.186242028448380
0.155856846716066
-0.351058211051774
0.091037320538724
0.192148651682008
0.270589862668193
-0.009959352216862
-0.173492855188517
0.062168797086960
0.209426662985303
0.148343399933841
-0.200792292809954
0.059573505792014
0.440362773683748
-0.496471283251856
0.055625159521387
0.172441788877876
-0.002653919841335
0.003474422697041
-0.268182441007531
-0.038830081981893
-0.152768692577520
-0.131323287891549
0.056620248977516
-0.217079544213377
0.072091698450984
-0.351058211051775
0.016422235807589
0.140983303135248
-0.274343072101259
0.011757845746323
0.312314301778182
-0.007254768520107
0.085699788232780
0.105353710801443
0.120719168801010
0.052795134897179
-0.403045364577942
-0.000000000000000
-0.023899836137468
0.099917038269876
-0.385325773467366
0.002611886120012
0.106516662291352
0.049089874014907
-0.012790584945573
-0.072204452425457
-0.227342934734311
0.189750771413084
-0.280723331237105
0.351058211051775
-0.062593173746104
0.052041592367126
-0.270589862668193
-0.010405834003327
-0.367451383421693
-0.062168797086960
-0.060990275568234
0.034134579940176
0.200792292809954
-0.151017361826381
0.257732275520370
0.496471283251856
-0.097020890004053
0.000619597947353
0.002653919841335
-0.007998342160484
0.083690170066253
0.038830081981893
0.130614749593262
0.006261507757967
-0.056620248977516
-0.111578432649472
0.414135374121669
0.351058211051774
-0.124836792942827
-0.050844621048597
0.274343072101259
0.006265587442567
0.324130163619662
0.007254768520107
-0.191338044284588
-0.046230884050036
-0.120719168801010
0.208774608611126
-0.043360031373679
0.000000000000000
-0.144145274745102
-0.098843863144795
0.385325773467366
0.011241648878268
-0.251472288940183
-0.049089874014907
0.239021967458989
0.083049701994244
0.227342934734311
0.003508742964704
-0.436580177953171
-0.351058211051775
-0.153630494284828
-0.140107059314882
0.171822190930523
-0.270589862668193
0.000446481786465
0.193958528233175
-0.062168797086960
0.270416938553537
0.114208819993665
0.200792292809954
0.210590867618395
0.182630498163378
0.496471283251856
0.152646049525439
-0.198760901414671
-0.102293138457860
-0.011757845746323
0.367451383421693
-0.050212373339974
0.270416938553537
0.151584594851479
-0.004149720500439
0.052795134897179
0.257732275520370
-0.429956743545567
-0.152646049525439
0.172441788877876
0.372883001126053
-0.000446481786465
0.173492855188517
-0.024801584706491
0.270416938553537
0.148343399933841
-0.204942013310393
-0.210590867618395
-0.440362773683748
0.248235641625928
0.152646049525439
-0.099917038269876
-0.270589862668193
0.011757845746323
-0.193958528233175
0.007254768520107
0.270416938553537
0.105353710801443
-0.200792292809954
-0.052795134897179
0.182630498163378
-0.000000000000000
-0.152646049525439
0.000619597947353
-0.102293138457860
0.000446481786465
-0.367451383421693
0.037367212380469
0.270416938553537
0.034134579940176
0.004149720500439
0.210590867618395
0.257732275520370
-0.248235641625928
0.152646049525439
0.098843863144795
0.372883001126053
-0.011757845746323
-0.173492855188517
0.057467141860081
0.270416938553537
-0.046230884050036
0.204942013310393
0.052795134897179
-0.440362773683748
0.429956743545567
-0.152646049525439
-0.171822190930523
-0.270589862668193
-0.000446481786465
0.193958528233175
0.062168797086960
0.270416938553537
-0.114208819993665
0.200792292809954
-0.210590867618395
0.182630498163378
-0.496471283251856
0.152646049525439
0.198760901414671
-0.102293138457860
0.011757845746323
0.367451383421693
0.050212373339974
0.270416938553537
-0.151584594851479
-0.004149720500439
-0.052795134897179
0.257732275520370
0.429956743545567
-0.152646049525439
-0.172441788877876
0.372883001126053
0.000446481786465
0.173492855188517
0.024801584706491
0.270416938553537
-0.148343399933841
-0.204942013310393
0.210590867618395
-0.440362773683748
-0.248235641625928
0.152646049525439
0.099917038269876
-0.270589862668193
-0.011757845746323
-0.193958528233175
-0.007254768520107
0.270416938553537
-0.105353710801443
-0.200792292809954
0.052795134897179
0.182630498163378
0.000000000000000
-0.152646049525439
-0.000619597947353
-0.102293138457860
-0.000446481786465
-0.367451383421693
-0.037367212380469
0.270416938553537
-0.034134579940176
0.004149720500439
-0.210590867618395
0.257732275520370
0.248235641625928
0.152646049525439
-0.098843863144795
0.372883001126053
0.011757845746323
-0.173492855188517
-0.057467141860081
0.270416938553537
0.046230884050036
0.204942013310393
-0.052795134897179
-0.440362773683748
-0.429956743545567
-0.152646049525439
0.152646049525439
0.171822190930523
-0.270589862668193
0.000446481786465
0.193958528233175
-0.062168797086960
0.270416938553537
0.114208819993665
0.200792292809954
0.210590867618395
0.182630498163378
0.496471283251856
0.153630494284828
0.192148651682008
0.194961248735887
0.011241648878268
-0.357988951231535
0.058172774434805
-0.239021967458989
-0.155254154419701
0.064636893384027
0.003508742964704
-0.155856846716066
0.479554434503843
0.144145274745102
0.099917038269876
0.371509231127827
-0.006265587442567
0.312314301778182
-0.050212373339974
0.191338044284588
0.105353710801443
-0.234250810858049
-0.208774608611126
-0.403045364577942
0.429956743545567
0.124836792942827
-0.050844621048597
-0.002653919841335
-0.007998342160484
-0.083690170066253
0.038830081981893
-0.130614749593262
0.006261507757967
0.056620248977516
-0.111578432649472
-0.414135374121669
0.351058211051775
0.097020890004053
-0.171822190930523
-0.372883001126053
0.010405834003327
-0.193958528233175
-0.024801584706491
0.060990275568234
-0.114208819993665
0.204942013310393
0.151017361826381
-0.182630498163378
0.248235641625928
0.062593173746104
-0.192148651682008
-0.190364524731479
0.002611886120012
0.357988951231535
0.009082900419899
0.012790584945573
0.155254154419701
-0.162706041350284
0.189750771413084
0.155856846716066
0.128496223452068
0.023899836137468
-0.099917038269876
0.274343072101259
-0.011757845746323
-0.312314301778182
0.007254768520107
-0.085699788232780
-0.105353710801443
-0.120719168801010
-0.052795134897179
0.403045364577942
0.000000000000000
-0.016422235807589
0.050844621048597
0.332374948634959
0.003474422697041
0.083690170066253
-0.023098036974540
0.152768692577520
-0.006261507757967
0.225194881339579
-0.217079544213377
0.414135374121669
-0.128496223452068
-0.055625159521387
0.171822190930523
-0.102293138457860
0.009959352216862
0.193958528233175
0.037367212380469
-0.209426662985303
0.114208819993665
0.004149720500439
-0.059573505792014
0.182630498163378
-0.248235641625928
-0.091037320538724
0.192148651682008
-0.385325773467366
-0.008629762758256
-0.357988951231535
-0.049089874014907
0.251812552404562
-0.155254154419701
-0.227342934734311
0.186242028448380
-0.155856846716066
-0.351058211051775
-0.120245438607634
0.099917038269876
-0.097166159026568
-0.005492258303755
0.312314301778182
0.057467141860081
-0.277037832517369
0.105353710801443
0.113531642057039
0.155979473713947
-0.403045364577942
-0.429956743545567
-0.141259028750416
-0.050844621048597
0.335028868476294
0.011472764857525
-0.083690170066253
-0.061928118956433
0.283383442170782
0.006261507757967
0.168574632362063
-0.105501111563905
-0.414135374121669
-0.479554434503843
0.000000000000000
-0.023899836137468
-0.099917038269876
-0.274343072101259
-0.011757845746323
0.312314301778182
0.007254768520107
0.085699788232780
-0.105353710801443
0.120719168801010
-0.052795134897179
-0.403045364577942
0.000000000000000
0.055625159521387
0.098843863144795
-0.270589862668193
0.006265587442567
-0.173492855188517
-0.007254768520107
-0.209426662985303
-0.046230884050036
-0.200792292809954
-0.208774608611126
-0.440362773683748
0.000000000000000
0.120245438607634
0.198760901414671
0.274343072101259
0.005492258303755
-0.011815861841480
0.007254768520107
0.277037832517369
0.151584594851479
-0.120719168801010
-0.155979473713947
-0.359685333204263
0.000000000000000
0.152646049525439
0.099917038269876
0.270589862668193
-0.011757845746323
0.193958528233175
-0.007254768520107
-0.270416938553537
-0.105353710801443
0.200792292809954
0.052795134897179
-0.182630498163378
0.000000000000000
0.144145274745102
-0.098843863144795
-0.274343072101259
0.006265587442567
-0.324130163619662
0.007254768520107
0.191338044284588
-0.046230884050036
0.120719168801010
0.208774608611126
0.043360031373679
0.000000000000000
0.097020890004053
-0.198760901414671
-0.270589862668193
0.005492258303755
0.367451383421693
-0.007254768520107
-0.060990275568234
0.151584594851479
-0.200792292809954
0.155979473713947
0.257732275520370
0.000000000000000
0.023899836137468
-0.099917038269876
0.274343072101259
-0.011757845746323
-0.312314301778182
0.007254768520107
-0.085699788232780
-0.105353710801443
-0.120719168801010
-0.052795134897179
0.403045364577942
0.000000000000000
-0.055625159521387
0.098843863144795
0.270589862668193
0.006265587442567
0.173492855188517
-0.007254768520107
0.209426662985303
-0.046230884050036
0.200792292809954
-0.208774608611126
0.440362773683748
0.000000000000000
-0.120245438607634
0.198760901414671
-0.274343072101259
0.005492258303755
0.011815861841480
0.007254768520107
-0.277037832517369
0.151584594851479
0.120719168801010
-0.155979473713947
0.359685333204263
0.000000000000000
-0.152646049525439
0.099917038269876
-0.270589862668193
-0.011757845746323
-0.193958528233175
-0.007254768520107
0.270416938553537
-0.105353710801443
-0.200792292809954
0.052795134897179
0.182630498163378
0.000000000000000
-0.144145274745102
-0.098843863144795
0.274343072101259
0.006265587442567
0.324130163619662
0.007254768520107
-0.191338044284588
-0.046230884050036
-0.120719168801010
0.208774608611126
-0.043360031373679
0.000000000000000
-0.097020890004053
-0.198760901414671
0.270589862668193
0.005492258303755
-0.367451383421693
-0.007254768520107
0.060990275568234
0.151584594851479
0.200792292809954
0.155979473713947
-0.257732275520370
-0.403045364577942
0.000000000000000
-0.023899836137468
-0.099917038269876
-0.274343072101259
-0.011757845746323
0.312314301778182
0.007254768520107
0.085699788232780
-0.105353710801443
0.120719168801010
-0.052795134897179
0.436580177953171
-0.128496223452068
-0.091037320538724
-0.140107059314882
0.190364524731479
-0.008629762758256
0.251472288940183
-0.009082900419899
0.251812552404562
0.083049701994244
0.162706041350284
0.186242028448380
-0.440362773683748
0.248235641625928
0.152646049525439
0.172441788877876
0.372883001126053
-0.000446481786465
0.173492855188517
-0.024801584706491
0.270416938553537
0.148343399933841
-0.204942013310393
-0.210590867618395
0.414135374121669
-0.351058211051775
-0.124836792942827
0.050844621048597
0.002653919841335
0.007998342160484
0.083690170066253
-0.038830081981893
0.130614749593262
-0.006261507757967
-0.056620248977516
0.111578432649472
-0.359685333204263
0.429956743545567
0.023899836137468
-0.198760901414671
-0.371509231127827
0.011757845746323
-0.011815861841480
-0.050212373339974
-0.085699788232780
-0.151584594851479
0.234250810858049
0.052795134897179
0.280723331237105
-0.479554434503843
0.091037320538724
0.052041592367126
-0.194961248735887
0.008629762758256
-0.106516662291352
-0.058172774434805
-0.251812552404562
-0.072204452425457
-0.064636893384027
-0.186242028448380
-0.182630498163378
0.496471283251856
-0.152646049525439
0.171822190930523
0.270589862668193
0.000446481786465
-0.193958528233175
-0.062168797086960
-0.270416938553537
0.114208819993665
-0.200792292809954
0.210590867618395
0.072091698450984
-0.479554434503843
0.124836792942827
-0.140983303135248
0.335028868476294
-0.007998342160484
-0.268182441007531
-0.061928118956433
-0.130614749593262
0.131323287891549
0.168574632362063
-0.111578432649472
0.043360031373679
0.429956743545567
-0.023899836137468
-0.098843863144795
-0.097166159026568
-0.011757845746323
-0.324130163619662
-0.057467141860081
0.085699788232780
-0.046230884050036
0.113531642057039
-0.052795134897179
-0.155856846716066
-0.351058211051775
-0.091037320538724
0.192148651682008
-0.385325773467366
-0.008629762758256
-0.357988951231535
-0.049089874014907
0.251812552404562
-0.155254154419701
-0.227342934734311
0.186242028448380
0.257732275520370
0.248235641625928
0.152646049525439
-0.000619597947353
-0.102293138457860
-0.000446481786465
-0.367451383421693
-0.037367212380469
0.270416938553537
-0.034134579940176
0.004149720500439
-0.210590867618395
-0.342043675670685
-0.128496223452068
-0.124836792942827
-0.191827924183845
0.332374948634959
0.007998342160484
-0.351872611073785
-0.023098036974540
0.130614749593262
0.137584795649517
0.225194881339579
0.111578432649472
-0.052795134897179
-0.403045364577942
0.000000000000000
-0.023899836137468
-0.099917038269876
-0.274343072101259
-0.011757845746323
0.312314301778182
0.007254768520107
0.085699788232780
-0.105353710801443
0.120719168801010
-0.151017361826381
-0.403045364577942
0.248235641625928
0.120245438607634
0.171822190930523
-0.097166159026568
0.010405834003327
-0.312314301778182
0.024801584706491
-0.277037832517369
-0.114208819993665
-0.113531642057039
-0.208774608611126
-0.403045364577942
0.429956743545567
0.144145274745102
0.099917038269876
0.371509231127827
-0.006265587442567
0.312314301778182
-0.050212373339974
0.191338044284588
0.105353710801443
-0.234250810858049
-0.210590867618395
-0.403045364577942
0.496471283251856
0.023899836137468
-0.171822190930523
-0.274343072101259
0.000446481786465
-0.312314301778182
0.062168797086960
0.085699788232780
0.114208819993665
-0.120719168801010
-0.155979473713947
-0.403045364577942
0.429956743545567
-0.120245438607634
-0.099917038269876
-0.097166159026568
0.005492258303755
0.312314301778182
-0.057467141860081
-0.277037832517369
-0.105353710801443
0.113531642057039
-0.059573505792014
-0.403045364577942
0.248235641625928
-0.144145274745102
0.171822190930523
0.371509231127827
-0.009959352216862
-0.312314301778182
0.037367212380469
0.191338044284588
-0.114208819993665
0.234250810858049
0.052795134897179
-0.403045364577942
-0.000000000000000
-0.023899836137468
0.099917038269876
-0.274343072101259
0.011757845746323
0.312314301778182
-0.007254768520107
0.085699788232780
0.105353710801443
0.120719168801010
0.151017361826381
-0.403045364577942
-0.248235641625928
0.120245438607634
-0.171822190930523
-0.097166159026568
-0.010405834003327
-0.312314301778182
-0.024801584706491
-0.277037832517369
0.114208819993665
-0.113531642057039
0.208774608611126
-0.403045364577942
-0.429956743545567
0.144145274745102
-0.099917038269876
0.371509231127827
0.006265587442567
0.312314301778182
0.050212373339974
0.191338044284588
-0.105353710801443
-0.234250810858049
0.210590867618395
-0.403045364577942
-0.496471283251856
0.023899836137468
0.171822190930523
-0.274343072101259
-0.000446481786465
-0.312314301778182
-0.062168797086960
0.085699788232780
-0.114208819993665
-0.120719168801010
0.155979473713947
-0.403045364577942
-0.429956743545567
-0.120245438607634
0.099917038269876
-0.097166159026568
-0.005492258303755
0.312314301778182
0.057467141860081
-0.277037832517369
0.105353710801443
0.113531642057039
0.059573505792014
-0.403045364577942
-0.248235641625928
-0.144145274745102
-0.171822190930523
0.371509231127827
0.009959352216862
-0.312314301778182
-0.037367212380469
0.191338044284588
0.114208819993665
0.234250810858049
0.120719168801010
-0.052795134897179
-0.403045364577942
0.000000000000000
-0.023899836137468
-0.099917038269876
-0.274343072101259
-0.011757845746323
0.312314301778182
0.007254768520107
0.085699788232780
-0.105353710801443
0.056620248977516
0.105501111563905
0.342043675670685
-0.351058211051774
-0.141259028750416
-0.191827924183845
-0.002653919841335
-0.011472764857525
0.351872611073785
-0.038830081981893
0.283383442170782
0.137584795649517
-0.200792292809954
-0.151017361826381
-0.257732275520370
0.496471283251856
0.097020890004053
0.000619597947353
0.270589862668193
-0.010405834003327
0.367451383421693
-0.062168797086960
0.060990275568234
0.034134579940176
0.227342934734311
0.186242028448380
0.155856846716066
-0.351058211051774
0.091037320538724
0.192148651682008
0.385325773467366
-0.008629762758256
0.357988951231535
-0.049089874014907
-0.251812552404562
-0.155254154419701
-0.120719168801010
-0.208774608611126
-0.043360031373679
-0.000000000000000
-0.144145274745102
0.098843863144795
0.274343072101259
-0.006265587442567
0.324130163619662
-0.007254768520107
-0.191338044284588
0.046230884050036
-0.056620248977516
0.217079544213377
-0.072091698450984
0.351058211051774
-0.016422235807589
-0.140983303135248
0.002653919841335
-0.003474422697041
0.268182441007531
0.038830081981893
0.152768692577520
0.131323287891549
0.200792292809954
-0.210590867618395
0.182630498163378
-0.496471283251856
0.152646049525439
-0.171822190930523
-0.270589862668193
-0.000446481786465
0.193958528233175
0.062168797086960
0.270416938553537
-0.114208819993665
-0.227342934734311
0.189750771413084
-0.280723331237105
0.351058211051774
-0.062593173746104
0.052041592367126
-0.385325773467366
0.002611886120012
0.106516662291352
0.049089874014907
-0.012790584945573
-0.072204452425457
0.120719168801010
-0.155979473713947
0.359685333204263
0.000000000000000
-0.120245438607634
0.198760901414671
-0.274343072101259
0.005492258303755
0.011815861841480
0.007254768520107
-0.277037832517369
0.151584594851479
0.056620248977516
0.111578432649472
-0.414135374121669
-0.351058211051774
0.124836792942827
0.050844621048597
-0.002653919841335
0.007998342160484
-0.083690170066253
-0.038830081981893
-0.130614749593262
-0.006261507757967
-0.200792292809954
-0.059573505792014
0.440362773683748
0.496471283251856
0.055625159521387
-0.172441788877876
0.270589862668193
0.009959352216862
-0.173492855188517
-0.062168797086960
0.209426662985303
-0.148343399933841
0.227342934734311
0.003508742964704
-0.436580177953171
-0.351058211051774
-0.153630494284828
-0.140107059314882
0.385325773467366
0.011241648878268
-0.251472288940183
-0.049089874014907
0.239021967458989
0.083049701994244
-0.105353710801443
0.120719168801010
-0.052795134897179
-0.403045364577942
0.000000000000000
-0.023899836137468
-0.099917038269876
-0.274343072101259
-0.011757845746323
0.312314301778182
0.007254768520107
0.085699788232780
-0.151584594851479
0.004149720500439
-0.052795134897179
-0.257732275520370
0.429956743545567
0.152646049525439
0.198760901414671
0.102293138457860
0.011757845746323
-0.367451383421693
0.050212373339974
-0.270416938553537
-0.046230884050036
-0.113531642057039
-0.052795134897179
-0.043360031373679
0.429956743545567
0.023899836137468
-0.098843863144795
0.097166159026568
-0.011757845746323
0.324130163619662
-0.057467141860081
-0.085699788232780
0.105353710801443
-0.200792292809954
-0.052795134897179
0.182630498163378
-0.000000000000000
-0.152646049525439
-0.099917038269876
-0.270589862668193
0.011757845746323
-0.193958528233175
0.007254768520107
0.270416938553537
0.151584594851479
-0.234250810858049
-0.052795134897179
0.359685333204263
-0.429956743545567
-0.023899836137468
0.198760901414671
0.371509231127827
-0.011757845746323
0.011815861841480
0.050212373339974
0.085699788232780
0.046230884050036
-0.204942013310393
-0.052795134897179
0.440362773683748
-0.429956743545567
0.152646049525439
-0.098843863144795
-0.372883001126053
0.011757845746323
0.173492855188517
-0.057467141860081
-0.270416938553537
-0.105353710801443
-0.120719168801010
-0.052795134897179
0.403045364577942
0.000000000000000
0.023899836137468
-0.099917038269876
0.274343072101259
-0.011757845746323
-0.312314301778182
0.007254768520107
-0.085699788232780
-0.151584594851479
-0.004149720500439
-0.052795134897179
0.257732275520370
0.429956743545567
-0.152646049525439
0.198760901414671
-0.102293138457860
0.011757845746323
0.367451383421693
0.050212373339974
0.270416938553537
-0.046230884050036
0.113531642057039
-0.052795134897179
0.043360031373679
0.429956743545567
-0.023899836137468
-0.098843863144795
-0.097166159026568
-0.011757845746323
-0.324130163619662
-0.057467141860081
0.085699788232780
0.105353710801443
0.200792292809954
-0.052795134897179
-0.182630498163378
-0.000000000000000
0.152646049525439
-0.099917038269876
0.270589862668193
0.011757845746323
0.193958528233175
0.007254768520107
-0.270416938553537
0.151584594851479
0.234250810858049
-0.052795134897179
-0.359685333204263
-0.429956743545567
0.023899836137468
0.198760901414671
-0.371509231127827
-0.011757845746323
-0.011815861841480
0.050212373339974
-0.085699788232780
0.046230884050036
0.204942013310393
-0.052795134897179
-0.440362773683748
-0.429956743545567
-0.152646049525439
-0.098843863144795
0.372883001126053
0.011757845746323
-0.173492855188517
-0.057467141860081
0.270416938553537
0.085699788232780
-0.105353710801443
0.120719168801010
-0.052795134897179
-0.403045364577942
0.000000000000000
-0.023899836137468
-0.099917038269876
-0.274343072101259
-0.011757845746323
0.312314301778182
0.007254768520107
0.239021967458989
0.155254154419701
-0.064636893384027
-0.003508742964704
0.155856846716066
-0.479554434503843
-0.153630494284828
-0.192148651682008
-0.194961248735887
-0.011241648878268
0.357988951231535
-0.058172774434805
-0.209426662985303
-0.114208819993665
0.004149720500439
0.059573505792014
0.182630498163378
0.248235641625928
-0.055625159521387
-0.171822190930523
-0.102293138457860
-0.009959352216862
0.193958528233176
-0.037367212380469
-0.130614749593262
0.006261507757967
0.056620248977516
-0.111578432649472
-0.414135374121669
0.351058211051774
0.124836792942827
-0.050844621048597
-0.002653919841335
-0.007998342160484
-0.083690170066253
0.038830081981893
0.277037832517369
0.105353710801443
-0.113531642057039
0.155979473713947
0.403045364577942
-0.429956743545567
0.120245438607634
0.099917038269876
0.097166159026568
-0.005492258303755
-0.312314301778182
0.057467141860081
-0.012790584945573
-0.155254154419701
0.162706041350284
-0.189750771413084
-0.155856846716066
-0.128496223452068
-0.062593173746104
0.192148651682008
0.190364524731479
-0.002611886120012
-0.357988951231535
-0.009082900419899
-0.270416938553537
0.114208819993665
-0.200792292809954
0.210590867618395
-0.182630498163378
0.496471283251856
-0.152646049525439
0.171822190930523
0.270589862668193
0.000446481786465
-0.193958528233175
-0.062168797086960
0.152768692577520
-0.006261507757967
0.225194881339579
-0.217079544213377
0.414135374121669
-0.128496223452068
-0.016422235807589
0.050844621048597
0.332374948634959
0.003474422697041
0.083690170066253
-0.023098036974540
0.191338044284588
-0.105353710801443
-0.234250810858049
0.208774608611126
-0.403045364577942
-0.429956743545567
0.144145274745102
-0.099917038269876
0.371509231127827
0.006265587442567
0.312314301778182
0.050212373339974
-0.251812552404562
0.155254154419701
0.227342934734311
-0.186242028448380
0.155856846716066
0.351058211051774
0.091037320538724
-0.192148651682008
0.385325773467366
0.008629762758256
0.357988951231535
0.049089874014907
-0.060990275568234
-0.114208819993665
-0.204942013310393
0.151017361826381
0.182630498163378
0.248235641625928
-0.097020890004053
-0.171822190930523
0.372883001126053
0.010405834003327
0.193958528233175
-0.024801584706491
0.283383442170782
0.006261507757967
0.168574632362063
-0.105501111563905
-0.414135374121669
-0.479554434503843
-0.141259028750416
-0.050844621048597
0.335028868476294
0.011472764857525
-0.083690170066253
-0.061928118956433
0.007254768520107
0.085699788232780
-0.105353710801443
0.120719168801010
-0.052795134897179
-0.403045364577942
0.000000000000000
-0.023899836137468
-0.099917038269876
-0.274343072101259
-0.011757845746323
0.312314301778182
0.062168797086960
-0.191338044284588
-0.148343399933841
0.120719168801010
0.059573505792014
-0.043360031373679
0.496471283251856
0.144145274745102
0.172441788877876
0.274343072101259
0.009959352216862
-0.324130163619662
-0.007254768520107
-0.277037832517369
-0.151584594851479
0.120719168801010
0.155979473713947
0.359685333204263
-0.000000000000000
-0.120245438607634
-0.198760901414671
-0.274343072101259
-0.005492258303755
0.011815861841480
-0.062168797086960
-0.085699788232780
-0.114208819993665
0.120719168801010
0.210590867618395
0.403045364577942
-0.496471283251856
-0.023899836137468
0.171822190930523
0.274343072101259
-0.000446481786465
0.312314301778182
0.007254768520107
0.191338044284588
-0.046230884050036
0.120719168801010
0.208774608611126
0.043360031373679
0.000000000000000
0.144145274745102
-0.098843863144795
-0.274343072101259
0.006265587442567
-0.324130163619662
0.062168797086960
0.277037832517369
0.034134579940176
0.120719168801010
0.151017361826381
-0.359685333204263
0.496471283251856
-0.120245438607634
-0.000619597947353
0.274343072101259
-0.010405834003327
0.011815861841480
-0.007254768520107
0.085699788232780
0.105353710801443
0.120719168801010
0.052795134897179
-0.403045364577942
-0.000000000000000
-0.023899836137468
0.099917038269876
-0.274343072101259
0.011757845746323
0.312314301778182
-0.062168797086960
-0.191338044284588
0.148343399933841
0.120719168801010
-0.059573505792014
-0.043360031373679
-0.496471283251856
0.144145274745102
-0.172441788877876
0.274343072101259
-0.009959352216862
-0.324130163619662
0.007254768520107
-0.277037832517369
0.151584594851479
0.120719168801010
-0.155979473713947
0.359685333204263
0.000000000000000
-0.120245438607634
0.198760901414671
-0.274343072101259
0.005492258303755
0.011815861841480
0.062168797086960
-0.085699788232780
0.114208819993665
0.120719168801010
-0.210590867618395
0.403045364577942
0.496471283251856
-0.023899836137468
-0.171822190930523
0.274343072101259
0.000446481786465
0.312314301778182
-0.007254768520107
0.191338044284588
0.046230884050036
0.120719168801010
-0.208774608611126
0.043360031373679
-0.000000000000000
0.144145274745102
0.098843863144795
-0.274343072101259
-0.006265587442567
-0.324130163619662
-0.062168797086960
0.277037832517369
-0.034134579940176
0.120719168801010
-0.151017361826381
-0.359685333204263
-0.496471283251856
-0.120245438607634
0.000619597947353
0.274343072101259
0.010405834003327
0.011815861841480
0.312314301778182
0.007254768520107
0.085699788232780
-0.105353710801443
0.120719168801010
-0.052795134897179
-0.403045364577942
0.000000000000000
-0.023899836137468
-0.099917038269876
-0.274343072101259
-0.011757845746323
0.268182441007531
-0.061928118956433
0.130614749593262
0.131323287891549
-0.168574632362063
-0.111578432649472
-0.072091698450984
-0.479554434503843
-0.124836792942827
-0.140983303135248
-0.335028868476294
-0.007998342160484
-0.173492855188517
0.024801584706491
-0.270416938553537
-0.148343399933841
0.204942013310393
0.210590867618395
0.440362773683748
-0.248235641625928
-0.152646049525439
-0.172441788877876
-0.372883001126053
0.000446481786465
-0.357988951231535
0.049089874014907
0.251812552404562
0.155254154419701
-0.227342934734311
-0.186242028448380
-0.155856846716066
0.351058211051774
-0.091037320538724
-0.192148651682008
-0.385325773467366
0.008629762758256
-0.011815861841480
-0.050212373339974
-0.085699788232780
-0.151584594851479
0.234250810858049
0.052795134897179
-0.359685333204263
0.429956743545567
0.023899836137468
-0.198760901414671
-0.371509231127827
0.011757845746323
0.351872611073785
-0.023098036974540
-0.130614749593262
0.137584795649517
-0.225194881339579
0.111578432649472
0.342043675670685
-0.128496223452068
0.124836792942827
-0.191827924183845
-0.332374948634959
0.007998342160484
0.193958528233175
0.062168797086960
0.270416938553537
-0.114208819993665
0.200792292809954
-0.210590867618395
0.182630498163378
-0.496471283251856
0.152646049525439
-0.171822190930523
-0.270589862668193
-0.000446481786465
-0.251472288940183
-0.009082900419899
-0.251812552404562
0.083049701994244
-0.162706041350284
0.186242028448380
-0.436580177953171
-0.128496223452068
0.091037320538724
-0.140107059314882
-0.190364524731479
-0.008629762758256
-0.324130163619662
-0.057467141860081
0.085699788232780
-0.046230884050036
0.113531642057039
-0.052795134897179
0.043360031373679
0.429956743545567
-0.023899836137468
-0.098843863144795
-0.097166159026568
-0.011757845746323
0.083690170066253
0.038830081981893
0.130614749593262
0.006261507757967
-0.056620248977516
-0.111578432649472
0.414135374121669
0.351058211051774
-0.124836792942827
-0.050844621048597
0.002653919841335
-0.007998342160484
0.367451383421693
0.037367212380469
-0.270416938553537
0.034134579940176
-0.004149720500439
0.210590867618395
-0.257732275520370
-0.248235641625928
-0.152646049525439
0.000619597947353
0.102293138457860
0.000446481786465
0.106516662291352
-0.058172774434805
0.251812552404562
-0.072204452425457
0.064636893384027
-0.186242028448380
-0.280723331237105
-0.479554434503843
-0.091037320538724
0.052041592367126
0.194961248735887
0.008629762758256
-0.011757845746323
0.312314301778182
0.007254768520107
0.085699788232780
-0.105353710801443
0.120719168801010
-0.052795134897179
-0.403045364577942
0.000000000000000
-0.023899836137468
-0.099917038269876
-0.274343072101259
0.005492258303755
-0.193958528233175
0.057467141860081
-0.060990275568234
-0.105353710801443
0.204942013310393
0.155979473713947
0.182630498163378
0.429956743545567
0.097020890004053
0.099917038269876
0.372883001126053
0.006265587442567
-0.312314301778182
0.050212373339974
-0.191338044284588
-0.105353710801443
0.234250810858049
0.208774608611126
0.403045364577942
-0.429956743545567
-0.144145274745102
-0.099917038269876
-0.371509231127827
-0.011757845746323
0.193958528233175
-0.007254768520107
-0.270416938553537
-0.105353710801443
0.200792292809954
0.052795134897179
-0.182630498163378
0.000000000000000
0.152646049525439
0.099917038269876
0.270589862668193
0.005492258303755
0.312314301778182
-0.057467141860081
-0.277037832517369
-0.105353710801443
0.113531642057039
-0.155979473713947
-0.403045364577942
0.429956743545567
-0.120245438607634
-0.099917038269876
-0.097166159026568
0.006265587442567
-0.193958528233175
-0.050212373339974
-0.209426662985303
-0.105353710801443
-0.004149720500439
-0.208774608611126
0.182630498163378
-0.429956743545567
0.055625159521387
0.099917038269876
-0.102293138457860
-0.011757845746323
-0.312314301778182
0.007254768520107
-0.085699788232780
-0.105353710801443
-0.120719168801010
-0.052795134897179
0.403045364577942
0.000000000000000
0.023899836137468
-0.099917038269876
0.274343072101259
0.005492258303755
0.193958528233175
0.057467141860081
0.060990275568234
-0.105353710801443
-0.204942013310393
0.155979473713947
-0.182630498163378
0.429956743545567
-0.097020890004053
0.099917038269876
-0.372883001126053
0.006265587442567
0.312314301778182
0.050212373339974
0.191338044284588
-0.105353710801443
-0.234250810858049
0.208774608611126
-0.403045364577942
-0.429956743545567
0.144145274745102
-0.099917038269876
0.371509231127827
-0.011757845746323
-0.193958528233175
-0.007254768520107
0.270416938553537
-0.105353710801443
-0.200792292809954
0.052795134897179
0.182630498163378
0.000000000000000
-0.152646049525439
0.099917038269876
-0.270589862668193
0.005492258303755
-0.312314301778182
-0.057467141860081
0.277037832517369
-0.105353710801443
-0.113531642057039
-0.155979473713947
0.403045364577942
0.429956743545567
0.120245438607634
-0.099917038269876
0.097166159026568
0.006265587442567
0.193958528233175
-0.050212373339974
0.209426662985303
-0.105353710801443
0.004149720500439
-0.208774608611126
-0.182630498163378
-0.429956743545567
-0.055625159521387
0.099917038269876
0.102293138457860
-0.274343072101259
-0.011757845746323
0.312314301778182
0.007254768520107
0.085699788232780
-0.105353710801443
0.120719168801010
-0.052795134897179
-0.403045364577942
0.000000000000000
-0.023899836137468
-0.099917038269876
-0.385325773467366
-0.002611886120012
0.106516662291352
-0.049089874014907
-0.012790584945573
0.072204452425457
-0.227342934734311
-0.189750771413084
-0.280723331237105
-0.351058211051775
-0.062593173746104
-0.052041592367126
-0.270589862668193
0.010405834003327
-0.367451383421693
0.062168797086960
-0.060990275568234
-0.034134579940176
0.200792292809954
0.151017361826381
0.257732275520370
-0.496471283251856
-0.097020890004053
-0.000619597947353
0.002653919841335
0.007998342160484
0.083690170066253
-0.038830081981893
0.130614749593262
-0.006261507757967
-0.056620248977516
0.111578432649472
0.414135374121669
-0.351058211051774
-0.124836792942827
0.050844621048597
0.274343072101259
-0.006265587442567
0.324130163619662
-0.007254768520107
-0.191338044284588
0.046230884050036
-0.120719168801010
-0.208774608611126
-0.043360031373679
-0.000000000000000
-0.144145274745102
0.098843863144795
0.385325773467366
-0.011241648878268
-0.251472288940183
0.049089874014907
0.239021967458989
-0.083049701994244
0.227342934734311
-0.003508742964704
-0.436580177953171
0.351058211051775
-0.153630494284828
0.140107059314882
0.270589862668193
0.000446481786465
-0.193958528233175
-0.062168797086960
-0.270416938553537
0.114208819993665
-0.200792292809954
0.210590867618395
-0.182630498163378
0.496471283251856
-0.152646049525439
0.171822190930523
-0.002653919841335
0.011472764857525
0.351872611073785
0.038830081981893
0.283383442170782
-0.137584795649517
0.056620248977516
-0.105501111563905
0.342043675670685
0.351058211051775
-0.141259028750416
0.191827924183845
-0.274343072101259
0.005492258303755
0.011815861841480
0.007254768520107
-0.277037832517369
0.151584594851479
0.120719168801010
-0.155979473713947
0.359685333204263
0.000000000000000
-0.120245438607634
0.198760901414671
-0.385325773467366
-0.008629762758256
-0.357988951231535
-0.049089874014907
0.251812552404562
-0.155254154419701
-0.227342934734311
0.186242028448380
-0.155856846716066
-0.351058211051774
-0.091037320538724
0.192148651682008
-0.270589862668193
-0.009959352216862
0.173492855188517
0.062168797086960
-0.209426662985303
0.148343399933841
0.200792292809954
0.059573505792014
-0.440362773683748
-0.496471283251856
-0.055625159521387
0.172441788877876
0.002653919841335
0.003474422697041
0.268182441007531
-0.038830081981893
0.152768692577520
-0.131323287891549
-0.056620248977516
-0.217079544213377
-0.072091698450984
-0.351058211051775
-0.016422235807589
0.140983303135248
-0.099917038269876
-0.274343072101259
-0.011757845746323
0.312314301778182
0.007254768520107
0.085699788232780
-0.105353710801443
0.120719168801010
-0.052795134897179
-0.403045364577942
0.000000000000000
-0.023899836137468
0.000619597947353
0.371509231127827
-0.000446481786465
-0.011815861841480
0.037367212380469
0.085699788232780
-0.034134579940176
0.234250810858049
0.210590867618395
0.359685333204263
0.248235641625928
0.023899836137468
0.098843863144795
-0.097166159026568
0.011757845746323
-0.324130163619662
0.057467141860081
0.085699788232780
0.046230884050036
0.113531642057039
0.052795134897179
0.043360031373679
-0.429956743545567
-0.023899836137468
-0.171822190930523
-0.274343072101259
0.000446481786465
-0.312314301778182
0.062168797086960
0.085699788232780
0.114208819993665
-0.120719168801010
-0.210590867618395
-0.403045364577942
0.496471283251856
0.023899836137468
0.198760901414671
0.371509231127827
-0.011757845746323
0.011815861841480
0.050212373339974
0.085699788232780
0.151584594851479
-0.234250810858049
-0.052795134897179
0.359685333204263
-0.429956743545567
-0.023899836137468
-0.172441788877876
-0.097166159026568
-0.000446481786465
0.324130163619662
0.024801584706491
0.085699788232780
0.148343399933841
-0.113531642057039
0.210590867618395
0.043360031373679
0.248235641625928
0.023899836137468
0.099917038269876
-0.274343072101259
0.011757845746323
0.312314301778182
-0.007254768520107
0.085699788232780
0.105353710801443
0.120719168801010
0.052795134897179
-0.403045364577942
-0.000000000000000
-0.023899836137468
-0.000619597947353
0.371509231127827
0.000446481786465
-0.011815861841480
-0.037367212380469
0.085699788232780
0.034134579940176
0.234250810858049
-0.210590867618395
0.359685333204263
-0.248235641625928
0.023899836137468
-0.098843863144795
-0.097166159026568
-0.011757845746323
-0.324130163619662
-0.057467141860081
0.085699788232780
-0.046230884050036
0.113531642057039
-0.052795134897179
0.043360031373679
0.429956743545567
-0.023899836137468
0.171822190930523
-0.274343072101259
-0.000446481786465
-0.312314301778182
-0.062168797086960
0.085699788232780
-0.114208819993665
-0.120719168801010
0.210590867618395
-0.403045364577942
-0.496471283251856
0.023899836137468
-0.198760901414671
0.371509231127827
0.011757845746323
0.011815861841480
-0.050212373339974
0.085699788232780
-0.151584594851479
-0.234250810858049
0.052795134897179
0.359685333204263
0.429956743545567
-0.023899836137468
0.172441788877876
-0.097166159026568
0.000446481786465
0.324130163619662
-0.024801584706491
0.085699788232780
-0.148343399933841
-0.113531642057039
-0.210590867618395
0.043360031373679
-0.248235641625928
0.023899836137468
-0.023899836137468
-0.099917038269876
-0.274343072101259
-0.011757845746323
0.312314301778182
0.007254768520107
0.085699788232780
-0.105353710801443
0.120719168801010
-0.052795134897179
-0.403045364577942
0.000000000000000
0.016422235807589
0.050844621048597
-0.332374948634959
0.003474422697041
-0.083690170066253
-0.023098036974540
-0.152768692577520
-0.006261507757967
-0.225194881339579
-0.217079544213377
-0.414135374121669
-0.128496223452068
0.055625159521387
0.171822190930523
0.102293138457860
0.009959352216862
-0.193958528233175
0.037367212380469
0.209426662985303
0.114208819993665
-0.004149720500439
-0.059573505792014
-0.182630498163378
-0.248235641625928
0.091037320538724
0.192148651682008
0.385325773467366
-0.008629762758256
0.357988951231535
-0.049089874014907
-0.251812552404562
-0.155254154419701
0.227342934734311
0.186242028448380
0.155856846716066
-0.351058211051775
0.120245438607634
0.099917038269876
0.097166159026568
-0.005492258303755
-0.312314301778182
0.057467141860081
0.277037832517369
0.105353710801443
-0.113531642057039
0.155979473713947
0.403045364577942
-0.429956743545567
0.141259028750416
-0.050844621048597
-0.335028868476294
0.011472764857525
0.083690170066253
-0.061928118956433
-0.283383442170782
0.006261507757967
-0.168574632362063
-0.105501111563905
0.414135374121669
-0.479554434503843
0.152646049525439
-0.171822190930523
-0.270589862668193
-0.000446481786465
0.193958528233175
0.062168797086960
0.270416938553537
-0.114208819993665
0.200792292809954
-0.210590867618395
0.182630498163378
-0.496471283251856
0.153630494284828
-0.192148651682008
0.194961248735887
-0.011241648878268
-0.357988951231535
-0.058172774434805
-0.239021967458989
0.155254154419701
0.064636893384027
-0.003508742964704
-0.155856846716066
-0.479554434503843
0.144145274745102
-0.099917038269876
0.371509231127827
0.006265587442567
0.312314301778182
0.050212373339974
0.191338044284588
-0.105353710801443
-0.234250810858049
0.208774608611126
-0.403045364577942
-0.429956743545567
0.124836792942827
0.050844621048597
-0.002653919841335
0.007998342160484
-0.083690170066253
-0.038830081981893
-0.130614749593262
-0.006261507757967
0.056620248977516
0.111578432649472
-0.414135374121669
-0.351058211051775
0.097020890004053
0.171822190930523
-0.372883001126053
-0.010405834003327
-0.193958528233175
0.024801584706491
0.060990275568234
0.114208819993665
0.204942013310393
-0.151017361826381
-0.182630498163378
-0.248235641625928
0.062593173746104
0.192148651682008
-0.190364524731479
-0.002611886120012
0.357988951231535
-0.009082900419899
0.012790584945573
-0.155254154419701
-0.162706041350284
-0.189750771413084
0.155856846716066
-0.128496223452068
