-0.143887117938907
-0.121666826411398
-0.195323372204776
-0.129246536747019
-0.494511627375510
-0.189746635740616
-0.401399138125262
0.103830398915095
-0.361143562035293
-0.079531142500423
-0.377670939828180
0.026704611114013
0.279771140593691
0.109197880848253
0.129565488513226
-0.024642430334004
-0.186641432867587
-0.232979407685039
0.287903914272797
-0.121691532422964
0.231059911161556
-0.212290925461325
-0.021984883239624
-0.145240681146016
-0.201537015929025
-0.301236787643994
-0.101503403074184
-0.183805235523211
-0.095900131100220
0.046416044763383
0.338944800342917
0.226224388825128
0.108004672899501
0.169072078267605
-0.069210828462677
-0.246874288714205
-0.177548745724894
-0.430698966912952
0.065779306516061
0.046649949515332
0.077495345284562
-0.038258259171093
0.109588801649279
-0.415188457106099
-0.059348715426924
-0.373531908879176
0.091340017299189
-0.150757051389687
0.275167921915103
-0.310722090681096
-0.064318803236704
0.067730069314812
0.002917031946308
0.144917069687740
0.296567869111866
-0.281048698359052
-0.135545907723596
0.204862322210878
0.011932335168825
0.254795140733628
-0.256635974768508
0.060397475304257
-0.135298942101189
-0.055340896973867
-0.154228080391337
-0.077406424861806
-0.268504737743811
-0.239663344949993
-0.297586722471922
-0.014564666771903
-0.143218312886214
-0.093996633959964
0.108241950508099
-0.029313015081825
0.410905223739591
-0.157305542149309
0.006035859295819
0.208483890931309
-0.136672962110617
0.081315731378385
0.234350715752296
-0.273761850551998
-0.029350183038643
0.377895192181536
-0.399054942211330
0.141190706196776
-0.307564734372049
0.019033699564205
-0.143968151503203
-0.139247795172232
0.005917398455242
0.118028709326926
0.157102426474745
-0.061219130077260
0.030746666731536
-0.152661973835302
-0.085544973044345
0.041442487067861
0.195441973202172
-0.229826034819924
0.483119061681725
-0.226246913544837
-0.122748720060490
0.076883380904682
0.035907209632601
-0.257644712121945
0.290050352050572
-0.354576878142613
-0.015678240585867
0.001009912572926
-0.135989395766346
0.111175536225843
0.036425239981634
0.377894580968311
-0.144091417569767
0.069057409974270
0.214950045534867
0.002731589917489
0.166243587852482
0.011638893294020
0.030594766908223
0.128797215086293
-0.254885896270143
-0.000958063617035
0.235247265011883
-0.281598814468799
-0.163903157623385
-0.208633535621319
-0.311591943460569
0.122751205997898
-0.174112831167914
-0.014095520105154
0.875856020484231
0.048807338854321
-0.032676952137656
-0.123336930574073
-0.130509323335870
0.168850770442488
-0.160590732215925
0.131826866938420
-0.100029773927920
-0.049560270645225
0.034174503533515
0.002447864638792
-0.056745486400851
0.715038104842818
-0.009313656664378
-0.060044905192025
-0.168708131673244
-0.075279771459005
0.150044321577814
-0.215477123544482
0.103343073098665
-0.086949709170034
-0.288129496727636
-0.071838908062137
-0.097277663745792
0.039049684378837
0.862968413777817
0.077057147019437
0.033865040041917
-0.062398604823743
-0.111758592906229
0.190043126524824
-0.233520570888014
0.097913597884620
-0.141585051267486
-0.124797673283965
-0.004401258510985
-0.042901668154261
-0.023083742748014
0.818816160232373
-0.046451679983533
-0.061540028301978
-0.040915555839469
-0.071559495123391
0.218786629364275
-0.026653470891382
0.232340838399028
-0.092789824531075
-0.048365683654362
-0.126943023316290
-0.120496499148895
-0.097087591990528
0.763035344871505
-0.052505276946585
-0.041170236184153
-0.125552277774758
-0.037325731917948
0.227791840155188
-0.180139794323301
0.072700058667965
0.044710036205260
-0.095661070461881
-0.069673085657126
-0.112182470733932
-0.131849853051722
0.808372518347640
-0.138670627918537
-0.057582684149829
-0.162997638197396
-0.141276653037808
0.046336089623459
-0.070354481917862
-0.089729915719295
0.414511682568250
-0.099106284397275
0.045528744728814
0.015600641935323
-0.016804836328217
0.690632690295153
0.079155249848279
-0.180053171288829
-0.039123447453971
-0.039471970463767
0.179935513513964
0.086101553628025
-0.274514525617368
0.098433589338016
-0.070359473509994
-0.134318162709154
-0.162448795259314
-0.003571640951334
0.803086829970263
-0.050784312260624
-0.009295417518784
-0.143321718695374
-0.136667999431457
-0.033939709185407
0.028120549871926
-0.026439496078800
0.180179190513607
-0.108822103674572
-0.098984023959092
-0.032345485822327
-0.097127058157950
0.817561327330877
-0.099224980980383
-0.132394318177845
-0.029089674596023
-0.132070709150506
-0.104494525151485
0.085888174214786
-0.209038757845077
0.123556803468051
-0.007289489656069
0.033633292951063
-0.006281654987021
0.093053231851702
0.871476935910996
0.055533658659483
-0.076094530616395
-0.029849277536237
0.010532674802305
-0.156623221283821
0.187429276787793
-0.181312246184006
0.092577505823046
-0.243939122849727
-0.083409187393381
-0.205244702041993
0.066765798710338
0.733900578846351
-0.035880242152750
0.071823323863679
0.100056787037725
-0.116684684160314
-0.100424903892220
0.199923290331231
-0.124777303585494
0.097049039264900
0.043762956983967
-0.078946491460059
-0.038737082993395
0.047991700114221
0.869599087740686
-0.099518781886586
0.196159132893632
0.244575441243901
-0.017090792242079
0.080329885850043
0.086593351125236
-0.154596521263267
-0.045123801861220
0.011659501299654
0.148085372839585
0.075076875357730
0.031795496998412
-0.210498126751660
0.110091544835885
0.101920878765511
0.433308545676885
-0.137234793196151
-0.021181582541363
-0.171335396293810
0.256055344846469
-0.060523938808565
0.296036684944211
-0.010997549539475
0.354069832186477
0.242946537535408
-0.084351519943520
-0.217340495611672
-0.162092355979057
-0.094957062705238
-0.467173527929177
-0.178683102847853
0.083271658702299
0.169228512821017
0.122155427444970
0.285737154170084
0.100833559113530
0.059935815372119
0.139969972381112
-0.410824204385425
-0.183183649248130
0.123768333859088
0.258492146598741
-0.042681974497634
0.169614293637607
0.071958117020599
-0.044451362310540
-0.234265326886080
-0.101063947074072
-0.141824197691653
-0.014141824346351
0.179291397200641
-0.304636550343263
-0.355944903398690
0.063434667908947
0.408569480570411
-0.118863616014001
-0.181194749338820
-0.035581904273364
0.112450195935524
0.043262986533702
0.204430817821783
-0.290568286479304
-0.003584276830227
0.353278686946268
-0.046336111966009
-0.222913689738736
0.395887926709446
0.043098226227405
-0.366473807538733
-0.067769636602686
-0.038048169858539
-0.172879248465607
0.027100992747427
-0.388802912483561
0.022695282177785
0.246160266778006
-0.134177075340576
-0.084338368654410
0.070294744177085
-0.059982946045417
0.155269119859853
0.053249920156503
-0.318986194044493
0.275946447027237
-0.041968018935384
-0.308391837081537
0.179756879454741
-0.301006394508898
-0.156282576717009
-0.019965593933910
-0.109873865121285
-0.505786996719499
0.260884525820292
0.154496749978685
-0.116518794621335
0.033060155986606
-0.318256742469791
0.082559318495377
-0.099666201334142
0.061700703890452
-0.143224692856840
0.307092467455540
0.079046730382040
-0.024984818774619
-0.109877504963233
0.199213553697786
0.142064844334381
-0.037093706878776
-0.301003109897530
-0.070207564551618
0.025557478798565
-0.282292381018477
0.032002062836982
-0.176575371098119
0.102415082855939
0.188592056677170
-0.043410168348377
-0.316264596791925
0.574901429311904
0.196728134370675
-0.199761248170976
-0.231683917863699
-0.293734697758746
0.013675410681372
0.257134313692709
-0.025014123457950
-0.177593982939834
0.177499106535264
0.022254428627360
-0.448288925807079
-0.210288793382059
0.119527305772313
0.001507164691369
-0.088253493417665
-0.103500889094693
-0.118899150478505
-0.103121920983013
-0.026788727957244
-0.063113184724417
-0.147727641145171
0.062785689650887
0.045044163968472
-0.144791304947553
-0.123015549954340
0.294138508964383
0.016443576860081
-0.071507553768736
-0.180676824676981
0.011958813112358
-0.094723418757768
0.059336331464443
-0.055853130920692
0.059557495406333
0.090571716645498
0.177077263524244
-0.298174075630752
0.039462365393988
0.136047701701933
-0.062599015967966
-0.123342322505632
-0.098182196643379
0.086740303962936
-0.083554757867262
0.026073410051742
0.112350844979619
-0.014167674876543
0.017975010371399
0.088338973347141
0.090345775638171
0.151272970884809
0.155286897998828
-0.103453787425704
-0.081455620232995
-0.234171569701241
-0.175670668358139
-0.157477525285617
-0.076561327320046
-0.078038129133079
0.031674998841604
0.085376546536522
0.156073431306728
0.235160968191734
0.030616464062291
0.185214979264884
-0.043042418660289
-0.182257942805076
-0.225225179241556
-0.129115393528167
-0.177925090927326
0.032554880506565
-0.036084068427907
-0.112943331796293
0.017625723215987
0.180954555440514
0.230632765448476
0.108719607436547
0.201524969725751
0.106542703949449
-0.196217001090928
-0.103340561417228
-0.085344407192595
-0.083762021746457
-0.047242504288516
-0.092997372953717
-0.063078734227982
-0.091991879788226
0.132426750776662
0.219074709831046
0.209366403505667
0.177600001406125
0.034061241504227
-0.092132232856322
-0.105735049393700
-0.212513397681103
-0.152951269507849
0.117693299708652
0.123617348109277
-0.008867262887851
-0.037670998814309
0.060397100440768
0.124064248771450
0.048430619576683
0.189577234883604
-0.136048204712428
-0.139766767120785
-0.096291420800678
-0.028606923123080
-0.221525914275499
-0.020929361796456
0.156470885020384
0.050345025572399
0.036874796442345
0.184824098285543
0.226670604690192
0.140343323953008
0.205245504640742
0.024623234336220
-0.071178883740374
-0.144649199225732
-0.182685583026562
-0.110884238059555
-0.003457538708381
0.118939965381919
-0.087901712618435
-0.089940660320140
0.112843487057325
0.004381132397704
0.122683719062238
0.219819754418231
0.044102700156523
-0.082028811455769
0.000432129809654
0.163506457367286
0.045873639790201
-0.162059825941502
0.193971393235618
0.191716491388722
0.076778603934720
0.024843560614758
0.215412090958832
0.045825233412188
0.146158061153084
-0.053700916838290
-0.190279249756944
0.087031621723646
0.129713771056051
-0.009557067374303
-0.047800279579030
0.067210411992015
0.003884958909096
0.069788844733318
0.088891457940611
0.130596353299929
0.136638722271946
0.202202054299808
0.085593112421644
