0.213234185871381
-0.193050945420831
-0.304030293969547
-0.174297154096789
0.091481498212173
-0.257720756326792
-0.120096540777138
0.092416515071132
0.119278429631030
0.006540721793773
-0.281069253573704
-0.063240396765974
0.101727199510200
0.213234185871381
-0.180613653331681
-0.373414896803765
0.452791164502534
0.111634303788479
0.230296772342227
0.084654284544503
-0.030330452251678
-0.031865411157378
0.051373191259211
0.250679763595592
-0.101816477361730
-0.053646465067882
0.213234185871382
-0.126799949894724
-0.120217383587396
0.283453041732944
-0.170653637582145
-0.087038462407748
-0.044292228999945
-0.033518306205936
-0.071575224138653
-0.042975091160747
0.341501466595708
-0.052436306085126
-0.196730371008900
0.213234185871382
-0.043937906041935
0.236832381683252
-0.384458187185009
0.009394923967949
-0.099998323109256
0.001356070101612
0.095419102540946
0.139015060298452
-0.020894836565813
-0.168352857424050
0.042242043490202
-0.294745719809763
0.213234185871381
0.048989782575891
0.389289637424662
-0.376135668893465
0.163990665677289
0.236738101700477
0.041658898661912
-0.151774487470602
-0.136533309443438
0.057793913481131
-0.382086855686493
0.100428737558462
-0.325238376273194
0.213234185871382
0.130694502396463
0.205451056894156
0.293781897476942
-0.125698706925000
-0.254403704139604
-0.082252803659142
0.199309290866282
0.065378238905116
-0.020093171757633
0.076241895116761
0.071858007241153
-0.281222840279768
0.213234185871381
0.182458686757500
-0.155870632224208
0.446958658175425
-0.074843914136224
0.144109712145593
0.118066474684478
-0.235260962736609
0.038660680409483
-0.043543639678248
0.400466745553991
-0.018788736190359
-0.172782540680868
0.213234185871381
0.192423784847937
-0.382540279328696
-0.186032071741263
0.178778742361194
0.038668367225965
-0.147018551355327
0.257540122591490
-0.123254108541328
0.050974746616685
0.020299969006701
-0.093204444571903
-0.024759843267323
0.213234185871381
0.158306912787706
-0.278744661558434
-0.491806034872849
-0.051947717344971
-0.201997089111317
0.167426444212094
-0.264851986641609
0.145853369589380
0.007391851146185
-0.395572963807283
-0.087103582209553
0.128935035850307
0.213234185871382
0.087923834812925
0.065850248186989
0.067470738195049
-0.141936913478732
0.263725617372227
-0.178104120701618
0.256771615925920
-0.095091521047918
-0.056217119698142
-0.115662072718879
-0.005756504162589
0.253092452090258
0.213234185871382
-0.002601534120422
0.353559070675485
0.508071432465664
0.152610763687555
-0.192805829231026
0.178431033078102
-0.233768612219464
-0.003499318460770
0.032477879614647
0.367689919253317
0.080563448051197
0.319269437651023
0.213234185871382
-0.092530922938665
0.335838639688556
0.055011749408906
0.033703868240931
0.024908853606703
-0.168388182382502
0.197179826485145
0.100330076006238
0.033183490033875
0.204302317179164
0.097287013588572
0.312305642659763
0.213234185871381
-0.161262592430165
0.027997112918946
-0.494809565168089
-0.176513876468499
0.155516739932551
0.148559222592970
-0.149131665955016
-0.146696962050215
-0.056011935084926
-0.318438073090823
0.029967197417649
0.233796388626147
0.101727199510200
0.213234185871382
-0.193050945420831
-0.304030293969547
-0.174297154096789
0.091481498212173
-0.257720756326792
-0.120096540777138
0.092416515071132
0.119278429631030
0.006540721793773
-0.281069253573704
-0.063240396765974
-0.024759843267323
-0.207037987967324
0.158306912787706
0.335838639688556
-0.494809565168089
-0.074843914136224
-0.254403704139604
-0.120096540777138
-0.033518306205936
-0.003499318460770
-0.056217119698142
-0.168352857424050
0.100428737558462
-0.053646465067882
0.188809494755071
-0.043937906041935
0.065850248186989
0.055011749408906
-0.176513876468499
-0.192805829231026
-0.120096540777138
-0.151774487470602
-0.123254108541328
-0.020093171757633
0.400466745553991
-0.087103582209553
0.128935035850308
-0.159608080002243
-0.092530922938665
-0.382540279328696
0.508071432465664
-0.125698706925000
-0.087038462407748
-0.120096540777138
-0.235260962736609
-0.136533309443438
0.051373191259211
-0.115662072718879
0.029967197417649
-0.196730371008900
0.121130823791451
0.182458686757500
0.205451056894156
0.067470738195049
0.033703868240931
0.038668367225965
-0.120096540777138
-0.264851986641609
-0.031865411157378
0.032477879614647
-0.318438073090824
0.042242043490202
0.253092452090258
-0.075613884394528
-0.180613653331681
0.236832381683252
-0.491806034872849
0.163990665677289
0.155516739932551
-0.120096540777138
-0.233768612219464
0.100330076006238
-0.043543639678248
0.341501466595708
-0.093204444571903
-0.294745719809763
0.025702540881883
0.087923834812925
-0.373414896803765
-0.186032071741263
0.152610763687555
0.236738101700477
-0.120096540777138
-0.149131665955016
0.145853369589380
-0.042975091160747
0.076241895116761
0.097287013588572
0.319269437651023
0.025702540881883
0.048989782575891
0.027997112918946
0.446958658175426
0.009394923967949
0.263725617372227
-0.120096540777138
-0.030330452251678
0.065378238905116
0.033183490033875
-0.395572963807284
-0.052436306085126
-0.325238376273194
-0.075613884394528
-0.161262592430165
0.353559070675485
0.293781897476942
-0.141936913478732
0.230296772342227
-0.120096540777138
0.095419102540946
-0.071575224138653
0.050974746616685
0.204302317179164
-0.018788736190359
0.312305642659763
0.121130823791451
0.192423784847937
-0.278744661558434
-0.376135668893465
-0.170653637582145
0.144109712145593
-0.120096540777138
0.199309290866282
-0.146696962050215
-0.020894836565813
0.250679763595592
0.080563448051197
-0.281222840279768
-0.159608080002243
-0.126799949894724
-0.155870632224208
-0.384458187185009
-0.051947717344971
0.024908853606703
-0.120096540777138
0.257540122591490
-0.095091521047918
-0.056011935084926
-0.382086855686493
-0.101816477361730
0.233796388626147
0.188809494755071
-0.002601534120422
0.389289637424662
0.283453041732944
0.111634303788479
-0.099998323109256
-0.120096540777138
0.256771615925920
0.038660680409483
0.007391851146185
0.020299969006701
0.071858007241153
-0.172782540680868
-0.207037987967324
0.130694502396463
-0.120217383587396
0.452791164502534
0.178778742361194
-0.201997089111317
-0.120096540777138
0.197179826485145
0.139015060298452
0.057793913481131
0.367689919253317
-0.005756504162589
-0.063240396765974
0.101727199510200
0.213234185871381
-0.193050945420831
-0.304030293969547
-0.174297154096789
0.091481498212173
-0.257720756326792
-0.120096540777138
0.092416515071132
0.119278429631030
0.006540721793773
-0.281069253573704
-0.093204444571903
0.101727199510200
0.188809494755071
-0.126799949894724
-0.278744661558434
0.508071432465664
0.033703868240931
0.263725617372227
0.148559222592970
0.095419102540946
0.038660680409483
0.057793913481131
0.076241895116761
-0.101816477361730
0.101727199510200
0.121130823791451
0.048989782575891
0.236832381683252
-0.186032071741263
-0.141936913478732
-0.254403704139604
-0.168388182382502
-0.235260962736609
-0.146696962050215
0.007391851146185
0.367689919253317
-0.087103582209553
0.101727199510200
0.025702540881883
0.182458686757500
0.335838639688556
-0.376135668893465
0.178778742361194
0.230296772342227
0.178431033078102
0.256771615925920
0.065378238905116
-0.056011935084926
0.341501466595708
-0.052436306085126
0.101727199510200
-0.075613884394528
0.158306912787706
-0.155870632224208
0.452791164502534
-0.125698706925000
-0.192805829231026
-0.178104120701618
-0.149131665955016
0.100330076006238
-0.020894836565813
0.020299969006701
-0.005756504162589
0.101727199510200
-0.159608080002243
-0.002601534120422
-0.373414896803765
0.055011749408906
0.009394923967949
0.144109712145593
0.167426444212094
-0.033518306205936
-0.136533309443438
0.050974746616685
-0.318438073090824
0.042242043490202
0.101727199510200
-0.207037987967324
-0.161262592430165
0.065850248186989
-0.491806034872849
0.111634303788479
-0.087038462407748
-0.147018551355327
0.199309290866282
-0.003499318460770
0.033183490033875
-0.382086855686493
0.080563448051197
0.101727199510200
-0.207037987967324
-0.180613653331681
0.389289637424662
0.293781897476942
-0.176513876468499
0.024908853606703
0.118066474684478
-0.264851986641609
0.139015060298452
-0.042975091160747
-0.115662072718879
0.100428737558462
0.101727199510200
-0.159608080002243
-0.043937906041935
0.027997112918946
0.283453041732944
0.152610763687555
0.038668367225965
-0.082252803659142
0.197179826485145
-0.095091521047918
-0.043543639678248
0.250679763595592
0.097287013588572
0.101727199510200
-0.075613884394528
0.130694502396463
-0.382540279328696
-0.494809565168089
-0.051947717344971
-0.099998323109256
0.041658898661912
-0.030330452251678
-0.071575224138653
0.032477879614647
0.400466745553991
0.071858007241153
0.101727199510200
0.025702540881883
0.192423784847937
-0.120217383587396
0.067470738195049
-0.074843914136224
0.155516739932551
0.001356070101612
-0.151774487470602
0.145853369589380
0.051373191259211
0.204302317179164
0.029967197417649
0.101727199510200
0.121130823791451
0.087923834812925
0.353559070675485
0.446958658175425
0.163990665677289
-0.201997089111317
-0.044292228999945
0.257540122591490
-0.031865411157378
-0.020093171757633
-0.168352857424050
-0.018788736190359
0.101727199510200
0.188809494755071
-0.092530922938665
0.205451056894156
-0.384458187185009
-0.170653637582145
0.236738101700477
0.084654284544503
-0.233768612219464
-0.123254108541328
-0.056217119698141
-0.395572963807283
-0.281069253573704
-0.063240396765974
0.101727199510200
0.213234185871381
-0.193050945420831
-0.304030293969547
-0.174297154096789
0.091481498212173
-0.257720756326792
-0.120096540777138
0.092416515071132
0.119278429631030
0.006540721793773
0.020299969006701
0.080563448051197
-0.172782540680868
-0.159608080002243
0.087923834812925
0.205451056894156
-0.491806034872849
0.009394923967949
-0.257720756326792
-0.168388182382502
-0.151774487470602
-0.071575224138653
-0.056011935084926
0.250679763595592
-0.093204444571903
0.233796388626147
0.025702540881883
0.130694502396463
0.353559070675485
-0.384458187185009
-0.074843914136224
-0.257720756326792
-0.178104120701618
-0.264851986641609
-0.136533309443438
0.033183490033875
-0.395572963807284
0.100428737558462
-0.281222840279768
0.121130823791451
-0.180613653331681
-0.120217383587396
0.055011749408906
-0.141936913478732
-0.257720756326792
-0.147018551355327
-0.149131665955016
0.038660680409483
0.032477879614647
0.341501466595708
-0.101816477361730
0.312305642659763
-0.207037987967324
-0.002601534120422
-0.382540279328696
0.446958658175425
-0.176513876468499
-0.257720756326792
-0.082252803659142
0.095419102540946
0.145853369589380
-0.056217119698141
-0.115662072718879
0.097287013588572
-0.325238376273194
0.188809494755071
0.182458686757500
0.027997112918946
0.452791164502534
-0.170653637582145
-0.257720756326792
0.001356070101612
0.257540122591490
-0.003499318460770
0.007391851146185
-0.168352857424050
-0.087103582209553
0.319269437651023
-0.075613884394528
-0.126799949894724
0.389289637424662
0.067470738195049
-0.125698706925000
-0.257720756326792
0.084654284544503
0.197179826485145
-0.146696962050215
0.050974746616685
0.367689919253317
0.071858007241153
-0.294745719809762
-0.075613884394528
-0.092530922938665
0.065850248186989
-0.376135668893465
-0.051947717344971
-0.257720756326792
0.148559222592970
-0.033518306205936
-0.031865411157378
-0.043543639678248
-0.382086855686493
-0.052436306085126
0.253092452090258
0.188809494755071
0.192423784847938
-0.373414896803765
-0.494809565168089
0.033703868240931
-0.257720756326792
0.178431033078102
-0.235260962736609
0.139015060298452
-0.020093171757633
0.204302317179164
0.029967197417649
-0.196730371008900
-0.207037987967324
-0.043937906041935
-0.155870632224208
-0.186032071741263
0.111634303788479
-0.257720756326792
0.167426444212094
-0.233768612219464
0.065378238905116
0.057793913481131
0.076241895116761
-0.005756504162589
0.128935035850307
0.121130823791451
-0.161262592430165
0.335838639688556
0.283453041732944
0.163990665677289
-0.257720756326792
0.118066474684478
-0.030330452251678
-0.123254108541328
-0.020894836565813
-0.318438073090823
-0.018788736190359
-0.053646465067882
0.025702540881883
0.158306912787706
0.236832381683252
0.508071432465664
0.178778742361194
-0.257720756326792
0.041658898661912
0.199309290866282
-0.095091521047918
-0.042975091160747
0.400466745553991
0.042242043490202
-0.024759843267323
-0.159608080002243
0.048989782575891
-0.278744661558434
0.293781897476942
0.152610763687555
-0.257720756326792
-0.044292228999945
0.256771615925920
0.100330076006238
0.051373191259211
0.006540721793773
-0.281069253573704
-0.063240396765974
0.101727199510200
0.213234185871382
-0.193050945420831
-0.304030293969547
-0.174297154096789
0.091481498212173
-0.257720756326792
-0.120096540777138
0.092416515071132
0.119278429631030
0.050974746616685
-0.115662072718879
-0.063240396765974
0.233796388626147
0.121130823791451
-0.043937906041935
-0.120217383587396
0.446958658175426
-0.051947717344971
0.236738101700477
0.178431033078102
0.199309290866282
0.100330076006238
0.051373191259211
0.076241895116761
-0.063240396765974
0.312305642659763
-0.075613884394528
0.182458686757500
0.389289637424662
-0.494809565168089
0.009394923967949
-0.201997089111317
-0.147018551355327
-0.233768612219464
-0.095091521047918
0.007391851146185
0.250679763595592
-0.063240396765974
0.319269437651023
-0.207037987967324
0.087923834812925
-0.155870632224208
0.293781897476942
0.033703868240931
0.155516739932551
0.041658898661912
-0.033518306205936
-0.123254108541328
-0.042975091160747
0.367689919253317
-0.063240396765974
0.253092452090258
-0.159608080002243
-0.161262592430165
-0.278744661558434
0.055011749408906
-0.074843914136224
-0.099998323109256
0.084654284544503
0.257540122591490
0.065378238905116
-0.056217119698142
0.400466745553991
-0.063240396765974
0.128935035850308
0.025702540881883
-0.126799949894724
0.353559070675485
-0.376135668893465
0.111634303788479
0.038668367225965
-0.168388182382502
-0.149131665955016
0.139015060298452
-0.020894836565813
0.341501466595708
-0.063240396765974
-0.024759843267323
0.188809494755071
0.130694502396463
0.027997112918946
0.508071432465664
-0.141936913478732
0.024908853606703
0.167426444212094
-0.151774487470602
-0.031865411157378
0.032477879614647
0.204302317179164
-0.063240396765974
-0.172782540680868
0.188809494755071
0.158306912787706
-0.373414896803765
-0.384458187185009
0.163990665677289
-0.087038462407748
-0.082252803659142
0.256771615925920
-0.146696962050215
0.057793913481131
0.020299969006701
-0.063240396765974
-0.281222840279768
0.025702540881883
-0.092530922938665
0.236832381683252
0.067470738195049
-0.176513876468499
0.144109712145593
-0.044292228999945
-0.030330452251678
-0.003499318460770
0.033183490033875
-0.168352857424050
-0.063240396765974
-0.325238376273194
-0.159608080002243
-0.180613653331681
0.205451056894156
0.283453041732944
0.178778742361194
-0.192805829231026
0.148559222592970
-0.235260962736609
0.145853369589380
-0.020093171757633
-0.318438073090824
-0.063240396765974
-0.294745719809763
-0.207037987967324
0.048989782575891
-0.382540279328696
-0.491806034872849
-0.170653637582145
0.230296772342227
-0.178104120701618
0.197179826485145
0.038660680409483
-0.056011935084926
-0.395572963807284
-0.063240396765974
-0.196730371008900
-0.075613884394528
0.192423784847938
0.065850248186989
0.452791164502534
0.152610763687555
-0.254403704139604
0.118066474684478
0.095419102540946
-0.136533309443438
-0.043543639678248
-0.382086855686493
-0.063240396765974
-0.053646465067882
0.121130823791451
-0.002601534120422
0.335838639688556
-0.186032071741263
-0.125698706925000
0.263725617372227
0.001356070101612
-0.264851986641609
-0.071575224138653
0.119278429631030
0.006540721793773
-0.281069253573704
-0.063240396765974
0.101727199510200
0.213234185871382
-0.193050945420831
-0.304030293969547
-0.174297154096789
0.091481498212173
-0.257720756326792
-0.120096540777138
0.092416515071132
-0.123254108541328
-0.042975091160747
0.204302317179164
0.042242043490202
-0.281222840279768
-0.075613884394528
-0.002601534120422
0.027997112918946
-0.376135668893465
0.091481498212173
-0.201997089111317
-0.178104120701618
-0.235260962736609
-0.031865411157378
0.057793913481131
-0.115662072718879
-0.018788736190359
0.319269437651023
-0.159608080002243
0.192423784847938
0.335838639688556
-0.491806034872849
0.091481498212173
-0.099998323109256
-0.082252803659142
-0.149131665955016
0.145853369589380
-0.043543639678248
0.020299969006701
-0.005756504162589
-0.196730371008900
0.188809494755071
0.048989782575891
0.353559070675485
-0.494809565168089
0.091481498212173
0.024908853606703
0.084654284544503
0.199309290866282
-0.071575224138653
0.007391851146185
0.076241895116761
0.029967197417649
-0.024759843267323
0.025702540881883
-0.180613653331681
0.065850248186989
-0.384458187185009
0.091481498212173
0.144109712145593
0.178431033078102
0.197179826485145
-0.095091521047918
0.032477879614647
-0.168352857424050
-0.052436306085126
0.233796388626147
-0.207037987967324
-0.092530922938665
-0.278744661558434
-0.186032071741263
0.091481498212173
0.230296772342227
0.118066474684478
-0.151774487470602
0.139015060298452
-0.056011935084926
0.250679763595592
0.071858007241153
-0.325238376273194
0.121130823791451
0.158306912787706
-0.382540279328696
0.055011749408906
0.091481498212173
0.263725617372227
-0.044292228999945
-0.233768612219464
-0.003499318460770
0.051373191259211
-0.318438073090824
-0.087103582209553
0.253092452090258
0.121130823791451
0.130694502396463
-0.155870632224208
0.283453041732944
0.091481498212173
0.236738101700477
-0.168388182382502
0.095419102540946
-0.136533309443438
-0.020894836565813
0.367689919253317
0.097287013588572
-0.053646465067882
-0.207037987967324
-0.126799949894724
0.205451056894156
0.446958658175426
0.091481498212173
0.155516739932551
-0.147018551355327
0.256771615925920
0.100330076006238
-0.020093171757633
-0.395572963807284
-0.101816477361730
-0.172782540680868
0.025702540881883
-0.161262592430165
0.389289637424662
0.508071432465664
0.091481498212173
0.038668367225965
0.001356070101612
-0.033518306205936
0.065378238905116
0.050974746616685
0.400466745553991
0.100428737558462
0.312305642659763
0.188809494755071
0.087923834812925
0.236832381683252
0.452791164502534
0.091481498212173
-0.087038462407748
0.148559222592970
-0.264851986641609
-0.146696962050215
-0.056217119698142
-0.382086855686493
-0.093204444571903
-0.294745719809763
-0.159608080002243
0.182458686757500
-0.120217383587396
0.293781897476942
0.091481498212173
-0.192805829231026
0.167426444212094
-0.030330452251678
0.038660680409483
0.033183490033875
0.341501466595708
0.080563448051197
0.128935035850308
-0.075613884394528
-0.043937906041935
-0.373414896803765
0.067470738195049
0.091481498212173
-0.254403704139604
0.041658898661912
0.257540122591490
0.092416515071132
0.119278429631030
0.006540721793773
-0.281069253573704
-0.063240396765974
0.101727199510200
0.213234185871381
-0.193050945420831
-0.304030293969547
-0.174297154096789
0.091481498212173
-0.257720756326792
-0.120096540777138
0.257540122591490
0.139015060298452
0.032477879614647
-0.281069253573704
-0.018788736190359
0.312305642659763
0.025702540881883
0.048989782575891
0.065850248186989
0.283453041732944
-0.125698706925000
0.155516739932551
0.167426444212094
-0.030330452251678
0.038660680409483
0.050974746616685
-0.281069253573704
0.029967197417649
0.253092452090258
-0.207037987967324
0.158306912787706
0.205451056894156
-0.376135668893465
0.152610763687555
0.024908853606703
0.001356070101612
-0.264851986641609
-0.095091521047918
0.057793913481131
-0.281069253573704
0.071858007241153
-0.024759843267323
-0.075613884394528
-0.161262592430165
-0.373414896803765
0.446958658175425
-0.170653637582145
-0.192805829231026
-0.168388182382502
-0.033518306205936
-0.146696962050215
0.051373191259211
-0.281069253573704
0.097287013588572
-0.281222840279768
0.188809494755071
-0.043937906041935
0.353559070675485
-0.491806034872849
0.178778742361194
0.263725617372227
0.118066474684478
0.256771615925920
-0.071575224138653
0.033183490033875
-0.281069253573704
0.100428737558462
-0.294745719809762
0.121130823791451
0.192423784847937
-0.155870632224208
0.508071432465664
-0.176513876468499
-0.201997089111317
0.084654284544503
0.095419102540946
0.065378238905116
0.007391851146185
-0.281069253573704
0.080563448051197
-0.053646465067882
-0.159608080002243
-0.092530922938665
-0.120217383587396
-0.494809565168089
0.163990665677289
0.038668367225965
-0.178104120701618
-0.233768612219464
0.145853369589380
-0.020093171757633
-0.281069253573704
0.042242043490202
0.233796388626147
-0.159608080002243
-0.126799949894724
0.335838639688556
0.452791164502534
-0.141936913478732
0.144109712145593
0.041658898661912
-0.151774487470602
0.100330076006238
-0.042975091160747
-0.281069253573704
-0.005756504162589
0.319269437651023
0.121130823791451
0.182458686757500
-0.382540279328696
-0.384458187185009
0.111634303788479
-0.254403704139604
0.148559222592970
0.197179826485145
-0.031865411157378
-0.056011935084926
-0.281069253573704
-0.052436306085126
0.128935035850307
0.188809494755071
-0.002601534120422
0.236832381683252
0.293781897476942
-0.074843914136224
0.236738101700477
-0.147018551355327
0.199309290866282
-0.136533309443438
-0.056217119698141
-0.281069253573704
-0.087103582209553
-0.172782540680868
-0.075613884394528
-0.180613653331681
0.027997112918946
-0.186032071741263
0.033703868240931
-0.099998323109256
-0.044292228999945
-0.149131665955016
-0.123254108541328
-0.043543639678248
-0.281069253573704
-0.101816477361730
-0.325238376273194
-0.207037987967324
0.130694502396463
-0.278744661558434
0.067470738195049
0.009394923967949
-0.087038462407748
0.178431033078102
-0.235260962736609
-0.003499318460770
-0.020894836565813
-0.281069253573704
-0.093204444571903
-0.196730371008900
0.025702540881883
0.087923834812925
0.389289637424662
0.055011749408906
-0.051947717344971
0.230296772342227
-0.082252803659142
-0.120096540777138
0.092416515071132
0.119278429631030
0.006540721793773
-0.281069253573704
-0.063240396765974
0.101727199510200
0.213234185871381
-0.193050945420831
-0.304030293969547
-0.174297154096789
0.091481498212173
-0.257720756326792
-0.147018551355327
-0.264851986641609
-0.146696962050215
-0.020093171757633
0.341501466595708
-0.005756504162589
-0.325238376273194
0.025702540881883
-0.092530922938665
-0.155870632224208
-0.174297154096789
0.152610763687555
-0.099998323109256
0.084654284544503
0.095419102540946
0.100330076006238
0.032477879614647
-0.382086855686493
0.071858007241153
0.128935035850307
-0.207037987967324
0.087923834812925
0.027997112918946
-0.174297154096789
0.178778742361194
0.144109712145593
0.167426444212094
0.197179826485145
-0.003499318460770
-0.042975091160747
0.400466745553991
-0.101816477361730
0.233796388626147
-0.075613884394528
0.192423784847937
0.205451056894156
-0.174297154096789
0.163990665677289
0.263725617372227
-0.044292228999945
-0.235260962736609
-0.095091521047918
0.050974746616685
-0.395572963807283
0.080563448051197
-0.294745719809762
0.188809494755071
0.130694502396463
0.335838639688556
-0.174297154096789
0.111634303788479
0.155516739932551
-0.178104120701618
-0.030330452251678
0.145853369589380
-0.056011935084926
0.367689919253317
-0.018788736190359
-0.024759843267323
0.121130823791451
-0.043937906041935
0.389289637424662
-0.174297154096789
0.033703868240931
-0.087038462407748
0.001356070101612
0.256771615925920
-0.123254108541328
0.057793913481131
-0.318438073090823
-0.052436306085126
0.312305642659763
-0.159608080002243
-0.180613653331681
0.353559070675485
-0.174297154096789
-0.051947717344971
-0.254403704139604
0.178431033078102
-0.151774487470602
0.038660680409483
-0.056217119698141
0.250679763595592
0.097287013588572
-0.196730371008900
-0.159608080002243
-0.161262592430165
0.236832381683252
-0.174297154096789
-0.125698706925000
-0.201997089111317
0.041658898661912
-0.149131665955016
0.065378238905116
0.051373191259211
-0.168352857424050
-0.093204444571903
-0.172782540680868
0.121130823791451
-0.002601534120422
0.065850248186989
-0.174297154096789
-0.170653637582145
0.024908853606703
-0.168388182382502
0.257540122591490
-0.136533309443438
-0.043543639678248
0.076241895116761
0.042242043490202
0.319269437651023
0.188809494755071
0.158306912787706
-0.120217383587396
-0.174297154096789
-0.176513876468499
0.230296772342227
-0.082252803659142
-0.033518306205936
0.139015060298452
0.033183490033875
0.020299969006701
0.029967197417649
-0.053646465067882
-0.075613884394528
0.182458686757500
-0.278744661558434
-0.174297154096789
-0.141936913478732
0.236738101700477
0.148559222592970
-0.233768612219464
-0.071575224138653
-0.020894836565813
-0.115662072718879
-0.087103582209553
-0.281222840279768
-0.207037987967324
0.048989782575891
-0.373414896803765
-0.174297154096789
-0.074843914136224
0.038668367225965
0.118066474684478
0.199309290866282
-0.031865411157378
0.007391851146185
0.204302317179164
0.100428737558462
0.253092452090258
0.025702540881883
-0.126799949894724
-0.382540279328696
-0.174297154096789
0.009394923967949
-0.192805829231026
-0.257720756326792
-0.120096540777138
0.092416515071132
0.119278429631030
0.006540721793773
-0.281069253573704
-0.063240396765974
0.101727199510200
0.213234185871382
-0.193050945420831
-0.304030293969547
-0.174297154096789
0.091481498212173
0.038668367225965
0.118066474684478
0.256771615925920
0.145853369589380
0.006540721793773
-0.382086855686493
0.029967197417649
0.319269437651023
-0.075613884394528
0.130694502396463
0.236832381683252
0.055011749408906
-0.170653637582145
0.230296772342227
0.148559222592970
0.199309290866282
0.139015060298452
0.006540721793773
-0.395572963807284
0.097287013588572
-0.024759843267323
-0.159608080002243
-0.002601534120422
-0.155870632224208
0.067470738195049
0.163990665677289
-0.201997089111317
-0.082252803659142
-0.030330452251678
0.100330076006238
0.006540721793773
-0.318438073090823
0.080563448051197
-0.325238376273194
0.188809494755071
-0.126799949894724
0.065850248186989
-0.186032071741263
-0.074843914136224
-0.087038462407748
-0.168388182382502
-0.233768612219464
0.038660680409483
0.006540721793773
-0.168352857424050
-0.005756504162589
-0.053646465067882
0.025702540881883
0.192423784847938
0.027997112918946
0.293781897476942
-0.051947717344971
0.263725617372227
0.041658898661912
-0.235260962736609
-0.031865411157378
0.006540721793773
0.020299969006701
-0.087103582209553
0.312305642659763
-0.207037987967324
-0.161262592430165
-0.120217383587396
-0.384458187185009
0.152610763687555
-0.099998323109256
0.178431033078102
-0.033518306205936
-0.095091521047918
0.006540721793773
0.204302317179164
-0.093204444571903
0.128935035850307
0.121130823791451
0.048989782575891
0.205451056894156
0.452791164502534
-0.176513876468499
-0.192805829231026
0.001356070101612
0.197179826485145
-0.136533309443438
0.006540721793773
0.341501466595708
-0.018788736190359
-0.281222840279768
0.121130823791451
0.087923834812925
-0.278744661558434
-0.494809565168089
0.111634303788479
0.236738101700477
-0.178104120701618
0.257540122591490
-0.146696962050215
0.006540721793773
0.400466745553991
0.071858007241153
-0.196730371008900
-0.207037987967324
-0.180613653331681
0.335838639688556
0.508071432465664
0.009394923967949
0.024908853606703
-0.044292228999945
0.095419102540946
-0.123254108541328
0.006540721793773
0.367689919253317
0.100428737558462
0.233796388626147
0.025702540881883
0.182458686757500
-0.373414896803765
-0.491806034872849
-0.125698706925000
-0.254403704139604
0.167426444212094
-0.149131665955016
-0.071575224138653
0.006540721793773
0.250679763595592
0.042242043490202
0.253092452090258
0.188809494755071
-0.092530922938665
0.389289637424662
0.446958658175425
0.178778742361194
0.155516739932551
0.084654284544503
-0.264851986641609
-0.003499318460770
0.006540721793773
0.076241895116761
-0.052436306085126
-0.172782540680868
-0.159608080002243
-0.043937906041935
-0.382540279328696
-0.376135668893465
-0.141936913478732
0.144109712145593
-0.147018551355327
-0.151774487470602
0.065378238905116
0.006540721793773
-0.115662072718879
-0.101816477361730
-0.294745719809762
-0.075613884394528
0.158306912787706
0.353559070675485
0.283453041732944
0.033703868240931
0.091481498212173
-0.257720756326792
-0.120096540777138
0.092416515071132
0.119278429631030
0.006540721793773
-0.281069253573704
-0.063240396765974
0.101727199510200
0.213234185871381
-0.193050945420831
-0.304030293969547
-0.174297154096789
0.178778742361194
0.024908853606703
-0.082252803659142
-0.233768612219464
-0.136533309443438
0.007391851146185
0.400466745553991
-0.052436306085126
-0.294745719809762
0.121130823791451
-0.161262592430165
-0.304030293969547
0.067470738195049
0.111634303788479
0.263725617372227
0.178431033078102
0.257540122591490
0.145853369589380
-0.020894836565813
-0.318438073090824
0.100428737558462
-0.172782540680868
-0.075613884394528
-0.092530922938665
-0.304030293969547
0.293781897476942
-0.051947717344971
0.038668367225965
-0.044292228999945
-0.151774487470602
-0.146696962050215
0.033183490033875
0.076241895116761
-0.018788736190359
0.253092452090258
-0.207037987967324
-0.002601534120422
-0.304030293969547
0.452791164502534
-0.170653637582145
-0.254403704139604
-0.147018551355327
-0.030330452251678
0.139015060298452
-0.043543639678248
0.204302317179164
-0.087103582209553
0.233796388626147
-0.159608080002243
0.087923834812925
-0.304030293969547
0.508071432465664
-0.141936913478732
-0.099998323109256
0.148559222592970
0.197179826485145
-0.123254108541328
0.051373191259211
-0.382086855686493
0.080563448051197
-0.196730371008900
0.025702540881883
0.158306912787706
-0.304030293969547
0.446958658175425
0.009394923967949
0.230296772342227
0.041658898661912
-0.264851986641609
0.100330076006238
-0.056217119698142
0.367689919253317
0.029967197417649
-0.281222840279768
0.188809494755071
0.192423784847938
-0.304030293969547
0.283453041732944
0.152610763687555
0.155516739932551
-0.178104120701618
0.199309290866282
-0.071575224138653
0.057793913481131
-0.168352857424050
-0.101816477361730
0.128935035850308
0.188809494755071
0.182458686757500
-0.304030293969547
0.055011749408906
0.163990665677289
-0.192805829231026
0.084654284544503
-0.033518306205936
0.038660680409483
-0.056011935084926
-0.115662072718879
0.042242043490202
0.312305642659763
0.025702540881883
0.130694502396463
-0.304030293969547
-0.186032071741263
0.033703868240931
-0.201997089111317
0.118066474684478
-0.149131665955016
-0.003499318460770
0.050974746616685
0.341501466595708
0.071858007241153
-0.053646465067882
-0.159608080002243
0.048989782575891
-0.304030293969547
-0.384458187185009
-0.125698706925000
0.144109712145593
-0.168388182382502
0.256771615925920
-0.031865411157378
-0.042975091160747
-0.395572963807283
-0.093204444571903
-0.325238376273194
-0.207037987967324
-0.043937906041935
-0.304030293969547
-0.494809565168089
-0.176513876468499
0.236738101700477
0.001356070101612
-0.235260962736609
0.065378238905116
0.032477879614647
0.250679763595592
-0.005756504162589
-0.024759843267323
-0.075613884394528
-0.126799949894724
-0.304030293969547
-0.491806034872849
-0.074843914136224
-0.087038462407748
0.167426444212094
0.095419102540946
-0.095091521047918
-0.020093171757633
0.020299969006701
0.097287013588572
0.319269437651023
0.121130823791451
-0.180613653331681
-0.304030293969547
-0.376135668893465
-0.174297154096789
0.091481498212173
-0.257720756326792
-0.120096540777138
0.092416515071132
0.119278429631030
0.006540721793773
-0.281069253573704
-0.063240396765974
0.101727199510200
0.213234185871382
-0.193050945420831
-0.304030293969547
-0.186032071741263
-0.176513876468499
-0.087038462407748
0.041658898661912
0.197179826485145
0.119278429631030
-0.020894836565813
-0.395572963807283
0.071858007241153
0.253092452090258
-0.159608080002243
0.182458686757500
0.353559070675485
0.452791164502534
0.033703868240931
0.236738101700477
0.167426444212094
0.256771615925920
0.119278429631030
-0.043543639678248
-0.168352857424050
0.080563448051197
-0.281222840279768
0.025702540881883
-0.161262592430165
-0.382540279328696
-0.491806034872849
0.152610763687555
0.144109712145593
0.148559222592970
0.257540122591490
0.119278429631030
-0.056217119698142
0.204302317179164
-0.052436306085126
-0.053646465067882
0.121130823791451
0.130694502396463
0.389289637424662
0.283453041732944
-0.141936913478732
-0.201997089111317
0.001356070101612
0.199309290866282
0.119278429631030
-0.056011935084926
0.400466745553991
-0.093204444571903
0.319269437651023
-0.207037987967324
-0.092530922938665
-0.373414896803765
0.067470738195049
-0.051947717344971
-0.192805829231026
-0.147018551355327
0.095419102540946
0.119278429631030
-0.042975091160747
0.250679763595592
0.029967197417649
-0.172782540680868
0.188809494755071
0.048989782575891
0.335838639688556
-0.384458187185009
0.178778742361194
0.155516739932551
-0.168388182382502
-0.030330452251678
0.119278429631030
-0.020093171757633
-0.115662072718879
0.100428737558462
-0.196730371008900
-0.075613884394528
-0.002601534120422
-0.278744661558434
0.508071432465664
-0.074843914136224
0.230296772342227
-0.044292228999945
-0.149131665955016
0.119278429631030
0.007391851146185
-0.382086855686493
-0.005756504162589
0.312305642659763
-0.075613884394528
-0.043937906041935
0.205451056894156
-0.376135668893465
-0.125698706925000
-0.099998323109256
0.118066474684478
-0.233768612219464
0.119278429631030
0.033183490033875
-0.318438073090823
-0.101816477361730
-0.024759843267323
0.188809494755071
0.087923834812925
-0.120217383587396
0.055011749408906
0.163990665677289
-0.254403704139604
0.178431033078102
-0.264851986641609
0.119278429631030
0.051373191259211
0.020299969006701
-0.018788736190359
-0.294745719809763
-0.207037987967324
-0.126799949894724
0.027997112918946
0.293781897476942
0.009394923967949
0.038668367225965
0.084654284544503
-0.235260962736609
0.119278429631030
0.057793913481131
0.341501466595708
0.097287013588572
0.233796388626147
0.121130823791451
0.158306912787706
0.065850248186989
-0.494809565168089
-0.170653637582145
0.263725617372227
-0.082252803659142
-0.151774487470602
0.119278429631030
0.050974746616685
0.367689919253317
0.042242043490202
0.128935035850307
0.025702540881883
-0.180613653331681
-0.155870632224208
0.446958658175426
0.111634303788479
0.024908853606703
-0.178104120701618
-0.033518306205936
0.119278429631030
0.032477879614647
0.076241895116761
-0.087103582209553
-0.325238376273194
-0.159608080002243
0.192423784847938
0.236832381683252
-0.304030293969547
-0.174297154096789
0.091481498212173
-0.257720756326792
-0.120096540777138
0.092416515071132
0.119278429631030
0.006540721793773
-0.281069253573704
-0.063240396765974
0.101727199510200
0.213234185871382
-0.193050945420831
-0.382540279328696
0.293781897476942
0.163990665677289
0.144109712145593
0.001356070101612
-0.149131665955016
-0.095091521047918
0.033183490033875
0.367689919253317
-0.087103582209553
-0.196730371008900
0.188809494755071
-0.193050945420831
-0.373414896803765
0.508071432465664
-0.051947717344971
0.155516739932551
0.118066474684478
0.197179826485145
0.065378238905116
-0.056217119698142
0.020299969006701
0.042242043490202
-0.325238376273194
0.121130823791451
-0.193050945420831
-0.278744661558434
0.283453041732944
-0.176513876468499
-0.254403704139604
-0.178104120701618
-0.233768612219464
-0.031865411157378
0.050974746616685
-0.382086855686493
0.097287013588572
-0.172782540680868
0.025702540881883
-0.193050945420831
-0.120217383587396
-0.186032071741263
0.009394923967949
0.024908853606703
0.148559222592970
0.256771615925920
-0.003499318460770
-0.020093171757633
0.250679763595592
-0.018788736190359
0.128935035850307
-0.075613884394528
-0.193050945420831
0.065850248186989
-0.494809565168089
0.178778742361194
0.236738101700477
-0.044292228999945
-0.264851986641609
0.038660680409483
-0.020894836565813
0.204302317179164
-0.101816477361730
0.319269437651023
-0.159608080002243
-0.193050945420831
0.236832381683252
-0.376135668893465
0.033703868240931
-0.192805829231026
-0.082252803659142
0.257540122591490
-0.071575224138653
0.051373191259211
-0.395572963807283
-0.005756504162589
0.233796388626147
-0.207037987967324
-0.193050945420831
0.353559070675485
0.067470738195049
-0.170653637582145
-0.099998323109256
0.167426444212094
-0.235260962736609
0.100330076006238
-0.056011935084926
0.076241895116761
0.100428737558462
-0.053646465067882
-0.207037987967324
-0.193050945420831
0.389289637424662
0.452791164502534
-0.074843914136224
0.263725617372227
-0.168388182382502
0.199309290866282
-0.123254108541328
0.032477879614647
0.341501466595708
0.029967197417649
-0.294745719809762
-0.159608080002243
-0.193050945420831
0.335838639688556
0.446958658175426
0.152610763687555
-0.087038462407748
0.084654284544503
-0.151774487470602
0.139015060298452
0.007391851146185
-0.318438073090824
-0.093204444571903
-0.281222840279768
-0.075613884394528
-0.193050945420831
0.205451056894156
0.055011749408906
0.111634303788479
-0.201997089111317
0.041658898661912
0.095419102540946
-0.146696962050215
-0.043543639678248
-0.115662072718879
-0.052436306085126
-0.024759843267323
0.025702540881883
-0.193050945420831
0.027997112918946
-0.384458187185009
-0.125698706925000
0.230296772342227
-0.147018551355327
-0.033518306205936
0.145853369589380
0.057793913481131
0.400466745553991
0.080563448051197
0.253092452090258
0.121130823791451
-0.193050945420831
-0.155870632224208
-0.491806034872849
-0.141936913478732
0.038668367225965
0.178431033078102
-0.030330452251678
-0.136533309443438
-0.042975091160747
-0.168352857424050
0.071858007241153
0.312305642659763
0.188809494755071
-0.193050945420831
-0.193050945420831
-0.304030293969547
-0.174297154096789
0.091481498212173
-0.257720756326792
-0.120096540777138
0.092416515071132
0.119278429631030
0.006540721793773
-0.281069253573704
-0.063240396765974
0.101727199510200
0.213234185871382
0.192423784847938
0.389289637424662
-0.384458187185009
-0.141936913478732
-0.192805829231026
-0.044292228999945
0.092416515071132
0.065378238905116
-0.043543639678248
-0.318438073090824
0.097287013588572
0.128935035850308
-0.207037987967324
-0.180613653331681
-0.278744661558434
0.446958658175426
-0.125698706925000
0.038668367225965
0.041658898661912
0.092416515071132
-0.003499318460770
-0.056011935084926
0.204302317179164
-0.005756504162589
-0.294745719809763
0.188809494755071
0.158306912787706
0.027997112918946
0.067470738195049
0.111634303788479
0.236738101700477
0.118066474684478
0.092416515071132
-0.071575224138653
-0.020093171757633
0.367689919253317
-0.093204444571903
0.312305642659763
-0.159608080002243
-0.126799949894724
0.236832381683252
-0.494809565168089
0.152610763687555
0.230296772342227
0.167426444212094
0.092416515071132
-0.123254108541328
0.033183490033875
-0.115662072718879
0.071858007241153
-0.172782540680868
0.121130823791451
0.087923834812925
-0.382540279328696
0.283453041732944
-0.074843914136224
0.024908853606703
0.178431033078102
0.092416515071132
-0.146696962050215
0.057793913481131
-0.395572963807284
0.042242043490202
-0.053646465067882
-0.075613884394528
-0.043937906041935
0.335838639688556
0.293781897476942
-0.170653637582145
-0.201997089111317
0.148559222592970
0.092416515071132
-0.136533309443438
0.032477879614647
0.020299969006701
-0.101816477361730
0.253092452090258
0.025702540881883
-0.002601534120422
-0.120217383587396
-0.491806034872849
0.033703868240931
-0.254403704139604
0.084654284544503
0.092416515071132
-0.095091521047918
-0.020894836565813
0.400466745553991
0.029967197417649
-0.325238376273194
0.025702540881883
0.048989782575891
-0.155870632224208
0.055011749408906
0.178778742361194
-0.087038462407748
0.001356070101612
0.092416515071132
-0.031865411157378
-0.056217119698142
0.076241895116761
0.080563448051197
0.233796388626147
-0.075613884394528
-0.092530922938665
0.353559070675485
0.452791164502534
0.009394923967949
0.155516739932551
-0.082252803659142
0.092416515071132
0.038660680409483
-0.042975091160747
-0.382086855686493
-0.087103582209553
-0.024759843267323
0.121130823791451
0.130694502396463
-0.373414896803765
-0.376135668893465
-0.176513876468499
0.263725617372227
-0.147018551355327
0.092416515071132
0.100330076006238
0.007391851146185
-0.168352857424050
-0.018788736190359
-0.196730371008900
-0.159608080002243
-0.161262592430165
0.205451056894156
-0.186032071741263
-0.051947717344971
0.144109712145593
-0.178104120701618
0.092416515071132
0.139015060298452
0.051373191259211
0.341501466595708
0.100428737558462
0.319269437651023
0.188809494755071
0.182458686757500
0.065850248186989
0.508071432465664
0.163990665677289
-0.099998323109256
-0.168388182382502
0.092416515071132
0.145853369589380
0.050974746616685
0.250679763595592
-0.052436306085126
-0.281222840279768
-0.207037987967324
0.000000000000000
0.020819987108038
0.243875989772186
-0.477280275413870
-0.154087259184611
-0.056384766438279
0.133515994948999
0.248210275029446
0.086583944512977
0.057424203688549
0.286648911647687
-0.080064555479638
-0.309262450191483
0.000000000000000
-0.071280064683182
-0.111674674316096
-0.230556111551653
0.140176781871432
-0.128695869307082
-0.158377246225947
-0.263114455236299
-0.143905242414729
-0.026478584378549
0.313571650467546
0.006563974780427
-0.321113286869834
0.000000000000000
-0.147050712673387
-0.370752880935500
0.421699338815846
0.054672515381601
0.249045249281427
0.174034187630110
0.262727379686951
0.128845296818209
-0.038645332843345
-0.211055140108606
0.087522080822024
-0.259400939360921
0.000000000000000
-0.189133814543316
-0.309548608500847
0.332216588285106
-0.178951064153880
-0.244130222429116
-0.179576894637744
-0.247071543805365
-0.048978936624721
0.053886232153821
-0.364451422346573
0.092872442570667
-0.138262962764627
0.000000000000000
-0.187888638810925
0.019065577157470
-0.341610769460573
0.072241328399255
0.116422941601764
0.174683245264486
0.217056807866332
-0.055522775823019
0.000428690311238
0.123195610980633
0.017993040312396
0.014549392351712
0.000000000000000
-0.143600440230510
0.331209573019330
-0.414569844465594
0.127716807960238
0.069842576183883
-0.159637640624217
-0.174427519223503
0.132097725568370
-0.054190263512606
0.394150602285836
-0.072430018794698
0.164028657019460
0.000000000000000
-0.066415111366193
0.357231387266850
0.241669023888877
-0.162819336919602
-0.220978779508955
0.135314476570083
0.121661137181639
-0.142230358970744
0.038003574232148
-0.028176400740291
-0.100282920877081
0.275930933123656
0.000000000000000
0.025985119123261
0.074651542044995
0.472829808185813
-0.012243742806806
0.260967406976486
-0.103127326985805
-0.061824252067019
0.080824179243301
0.027237757217000
-0.400943181899392
-0.041504365304302
0.324620757777449
0.000000000000000
0.112432471976209
-0.272417568617089
-0.127682353079918
0.171502718989573
-0.169695038579528
0.064946792009694
-0.001605633855724
0.021234825219306
-0.057320857874600
-0.068480319494027
0.053128587347430
0.298943878928650
0.000000000000000
0.173122900457579
-0.384153176288163
-0.503610622120696
-0.109387661782764
-0.006930286400312
-0.022991785553963
0.064942206175013
-0.112613169067673
0.013414755446608
0.384434401150125
0.101865320335706
0.204782560081585
0.000000000000000
0.194152958801239
-0.164030184971120
0.006275248016425
-0.093923920088924
0.180069826296604
-0.020299419906424
-0.124504573526726
0.147349509646218
0.047806982194905
0.161157212475185
0.062603607446951
0.063708024617210
0.000000000000000
0.170704914080334
0.197793645324395
0.505123417248053
0.175999423930215
-0.262638114408310
0.062410896867239
0.176831187620776
-0.107972214348199
-0.047319934488745
-0.345583690368204
-0.030739515518088
-0.091961251522042
0.000000000000000
0.108150430760852
0.388749379043589
0.115496551652184
-0.030896591595726
0.213105076731419
-0.100895279356510
-0.218881015845521
0.014287216240703
-0.014247222146421
-0.244468234049919
-0.097527677641793
-0.226563313190815
-0.309262450191483
0.000000000000000
0.020819987108038
0.243875989772186
-0.477280275413870
-0.154087259184611
-0.056384766438279
0.133515994948999
0.248210275029446
0.086583944512977
0.057424203688549
0.286648911647687
-0.080064555479638
0.324620757777449
-0.051030280840626
0.112432471976209
0.197793645324395
0.115496551652184
-0.162819336919602
0.069842576183883
0.133515994948999
0.262727379686951
0.147349509646218
0.013414755446608
-0.364451422346573
0.017993040312396
-0.321113286869834
0.099094867246319
-0.189133814543316
-0.384153176288163
0.505123417248053
-0.030896591595726
0.180069826296604
0.133515994948999
0.217056807866332
0.080824179243301
-0.054190263512606
-0.028176400740291
0.053128587347430
0.298943878928650
-0.141400420162842
0.170704914080334
0.074651542044995
0.006275248016425
0.127716807960238
0.249045249281427
0.133515994948999
0.121661137181639
-0.055522775823019
-0.026478584378549
0.384434401150125
-0.097527677641793
-0.259400939360921
0.175488294629116
-0.066415111366193
0.331209573019330
-0.503610622120696
0.175999423930215
0.260967406976486
0.133515994948999
-0.001605633855724
-0.143905242414730
0.047806982194905
-0.244468234049919
0.092872442570667
0.204782560081585
-0.199377427285543
-0.071280064683182
-0.309548608500847
-0.127682353079918
0.072241328399255
0.213105076731419
0.133515994948999
-0.124504573526726
-0.107972214348199
0.038003574232148
-0.211055140108606
-0.041504365304302
-0.138262962764627
0.211679468575594
0.173122900457579
-0.111674674316096
0.472829808185813
-0.093923920088924
0.116422941601764
0.133515994948999
-0.218881015845521
0.021234825219306
-0.038645332843345
0.394150602285836
-0.030739515518088
0.063708024617210
-0.211679468575594
-0.187888638810925
0.388749379043589
0.241669023888877
-0.178951064153880
-0.006930286400312
0.133515994948999
-0.263114455236299
0.132097725568370
-0.047319934488745
-0.068480319494027
0.087522080822024
0.014549392351712
0.199377427285543
0.108150430760852
-0.164030184971120
-0.414569844465594
-0.109387661782764
-0.128695869307082
0.133515994948999
-0.247071543805365
0.128845296818209
0.027237757217000
-0.345583690368204
-0.100282920877081
-0.091961251522042
-0.175488294629116
0.025985119123261
-0.272417568617089
-0.341610769460573
0.054672515381601
-0.220978779508955
0.133515994948999
-0.174427519223503
0.014287216240703
0.053886232153821
0.313571650467546
0.062603607446951
0.164028657019460
0.141400420162842
-0.147050712673387
0.357231387266850
0.332216588285106
0.171502718989573
-0.262638114408310
0.133515994948999
-0.061824252067019
-0.112613169067673
-0.014247222146421
0.123195610980633
0.006563974780427
-0.226563313190815
-0.099094867246319
0.194152958801239
0.019065577157470
0.421699338815846
0.140176781871432
-0.244130222429116
0.133515994948999
0.064942206175013
-0.142230358970744
-0.057320857874600
-0.400943181899393
-0.072430018794698
0.275930933123656
0.051030280840626
-0.143600440230510
-0.370752880935500
-0.230556111551653
-0.012243742806806
-0.169695038579528
0.133515994948999
0.176831187620776
-0.048978936624721
0.000428690311238
0.161157212475185
0.101865320335706
-0.080064555479638
-0.309262450191483
0.000000000000000
0.020819987108038
0.243875989772186
-0.477280275413870
-0.154087259184611
-0.056384766438279
0.133515994948999
0.248210275029446
0.086583944512977
0.057424203688549
0.286648911647687
-0.041504365304302
-0.309262450191483
0.099094867246319
-0.147050712673387
-0.272417568617089
0.006275248016425
0.175999423930215
-0.006930286400312
-0.100895279356510
-0.247071543805365
-0.142230358970744
0.000428690311238
0.394150602285836
0.006563974780427
-0.309262450191483
0.175488294629116
-0.187888638810925
-0.309548608500847
0.472829808185813
-0.109387661782764
0.069842576183883
0.062410896867239
0.121661137181639
0.014287216240703
-0.057320857874600
0.161157212475185
0.053128587347430
-0.309262450191483
0.211679468575594
-0.066415111366193
0.197793645324395
-0.341610769460573
-0.012243742806806
-0.128695869307082
-0.020299419906424
0.064942206175013
0.132097725568370
-0.014247222146421
-0.211055140108606
0.087522080822024
-0.309262450191483
0.199377427285542
0.112432471976209
0.357231387266850
-0.230556111551653
0.127716807960238
0.180069826296604
-0.022991785553963
-0.218881015845521
-0.107972214348199
0.053886232153821
-0.400943181899392
0.101865320335706
-0.309262450191483
0.141400420162842
0.194152958801239
-0.111674674316096
0.505123417248053
-0.178951064153880
-0.220978779508955
0.064946792009694
0.262727379686951
-0.055522775823019
0.027237757217000
-0.244468234049919
0.092872442570667
-0.309262450191483
0.051030280840626
0.108150430760852
-0.384153176288163
-0.127682353079918
0.140176781871432
0.249045249281427
-0.103127326985805
-0.174427519223503
0.147349509646218
-0.047319934488745
0.123195610980633
0.062603607446951
-0.309262450191483
-0.051030280840626
-0.071280064683182
0.019065577157470
-0.414569844465594
-0.030896591595726
-0.262638114408310
0.135314476570083
-0.001605633855724
-0.048978936624721
-0.038645332843345
0.384434401150125
0.017993040312396
-0.309262450191483
-0.141400420162842
-0.189133814543316
0.388749379043589
0.421699338815845
-0.093923920088924
0.260967406976486
-0.159637640624217
0.176831187620776
-0.112613169067673
0.038003574232148
0.313571650467546
-0.030739515518088
-0.309262450191483
-0.199377427285542
-0.143600440230510
0.074651542044995
0.115496551652184
0.171502718989573
-0.244130222429116
0.174683245264486
-0.263114455236299
0.128845296818209
0.047806982194905
-0.028176400740291
-0.072430018794698
-0.309262450191483
-0.211679468575594
0.025985119123261
-0.370752880935500
-0.503610622120696
-0.162819336919602
0.213105076731419
-0.179576894637744
0.217056807866332
0.021234825219306
-0.026478584378549
-0.345583690368204
-0.097527677641793
-0.309262450191483
-0.175488294629116
0.173122900457579
-0.164030184971120
0.241669023888877
0.072241328399255
-0.169695038579528
0.174034187630110
-0.061824252067019
-0.143905242414729
-0.054190263512606
-0.364451422346572
-0.100282920877081
-0.309262450191483
-0.099094867246319
0.170704914080334
0.331209573019330
0.332216588285106
0.054672515381601
0.116422941601764
-0.158377246225947
-0.124504573526726
0.080824179243301
0.013414755446608
-0.068480319494027
0.286648911647687
-0.080064555479638
-0.309262450191483
0.000000000000000
0.020819987108038
0.243875989772186
-0.477280275413870
-0.154087259184611
-0.056384766438279
0.133515994948999
0.248210275029446
0.086583944512977
0.057424203688549
-0.400943181899392
0.062603607446951
0.275930933123656
-0.141400420162842
0.173122900457579
0.331209573019330
-0.127682353079918
-0.178951064153879
-0.056384766438279
0.062410896867239
0.217056807866332
0.128845296818209
-0.014247222146421
0.313571650467546
-0.041504365304302
-0.226563313190815
0.211679468575594
-0.143600440230510
-0.164030184971120
0.332216588285106
-0.162819336919602
-0.056384766438279
-0.022991785553963
-0.001605633855724
-0.055522775823019
-0.047319934488745
-0.068480319494027
0.017993040312396
0.164028657019460
-0.175488294629116
-0.071280064683182
-0.370752880935500
0.505123417248053
-0.109387661782764
-0.056384766438279
-0.103127326985805
-0.218881015845521
-0.142230358970744
0.047806982194905
-0.211055140108606
0.006563974780427
-0.091961251522042
0.051030280840626
0.194152958801239
0.074651542044995
0.241669023888877
-0.030896591595726
-0.056384766438279
-0.159637640624217
-0.247071543805365
0.021234825219306
0.013414755446608
0.384434401150125
-0.030739515518088
0.014549392351712
0.099094867246319
-0.066415111366193
0.388749379043589
-0.230556111551653
0.054672515381601
-0.056384766438279
-0.179576894637744
-0.061824252067019
0.147349509646218
-0.057320857874600
-0.364451422346573
0.053128587347430
0.063708024617210
-0.199377427285543
-0.147050712673387
0.019065577157470
-0.503610622120696
0.127716807960238
-0.056384766438279
-0.158377246225947
0.176831187620776
0.014287216240703
0.027237757217000
0.161157212475185
-0.072430018794698
-0.138262962764627
0.199377427285542
0.170704914080334
-0.384153176288163
-0.341610769460573
0.171502718989573
-0.056384766438279
-0.100895279356510
0.262727379686950
-0.143905242414729
0.038003574232148
0.123195610980633
0.087522080822024
0.204782560081585
-0.099094867246319
0.025985119123261
-0.111674674316096
0.115496551652184
0.175999423930215
-0.056384766438279
-0.020299419906424
0.121661137181639
-0.048978936624721
-0.054190263512606
-0.345583690368204
-0.097527677641793
-0.259400939360921
-0.051030280840626
-0.189133814543316
0.357231387266850
0.472829808185813
0.140176781871432
-0.056384766438279
0.064946792009694
-0.124504573526726
0.132097725568370
0.000428690311238
0.394150602285836
0.101865320335706
0.298943878928650
0.175488294629116
0.108150430760852
0.197793645324395
0.421699338815845
0.072241328399255
-0.056384766438279
0.135314476570083
-0.263114455236299
0.080824179243301
0.053886232153821
-0.244468234049919
-0.100282920877081
-0.321113286869834
-0.211679468575594
0.112432471976209
-0.309548608500847
0.006275248016425
-0.012243742806806
-0.056384766438279
0.174683245264486
-0.174427519223503
-0.112613169067673
-0.038645332843345
-0.028176400740291
0.092872442570667
0.324620757777449
0.141400420162842
-0.187888638810925
-0.272417568617089
-0.414569844465594
-0.093923920088924
-0.056384766438279
0.174034187630110
0.064942206175013
-0.107972214348199
-0.026478584378549
0.057424203688549
0.286648911647687
-0.080064555479638
-0.309262450191483
0.000000000000000
0.020819987108038
0.243875989772186
-0.477280275413870
-0.154087259184611
-0.056384766438279
0.133515994948999
0.248210275029446
0.086583944512977
0.027237757217000
0.384434401150125
-0.080064555479638
-0.226563313190815
0.175488294629116
-0.189133814543316
-0.370752880935500
0.241669023888877
0.171502718989573
0.116422941601764
-0.020299419906424
-0.174427519223503
-0.107972214348199
-0.026478584378549
0.394150602285836
-0.080064555479638
-0.091961251522042
0.199377427285543
-0.066415111366193
0.019065577157470
0.115496551652184
-0.178951064153880
-0.169695038579528
-0.103127326985805
-0.124504573526726
-0.112613169067673
-0.057320857874600
0.313571650467546
-0.080064555479638
0.063708024617210
0.051030280840626
0.173122900457579
0.357231387266850
-0.414569844465594
0.175999423930215
0.213105076731419
0.174683245264486
0.262727379686951
0.080824179243301
-0.038645332843345
0.161157212475185
-0.080064555479638
0.204782560081585
-0.141400420162842
0.108150430760852
-0.272417568617089
0.505123417248053
-0.162819336919602
-0.244130222429116
-0.158377246225947
-0.061824252067019
0.132097725568370
0.013414755446608
-0.028176400740291
-0.080064555479638
0.298943878928650
-0.211679468575594
-0.147050712673387
-0.164030184971120
-0.341610769460573
0.140176781871432
0.260967406976486
0.062410896867239
-0.218881015845521
-0.048978936624721
0.053886232153821
-0.211055140108606
-0.080064555479638
0.324620757777449
-0.099094867246319
-0.143600440230510
0.388749379043589
0.006275248016425
-0.109387661782764
-0.262638114408310
0.064946792009694
0.217056807866332
-0.143905242414730
0.047806982194905
-0.345583690368204
-0.080064555479638
0.275930933123656
0.099094867246319
0.112432471976209
-0.111674674316096
0.332216588285106
0.072241328399255
0.249045249281427
-0.159637640624217
0.064942206175013
0.014287216240703
0.000428690311238
-0.400943181899393
-0.080064555479638
0.164028657019460
0.211679468575594
0.170704914080334
-0.309548608500847
-0.503610622120696
-0.030896591595726
-0.220978779508955
0.174034187630110
-0.263114455236299
0.147349509646218
-0.047319934488745
-0.364451422346573
-0.080064555479638
0.014549392351712
0.141400420162842
-0.071280064683182
0.331209573019330
0.421699338815846
-0.012243742806806
0.180069826296604
-0.100895279356510
0.121661137181639
0.021234825219306
-0.054190263512606
-0.244468234049919
-0.080064555479638
-0.138262962764627
-0.051030280840626
-0.187888638810925
0.074651542044995
-0.127682353079918
0.054672515381601
-0.128695869307082
-0.022991785553963
0.176831187620776
-0.142230358970744
-0.014247222146421
-0.068480319494027
-0.080064555479638
-0.259400939360921
-0.199377427285543
0.025985119123261
-0.384153176288163
-0.230556111551653
-0.093923920088924
0.069842576183883
0.135314476570083
-0.247071543805365
-0.055522775823019
0.038003574232148
0.123195610980633
-0.080064555479638
-0.321113286869834
-0.175488294629116
0.194152958801239
0.197793645324395
0.472829808185813
0.127716807960238
-0.006930286400312
-0.179576894637744
-0.001605633855724
0.128845296818209
0.086583944512977
0.057424203688549
0.286648911647687
-0.080064555479638
-0.309262450191483
0.000000000000000
0.020819987108038
0.243875989772186
-0.477280275413870
-0.154087259184611
-0.056384766438279
0.133515994948999
0.248210275029446
0.080824179243301
-0.038645332843345
-0.345583690368204
0.092872442570667
0.164028657019460
-0.199377427285543
0.194152958801239
0.388749379043589
-0.341610769460573
-0.154087259184611
-0.169695038579528
-0.022991785553963
0.121661137181639
-0.143905242414730
0.000428690311238
0.384434401150125
-0.100282920877081
0.063708024617210
0.141400420162842
0.025985119123261
0.197793645324395
-0.127682353079918
-0.154087259184611
-0.244130222429116
-0.159637640624217
-0.218881015845521
0.021234825219306
0.038003574232148
-0.400943181899393
0.101865320335706
-0.259400939360921
0.099094867246319
-0.187888638810925
-0.164030184971120
0.115496551652184
-0.154087259184611
-0.262638114408310
-0.158377246225947
-0.174427519223503
0.128845296818209
-0.057320857874600
0.394150602285836
-0.097527677641793
0.324620757777449
-0.211679468575594
-0.071280064683182
-0.384153176288163
0.332216588285106
-0.154087259184611
-0.220978779508955
-0.020299419906424
0.176831187620776
-0.112613169067673
0.047806982194905
-0.364451422346573
0.087522080822024
-0.226563313190815
0.051030280840626
0.170704914080334
-0.272417568617089
0.472829808185813
-0.154087259184611
-0.128695869307082
0.135314476570083
0.217056807866332
-0.048978936624721
-0.014247222146421
0.313571650467546
-0.072430018794698
0.014549392351712
0.175488294629116
0.112432471976209
0.074651542044995
0.505123417248053
-0.154087259184611
-0.006930286400312
0.174034187630110
-0.124504573526726
0.147349509646218
-0.026478584378549
-0.244468234049919
0.053128587347430
0.204782560081585
-0.175488294629116
-0.143600440230510
0.357231387266850
0.421699338815846
-0.154087259184611
0.116422941601764
0.062410896867239
-0.247071543805365
-0.055522775823019
0.053886232153821
0.161157212475185
-0.030739515518088
-0.321113286869834
-0.051030280840626
-0.147050712673387
0.331209573019330
0.241669023888877
-0.154087259184611
0.213105076731419
-0.103127326985805
0.064942206175013
-0.107972214348199
-0.054190263512606
-0.068480319494027
0.006563974780427
0.275930933123656
0.211679468575594
0.108150430760852
0.019065577157470
0.006275248016425
-0.154087259184611
0.260967406976486
-0.179576894637744
0.262727379686951
0.132097725568370
0.027237757217000
-0.028176400740291
0.017993040312396
-0.091961251522042
-0.099094867246319
0.173122900457579
-0.309548608500847
-0.230556111551653
-0.154087259184611
0.249045249281427
-0.100895279356510
-0.001605633855724
0.014287216240703
0.013414755446608
0.123195610980633
-0.041504365304302
-0.138262962764627
-0.141400420162842
-0.066415111366193
-0.370752880935500
-0.414569844465594
-0.154087259184611
0.180069826296604
0.064946792009694
-0.263114455236299
-0.142230358970744
-0.047319934488745
-0.211055140108606
0.062603607446951
0.298943878928650
0.199377427285543
-0.189133814543316
-0.111674674316096
-0.503610622120696
-0.154087259184611
0.069842576183883
0.174683245264486
-0.061824252067019
0.248210275029446
0.086583944512977
0.057424203688549
0.286648911647687
-0.080064555479638
-0.309262450191483
0.000000000000000
0.020819987108038
0.243875989772186
-0.477280275413870
-0.154087259184611
-0.056384766438279
0.133515994948999
-0.061824252067019
-0.048978936624721
0.047806982194905
0.286648911647687
-0.100282920877081
-0.091961251522042
0.211679468575594
-0.187888638810925
-0.384153176288163
0.421699338815846
0.127716807960238
0.213105076731419
0.064946792009694
-0.263114455236299
-0.142230358970744
0.027237757217000
0.286648911647687
-0.097527677641793
0.204782560081585
0.051030280840626
0.112432471976209
0.331209573019330
-0.341610769460573
-0.093923920088924
-0.262638114408310
-0.179576894637744
-0.001605633855724
-0.112613169067673
0.000428690311238
0.286648911647687
-0.072430018794698
0.324620757777449
-0.199377427285542
0.108150430760852
-0.111674674316096
0.241669023888877
0.054672515381601
0.180069826296604
0.062410896867239
0.262727379686950
0.014287216240703
-0.026478584378549
0.286648911647687
-0.030739515518088
0.164028657019460
-0.099094867246319
-0.189133814543316
-0.164030184971120
-0.127682353079918
-0.012243742806806
-0.006930286400312
0.135314476570083
0.064942206175013
0.128845296818209
-0.047319934488745
0.286648911647687
0.017993040312396
-0.138262962764627
0.175488294629116
0.025985119123261
0.357231387266850
0.006275248016425
-0.030896591595726
-0.169695038579528
-0.158377246225947
-0.247071543805365
0.132097725568370
-0.057320857874600
0.286648911647687
0.062603607446951
-0.321113286869834
0.141400420162842
0.170704914080334
-0.370752880935500
0.115496551652184
0.072241328399255
0.260967406976486
-0.022991785553963
-0.124504573526726
0.021234825219306
-0.054190263512606
0.286648911647687
0.092872442570667
-0.226563313190815
-0.141400420162842
-0.147050712673387
0.197793645324395
-0.230556111551653
-0.109387661782764
-0.220978779508955
0.174683245264486
0.217056807866332
-0.107972214348199
-0.038645332843345
0.286648911647687
0.101865320335706
0.063708024617210
-0.175488294629116
-0.066415111366193
0.074651542044995
0.332216588285106
0.140176781871432
0.069842576183883
-0.100895279356510
0.176831187620776
-0.143905242414729
-0.014247222146421
0.286648911647687
0.087522080822024
0.298943878928650
0.099094867246319
0.194152958801239
-0.309548608500847
-0.414569844465594
-0.162819336919602
0.116422941601764
-0.103127326985805
-0.174427519223503
-0.055522775823019
0.013414755446608
0.286648911647687
0.053128587347430
0.275930933123656
0.199377427285542
-0.071280064683182
0.388749379043589
0.472829808185813
0.175999423930215
-0.244130222429116
0.174034187630110
-0.218881015845521
0.080824179243301
0.038003574232148
0.286648911647687
0.006563974780427
0.014549392351712
-0.051030280840626
-0.143600440230510
-0.272417568617089
-0.503610622120696
-0.178951064153879
0.249045249281427
-0.020299419906424
0.121661137181639
0.147349509646218
0.053886232153821
0.286648911647687
-0.041504365304302
-0.259400939360921
-0.211679468575594
0.173122900457579
0.019065577157470
0.505123417248053
0.171502718989573
-0.128695869307082
-0.159637640624217
0.133515994948999
0.248210275029446
0.086583944512977
0.057424203688549
0.286648911647687
-0.080064555479638
-0.309262450191483
0.000000000000000
0.020819987108038
0.243875989772186
-0.477280275413870
-0.154087259184611
-0.056384766438279
-0.103127326985805
-0.001605633855724
0.014287216240703
-0.054190263512606
-0.211055140108606
0.101865320335706
0.014549392351712
-0.211679468575594
0.170704914080334
0.357231387266850
-0.477280275413870
-0.093923920088924
-0.244130222429116
-0.158377246225947
-0.247071543805365
-0.107972214348199
0.047806982194905
0.123195610980633
-0.072430018794698
0.298943878928650
-0.051030280840626
0.173122900457579
0.388749379043589
-0.477280275413870
-0.012243742806806
-0.220978779508955
0.064946792009694
0.176831187620776
0.147349509646218
-0.038645332843345
-0.028176400740291
0.006563974780427
-0.226563313190815
0.199377427285542
0.025985119123261
0.331209573019330
-0.477280275413870
0.072241328399255
-0.006930286400312
0.174034187630110
0.121661137181639
-0.112613169067673
0.027237757217000
-0.068480319494027
0.062603607446951
-0.138262962764627
0.099094867246319
-0.143600440230510
0.197793645324395
-0.477280275413870
0.140176781871432
0.213105076731419
-0.022991785553963
-0.263114455236299
0.021234825219306
-0.014247222146421
0.161157212475185
-0.100282920877081
0.324620757777449
-0.175488294629116
-0.189133814543316
0.019065577157470
-0.477280275413870
0.175999423930215
0.249045249281427
-0.179576894637744
0.064942206175013
0.080824179243301
0.000428690311238
-0.244468234049919
0.087522080822024
-0.091961251522042
-0.141400420162842
-0.071280064683182
-0.164030184971120
-0.477280275413870
0.171502718989573
0.069842576183883
-0.020299419906424
0.217056807866332
-0.142230358970744
0.013414755446608
0.313571650467546
-0.030739515518088
-0.259400939360921
0.141400420162842
0.108150430760852
-0.309548608500847
-0.477280275413870
0.127716807960238
-0.169695038579528
0.174683245264486
-0.218881015845521
0.132097725568370
-0.026478584378549
-0.364451422346573
-0.041504365304302
0.275930933123656
0.175488294629116
0.194152958801239
-0.384153176288163
-0.477280275413870
0.054672515381601
-0.262638114408310
0.062410896867239
-0.061824252067019
-0.055522775823019
0.038003574232148
0.394150602285836
0.092872442570667
0.063708024617210
-0.099094867246319
0.112432471976209
-0.370752880935500
-0.477280275413870
-0.030896591595726
-0.128695869307082
-0.159637640624217
0.262727379686950
-0.048978936624721
-0.047319934488745
-0.400943181899392
-0.097527677641793
-0.321113286869834
-0.199377427285542
-0.066415111366193
-0.272417568617089
-0.477280275413870
-0.109387661782764
0.116422941601764
-0.100895279356510
-0.124504573526726
0.128845296818209
0.053886232153821
0.384434401150125
0.053128587347430
0.164028657019460
0.051030280840626
-0.187888638810925
-0.111674674316096
-0.477280275413870
-0.162819336919602
0.260967406976486
0.135314476570083
-0.174427519223503
-0.143905242414729
-0.057320857874600
-0.345583690368204
0.017993040312396
0.204782560081585
0.211679468575594
-0.147050712673387
0.074651542044995
-0.477280275413870
-0.178951064153879
0.180069826296604
-0.056384766438279
0.133515994948999
0.248210275029446
0.086583944512977
0.057424203688549
0.286648911647687
-0.080064555479638
-0.309262450191483
0.000000000000000
0.020819987108038
0.243875989772186
-0.477280275413870
-0.154087259184611
0.260967406976486
0.135314476570083
0.064942206175013
0.021234825219306
0.057424203688549
0.123195610980633
-0.097527677641793
0.063708024617210
0.199377427285543
-0.143600440230510
-0.309548608500847
0.505123417248053
0.054672515381601
-0.128695869307082
-0.100895279356510
-0.174427519223503
-0.048978936624721
0.057424203688549
-0.068480319494027
-0.030739515518088
0.324620757777449
-0.141400420162842
0.194152958801239
0.357231387266850
-0.503610622120696
0.072241328399255
-0.169695038579528
-0.159637640624217
-0.263114455236299
-0.107972214348199
0.057424203688549
-0.244468234049919
0.062603607446951
0.014549392351712
-0.099094867246319
-0.147050712673387
-0.384153176288163
0.472829808185813
-0.162819336919602
0.249045249281427
0.062410896867239
-0.124504573526726
-0.142230358970744
0.057424203688549
-0.364451422346573
0.101865320335706
-0.321113286869834
0.211679468575594
0.025985119123261
0.388749379043589
-0.414569844465594
0.171502718989573
-0.006930286400312
0.174683245264486
0.121661137181639
-0.143905242414730
0.057424203688549
-0.400943181899393
0.053128587347430
-0.091961251522042
-0.051030280840626
0.108150430760852
-0.370752880935500
0.332216588285106
-0.093923920088924
-0.244130222429116
-0.020299419906424
0.262727379686950
-0.112613169067673
0.057424203688549
-0.345583690368204
-0.041504365304302
0.298943878928650
-0.175488294629116
-0.187888638810925
0.331209573019330
-0.230556111551653
-0.030896591595726
0.180069826296604
-0.179576894637744
0.176831187620776
-0.055522775823019
0.057424203688549
-0.211055140108606
-0.100282920877081
0.164028657019460
0.175488294629116
0.173122900457579
-0.272417568617089
0.115496551652184
0.140176781871432
0.116422941601764
-0.022991785553963
-0.061824252067019
0.014287216240703
0.057424203688549
-0.028176400740291
-0.072430018794698
-0.259400939360921
0.051030280840626
-0.071280064683182
0.197793645324395
0.006275248016425
-0.178951064153880
-0.262638114408310
0.174034187630110
-0.247071543805365
0.080824179243301
0.057424203688549
0.161157212475185
0.017993040312396
-0.226563313190815
-0.211679468575594
-0.066415111366193
-0.111674674316096
-0.127682353079918
0.127716807960238
0.069842576183883
0.064946792009694
-0.218881015845521
0.128845296818209
0.057424203688549
0.313571650467546
0.092872442570667
0.204782560081585
0.099094867246319
0.170704914080334
0.019065577157470
0.241669023888877
-0.012243742806806
0.213105076731419
-0.158377246225947
-0.001605633855724
0.147349509646218
0.057424203688549
0.394150602285836
0.087522080822024
0.275930933123656
0.141400420162842
-0.189133814543316
0.074651542044995
-0.341610769460573
-0.109387661782764
-0.220978779508955
-0.103127326985805
0.217056807866332
0.132097725568370
0.057424203688549
0.384434401150125
0.006563974780427
-0.138262962764627
-0.199377427285542
0.112432471976209
-0.164030184971120
0.421699338815845
0.175999423930215
-0.154087259184611
-0.056384766438279
0.133515994948999
0.248210275029446
0.086583944512977
0.057424203688549
0.286648911647687
-0.080064555479638
-0.309262450191483
0.000000000000000
0.020819987108038
0.243875989772186
-0.477280275413870
-0.012243742806806
-0.262638114408310
-0.159637640624217
-0.124504573526726
-0.055522775823019
-0.057320857874600
-0.028176400740291
0.087522080822024
-0.138262962764627
-0.175488294629116
0.108150430760852
0.243875989772186
-0.503610622120696
0.140176781871432
-0.006930286400312
-0.020299419906424
-0.061824252067019
0.021234825219306
0.053886232153821
-0.244468234049919
0.017993040312396
0.275930933123656
-0.199377427285543
0.170704914080334
0.243875989772186
-0.414569844465594
0.171502718989573
0.260967406976486
0.174034187630110
0.217056807866332
0.014287216240703
-0.047319934488745
0.394150602285836
-0.100282920877081
0.204782560081585
-0.051030280840626
0.194152958801239
0.243875989772186
-0.230556111551653
0.054672515381601
0.069842576183883
-0.103127326985805
-0.263114455236299
-0.048978936624721
0.038003574232148
-0.345583690368204
0.053128587347430
-0.226563313190815
0.141400420162842
0.173122900457579
0.243875989772186
0.006275248016425
-0.109387661782764
-0.244130222429116
-0.100895279356510
0.176831187620776
0.080824179243301
-0.026478584378549
0.123195610980633
0.062603607446951
-0.259400939360921
0.211679468575594
0.112432471976209
0.243875989772186
0.241669023888877
-0.178951064153880
-0.128695869307082
0.174683245264486
-0.001605633855724
-0.107972214348199
0.013414755446608
0.161157212475185
-0.097527677641793
0.164028657019460
0.099094867246319
0.025985119123261
0.243875989772186
0.421699338815846
-0.093923920088924
0.213105076731419
-0.022991785553963
-0.174427519223503
0.128845296818209
0.000428690311238
-0.364451422346573
0.006563974780427
0.298943878928650
-0.099094867246319
-0.066415111366193
0.243875989772186
0.505123417248053
0.072241328399255
0.180069826296604
-0.158377246225947
0.262727379686950
-0.142230358970744
-0.014247222146421
0.384434401150125
0.092872442570667
-0.091961251522042
-0.211679468575594
-0.143600440230510
0.243875989772186
0.472829808185813
0.175999423930215
-0.169695038579528
0.135314476570083
-0.218881015845521
0.147349509646218
0.027237757217000
-0.211055140108606
-0.072430018794698
-0.321113286869834
-0.141400420162842
-0.187888638810925
0.243875989772186
0.332216588285106
0.127716807960238
-0.220978779508955
0.062410896867239
0.064942206175013
-0.143905242414729
-0.038645332843345
-0.068480319494027
-0.041504365304302
0.014549392351712
0.051030280840626
-0.189133814543316
0.243875989772186
0.115496551652184
-0.030896591595726
0.116422941601764
-0.179576894637744
0.121661137181639
0.132097725568370
0.047806982194905
0.313571650467546
0.101865320335706
0.324620757777449
0.199377427285542
-0.147050712673387
0.243875989772186
-0.127682353079918
-0.162819336919602
0.249045249281427
0.064946792009694
-0.247071543805365
-0.112613169067673
-0.054190263512606
-0.400943181899392
-0.030739515518088
0.063708024617210
0.175488294629116
-0.071280064683182
0.243875989772186
-0.341610769460573
-0.477280275413870
-0.154087259184611
-0.056384766438279
0.133515994948999
0.248210275029446
0.086583944512977
0.057424203688549
0.286648911647687
-0.080064555479638
-0.309262450191483
0.000000000000000
0.020819987108038
0.243875989772186
0.472829808185813
-0.030896591595726
0.249045249281427
0.174683245264486
0.176831187620776
0.086583944512977
0.053886232153821
-0.068480319494027
-0.072430018794698
0.204782560081585
0.141400420162842
-0.066415111366193
-0.164030184971120
-0.230556111551653
0.175999423930215
0.116422941601764
0.064946792009694
0.064942206175013
0.086583944512977
0.038003574232148
-0.364451422346573
0.062603607446951
0.164028657019460
-0.211679468575594
0.108150430760852
0.074651542044995
-0.127682353079918
-0.093923920088924
-0.220978779508955
-0.100895279356510
-0.061824252067019
0.086583944512977
0.013414755446608
-0.345583690368204
0.087522080822024
-0.321113286869834
0.175488294629116
-0.143600440230510
0.019065577157470
0.421699338815846
-0.109387661782764
-0.169695038579528
-0.179576894637744
-0.174427519223503
0.086583944512977
-0.014247222146421
-0.028176400740291
-0.041504365304302
0.063708024617210
-0.051030280840626
0.170704914080334
-0.111674674316096
-0.503610622120696
0.171502718989573
0.180069826296604
-0.103127326985805
-0.247071543805365
0.086583944512977
-0.038645332843345
0.313571650467546
-0.097527677641793
0.275930933123656
-0.099094867246319
-0.187888638810925
0.197793645324395
0.332216588285106
-0.012243742806806
0.213105076731419
0.062410896867239
-0.263114455236299
0.086583944512977
-0.054190263512606
0.384434401150125
0.017993040312396
-0.259400939360921
0.199377427285543
0.194152958801239
-0.272417568617089
0.006275248016425
-0.162819336919602
-0.128695869307082
0.174034187630110
-0.218881015845521
0.086583944512977
-0.057320857874600
0.123195610980633
0.101865320335706
-0.091961251522042
-0.199377427285543
-0.189133814543316
0.331209573019330
-0.341610769460573
0.127716807960238
-0.244130222429116
0.135314476570083
-0.124504573526726
0.086583944512977
-0.047319934488745
-0.244468234049919
0.006563974780427
0.324620757777449
0.099094867246319
0.173122900457579
-0.370752880935500
0.505123417248053
0.072241328399255
0.069842576183883
-0.020299419906424
-0.001605633855724
0.086583944512977
-0.026478584378549
-0.400943181899393
-0.100282920877081
-0.138262962764627
0.051030280840626
-0.147050712673387
0.388749379043589
-0.414569844465594
-0.178951064153880
0.260967406976486
-0.158377246225947
0.121661137181639
0.086583944512977
0.000428690311238
-0.211055140108606
-0.030739515518088
-0.226563313190815
-0.175488294629116
0.112432471976209
-0.384153176288163
0.115496551652184
0.054672515381601
-0.006930286400312
-0.159637640624217
0.217056807866332
0.086583944512977
0.027237757217000
0.161157212475185
0.092872442570667
0.298943878928650
0.211679468575594
-0.071280064683182
0.357231387266850
0.241669023888877
0.140176781871432
-0.262638114408310
-0.022991785553963
0.262727379686951
0.086583944512977
0.047806982194905
0.394150602285836
0.053128587347430
0.014549392351712
-0.141400420162842
0.025985119123261
-0.309548608500847
0.243875989772186
-0.477280275413870
-0.154087259184611
-0.056384766438279
0.133515994948999
0.248210275029446
0.086583944512977
0.057424203688549
0.286648911647687
-0.080064555479638
-0.309262450191483
0.000000000000000
0.020819987108038
0.074651542044995
-0.414569844465594
0.072241328399255
-0.220978779508955
-0.179576894637744
-0.218881015845521
-0.112613169067673
-0.047319934488745
0.161157212475185
0.053128587347430
-0.259400939360921
-0.099094867246319
0.020819987108038
-0.111674674316096
0.006275248016425
0.171502718989573
0.213105076731419
0.135314476570083
0.176831187620776
0.132097725568370
0.013414755446608
-0.400943181899393
0.092872442570667
0.014549392351712
-0.175488294629116
0.020819987108038
-0.272417568617089
0.421699338815846
-0.030896591595726
0.069842576183883
-0.022991785553963
-0.124504573526726
-0.143905242414730
0.027237757217000
0.123195610980633
-0.030739515518088
0.275930933123656
-0.211679468575594
0.020819987108038
-0.370752880935500
0.472829808185813
-0.178951064153879
-0.262638114408310
-0.100895279356510
0.064942206175013
0.147349509646218
-0.054190263512606
0.313571650467546
-0.100282920877081
0.298943878928650
-0.199377427285542
0.020819987108038
-0.384153176288163
0.115496551652184
-0.012243742806806
0.116422941601764
0.174034187630110
-0.001605633855724
-0.142230358970744
0.053886232153821
-0.345583690368204
0.006563974780427
0.063708024617210
-0.141400420162842
0.020819987108038
-0.309548608500847
-0.341610769460573
0.175999423930215
0.180069826296604
-0.159637640624217
-0.061824252067019
0.128845296818209
-0.026478584378549
-0.068480319494027
0.101865320335706
-0.226563313190815
-0.051030280840626
0.020819987108038
-0.164030184971120
-0.503610622120696
0.054672515381601
-0.244130222429116
0.064946792009694
0.121661137181639
-0.107972214348199
-0.014247222146421
0.394150602285836
0.017993040312396
-0.321113286869834
0.051030280840626
0.020819987108038
0.019065577157470
-0.230556111551653
-0.162819336919602
-0.006930286400312
0.062410896867239
-0.174427519223503
0.080824179243301
0.047806982194905
-0.211055140108606
-0.097527677641793
-0.138262962764627
0.141400420162842
0.020819987108038
0.197793645324395
0.241669023888877
-0.093923920088924
0.249045249281427
-0.158377246225947
0.217056807866332
-0.048978936624721
-0.057320857874600
-0.244468234049919
-0.041504365304302
0.164028657019460
0.199377427285543
0.020819987108038
0.331209573019330
0.505123417248053
0.140176781871432
-0.169695038579528
0.174683245264486
-0.247071543805365
0.014287216240703
0.038003574232148
0.384434401150125
0.087522080822024
0.324620757777449
0.211679468575594
0.020819987108038
0.388749379043589
0.332216588285106
0.127716807960238
-0.128695869307082
-0.103127326985805
0.262727379686951
0.021234825219306
0.000428690311238
-0.028176400740291
0.062603607446951
0.204782560081585
0.175488294629116
0.020819987108038
0.357231387266850
-0.127682353079918
-0.109387661782764
0.260967406976486
-0.020299419906424
-0.263114455236299
-0.055522775823019
-0.038645332843345
-0.364451422346572
-0.072430018794698
-0.091961251522042
0.099094867246319
0.020819987108038
0.020819987108038
0.243875989772186
-0.477280275413870
-0.154087259184611
-0.056384766438279
0.133515994948999
0.248210275029446
0.086583944512977
0.057424203688549
0.286648911647687
-0.080064555479638
-0.309262450191483
0.000000000000000
0.025985119123261
0.019065577157470
0.332216588285106
-0.109387661782764
0.180069826296604
0.174034187630110
0.248210275029446
0.132097725568370
0.038003574232148
-0.244468234049919
-0.030739515518088
0.298943878928650
0.051030280840626
-0.071280064683182
-0.272417568617089
0.241669023888877
0.127716807960238
0.260967406976486
0.174683245264486
0.248210275029446
0.147349509646218
-0.014247222146421
-0.345583690368204
0.101865320335706
-0.138262962764627
-0.099094867246319
0.112432471976209
0.388749379043589
-0.503610622120696
0.140176781871432
0.116422941601764
0.135314476570083
0.248210275029446
0.128845296818209
-0.054190263512606
0.161157212475185
-0.041504365304302
-0.091961251522042
0.141400420162842
-0.147050712673387
-0.309548608500847
0.115496551652184
-0.093923920088924
-0.128695869307082
0.064946792009694
0.248210275029446
0.080824179243301
-0.047319934488745
0.384434401150125
-0.072430018794698
0.275930933123656
-0.175488294629116
0.173122900457579
0.074651542044995
0.421699338815846
-0.162819336919602
-0.262638114408310
-0.020299419906424
0.248210275029446
0.014287216240703
0.000428690311238
-0.068480319494027
0.092872442570667
-0.321113286869834
0.199377427285543
-0.189133814543316
0.197793645324395
-0.414569844465594
0.054672515381601
-0.169695038579528
-0.100895279356510
0.248210275029446
-0.055522775823019
0.047806982194905
-0.400943181899393
0.006563974780427
0.204782560081585
-0.211679468575594
0.194152958801239
-0.370752880935500
-0.127682353079918
0.175999423930215
0.069842576183883
-0.158377246225947
0.248210275029446
-0.112613169067673
0.053886232153821
-0.028176400740291
-0.097527677641793
0.014549392351712
0.211679468575594
-0.187888638810925
0.357231387266850
0.505123417248053
-0.012243742806806
0.249045249281427
-0.179576894637744
0.248210275029446
-0.143905242414730
0.013414755446608
0.394150602285836
0.062603607446951
-0.226563313190815
-0.199377427285543
0.170704914080334
-0.164030184971120
-0.230556111551653
-0.178951064153879
0.213105076731419
-0.159637640624217
0.248210275029446
-0.142230358970744
-0.038645332843345
0.123195610980633
0.053128587347430
0.324620757777449
0.175488294629116
-0.143600440230510
-0.111674674316096
-0.341610769460573
-0.030896591595726
-0.006930286400312
-0.103127326985805
0.248210275029446
-0.107972214348199
-0.057320857874600
-0.364451422346572
-0.100282920877081
-0.259400939360921
-0.141400420162842
0.108150430760852
0.331209573019330
0.472829808185813
0.171502718989573
-0.220978779508955
-0.022991785553963
0.248210275029446
-0.048978936624721
-0.026478584378549
-0.211055140108606
0.017993040312396
0.063708024617210
0.099094867246319
-0.066415111366193
-0.384153176288163
0.006275248016425
0.072241328399255
-0.244130222429116
0.062410896867239
0.248210275029446
0.021234825219306
0.027237757217000
0.313571650467546
0.087522080822024
0.164028657019460
-0.051030280840626
