0.244017281180636
-0.015155604601977
0.010815220834585
0.134220488580239
-0.289813643417120
0.207055998640330
0.077941875679933
-0.352100739397387
-0.198440622100043
0.076803989486102
-0.089056221894907
-0.305408143835717
0.183130973571178
-0.025699048694262
-0.065543254379272
-0.282953646650445
0.244017281180636
0.002207040523918
-0.048832034459882
0.029704493165623
0.189508553148958
0.266446584279602
-0.106811780741791
0.426516570039117
0.198440622100043
-0.121488723522022
0.210999332453639
0.038841178036118
0.079476764668935
0.045813187267480
-0.194887652056807
-0.213341131175755
0.244017281180636
0.019233683736918
-0.079874146246021
-0.111485653777667
0.289813643417120
-0.410985385468474
0.073112793266329
-0.435999119274726
-0.198440622100043
0.147677900699736
-0.209341895712699
0.275680393179786
-0.183130973571178
0.060762944196470
-0.210069506298513
-0.111249362421727
0.244017281180636
0.033332172954751
-0.064127066444212
-0.115031918459830
-0.189508553148958
0.048108011646329
0.003414676921568
0.379104754942617
0.198440622100043
-0.151384456199418
0.085054815636153
-0.249837816231714
-0.079476764668935
0.000692756823947
-0.102195492791570
0.007779113283028
0.244017281180636
0.042356140997122
-0.010815220834585
0.023444035002169
-0.289813643417120
0.374165107426321
-0.077941875679933
-0.264495128263655
-0.198440622100043
0.132044100546252
0.089056221894907
-0.084462807079484
0.183130973571178
-0.060232731078106
0.065543254379272
0.125623289508279
0.244017281180636
0.044931770532056
0.048832034459882
0.132975206026065
0.189508553148958
-0.334481586808643
0.106811780741791
0.109618515960861
0.198440622100043
-0.092601227567671
-0.210999332453639
0.314482850072449
0.079476764668935
-0.046792893363332
0.194887652056807
0.224342458683850
0.244017281180636
0.040666945310999
0.079874146246021
0.078330781520850
0.289813643417120
-0.118163984020615
-0.073112793266329
0.061946521702654
-0.198440622100043
0.039060657124130
0.209341895712699
-0.156231945891877
-0.183130973571178
0.024419000992958
0.210069506298513
0.288907522194257
0.244017281180636
0.030210946313119
0.064127066444212
-0.073023421361588
-0.189508553148958
0.424920384782527
-0.003414676921568
-0.224080762983556
0.198440622100043
0.020426544280821
-0.085054815636153
-0.194908095474488
-0.079476764668935
0.065482387593156
0.102195492791570
0.309489034403798
0.244017281180636
0.015155604601977
0.010815220834585
-0.134220488580239
-0.289813643417120
-0.207055998640330
0.077941875679933
0.352100739397387
-0.198440622100043
-0.076803989486102
-0.089056221894907
0.305408143835717
0.183130973571178
0.025699048694262
-0.065543254379272
0.282953646650445
0.244017281180636
-0.002207040523918
-0.048832034459882
-0.029704493165623
0.189508553148958
-0.266446584279602
-0.106811780741791
-0.426516570039117
0.198440622100043
0.121488723522022
0.210999332453639
-0.038841178036118
0.079476764668935
-0.045813187267480
-0.194887652056807
0.213341131175755
0.244017281180636
-0.019233683736918
-0.079874146246021
0.111485653777667
0.289813643417120
0.410985385468474
0.073112793266329
0.435999119274726
-0.198440622100043
-0.147677900699736
-0.209341895712699
-0.275680393179786
-0.183130973571178
-0.060762944196470
-0.210069506298513
0.111249362421727
0.244017281180636
-0.033332172954751
-0.064127066444212
0.115031918459830
-0.189508553148958
-0.048108011646329
0.003414676921568
-0.379104754942617
0.198440622100043
0.151384456199418
0.085054815636153
0.249837816231714
-0.079476764668935
-0.000692756823947
-0.102195492791570
-0.007779113283028
0.244017281180636
-0.042356140997122
-0.010815220834585
-0.023444035002169
-0.289813643417120
-0.374165107426321
-0.077941875679933
0.264495128263655
-0.198440622100043
-0.132044100546252
0.089056221894907
0.084462807079484
0.183130973571178
0.060232731078106
0.065543254379272
-0.125623289508279
0.244017281180636
-0.044931770532056
0.048832034459882
-0.132975206026065
0.189508553148958
0.334481586808643
0.106811780741791
-0.109618515960861
0.198440622100043
0.092601227567671
-0.210999332453639
-0.314482850072449
0.079476764668935
0.046792893363332
0.194887652056807
-0.224342458683850
0.244017281180636
-0.040666945310999
0.079874146246021
-0.078330781520850
0.289813643417120
0.118163984020615
-0.073112793266329
-0.061946521702654
-0.198440622100043
-0.039060657124130
0.209341895712699
0.156231945891877
-0.183130973571178
-0.024419000992958
0.210069506298513
-0.288907522194257
0.244017281180636
-0.030210946313119
0.064127066444212
0.073023421361588
-0.189508553148958
-0.424920384782527
-0.003414676921568
0.224080762983556
0.198440622100043
-0.020426544280821
-0.085054815636153
0.194908095474488
-0.079476764668935
-0.065482387593156
0.102195492791570
-0.309489034403798
-0.282953646650445
0.244017281180636
-0.015155604601977
0.010815220834585
0.134220488580239
-0.289813643417120
0.207055998640330
0.077941875679933
-0.352100739397387
-0.198440622100043
0.076803989486102
-0.089056221894907
-0.305408143835717
0.183130973571178
-0.025699048694262
-0.065543254379272
0.253008883668278
-0.239328557545984
-0.010930386440966
0.060404310652947
-0.003191553894895
-0.242407036457924
-0.196072767396189
0.105425592745416
-0.396935662164705
-0.186006715212825
0.137219955070643
-0.223538410816916
0.023257704797838
-0.113676721526492
-0.035804059085983
0.171205588872358
-0.213341131175755
0.225442571661841
0.033332172954751
-0.077932894724277
-0.132975206026065
0.195231109814017
-0.424920384782527
0.097374477773660
-0.426516570039117
-0.166424674573745
0.151384456199418
-0.159326352077864
0.314482850072449
-0.138776517154496
0.065482387593156
-0.219161234828185
0.165474798655233
-0.202892954178385
-0.044498991406810
0.026190082310771
0.055075905422467
0.318582436620290
-0.276073466980627
0.056502245819841
-0.439706685320174
-0.140447027022829
0.114523195138881
0.046504453716792
0.099447416180530
0.167824632366386
-0.036956071581636
0.193246225036318
-0.111249362421727
0.172546274249532
0.040666945310999
0.048832034459882
0.111485653777667
-0.070926409516146
0.118163984020615
-0.003414676921568
-0.435999119274726
-0.109072078987027
0.039060657124130
0.210999332453639
-0.275680393179786
0.073294594013303
-0.024419000992958
-0.102195492791570
0.052748675579715
-0.135568737766336
-0.023127667095720
-0.080449331838167
-0.098575449613795
-0.346256548764195
0.407370251254342
-0.062180646012070
-0.415536351586674
-0.073505552124079
-0.049567696268315
0.187945442879706
-0.207012569538484
-0.196422764262579
0.064089011725164
-0.023301331495369
0.007779113283028
0.093381370718603
-0.002207040523918
0.040558473611321
-0.073023421361588
-0.064176193681054
0.334481586808643
-0.099987958343187
-0.379104754942617
-0.035114248115391
-0.121488723522022
-0.002165545462338
0.194908095474488
0.003345766649267
-0.046792893363332
0.140944190920745
-0.068007955184880
-0.047605409963030
0.026797841353236
0.035383170567845
0.127067775190098
0.321216240182183
-0.035714225006254
-0.104093251904996
-0.328104375170511
0.004626476756074
-0.152460667423659
-0.190351668073957
0.283061935757821
0.195117310876587
-0.012095534386108
-0.211080292066967
0.125623289508279
-0.000000000000000
-0.042356140997122
-0.079874146246021
0.023444035002169
0.189508553148958
-0.374165107426321
-0.073112793266329
-0.264495128263655
0.044189408720361
-0.132044100546252
-0.209341895712699
-0.084462807079484
-0.079476764668935
0.060232731078106
0.210069506298513
-0.178410991266227
0.047605409963030
0.043637846913783
0.053368225516442
-0.136215183865959
-0.247273670864901
-0.380035766835037
-0.017488879838026
-0.190721481908204
0.082054166489230
-0.067120646752402
-0.042256583489781
-0.316017688220866
-0.164107015652462
-0.054831490494832
-0.138252529850256
0.224342458683850
-0.093381370718603
-0.030210946313119
0.020574551273996
0.029704493165623
-0.285989953299245
-0.048108011646329
0.044029848989271
-0.109618515960861
0.116765628656425
0.020426544280821
0.162388895840639
-0.038841178036118
0.143508145726425
0.000692756823947
0.019836048490364
-0.261652571226953
0.135568737766336
0.006601120722742
-0.076229442007577
0.124625065591944
0.135685926699847
0.326581008354116
0.090707842775724
-0.024302971919913
0.146989853197273
0.101088748460112
0.222693456893740
0.300862612359762
0.108112914929050
0.054061740354620
0.105266386754461
0.288907522194257
-0.172546274249532
0.019233683736918
0.064127066444212
-0.078330781520850
0.338931975565105
0.410985385468474
0.106811780741791
0.061946521702654
0.171565340112608
0.147677900699736
0.085054815636153
0.156231945891877
-0.185691712501646
-0.060762944196470
-0.194887652056807
-0.305059919104840
0.202892954178385
-0.038585567842512
0.004975263513028
-0.094061910810589
-0.003441230190729
0.130081484390627
0.086913657069719
0.145815445236197
0.189547667222368
0.144490625220815
-0.128185609408906
-0.239903931093257
-0.035659602953705
0.013454425777759
0.218819934241992
0.309489034403798
-0.225442571661841
0.044931770532056
-0.069655283062746
0.115031918459830
-0.340274676977187
-0.266446584279602
0.037720348753321
0.224080762983556
0.200245783780328
0.092601227567671
-0.227487033414285
-0.249837816231714
0.199605399348057
0.045813187267480
-0.168996599719709
-0.302024659674069
0.239328557545984
-0.036133235806199
0.072421540171404
0.049178682781667
-0.129327362420098
-0.426141066221618
-0.024187009562039
0.293734782675398
0.203248567166740
0.009499588348047
-0.124584438916918
0.142422051052354
-0.042222560316235
-0.064359312028889
0.062211140256797
-0.065543254379272
-0.282953646650445
0.244017281180636
-0.015155604601977
0.010815220834585
0.134220488580239
-0.289813643417120
0.207055998640330
0.077941875679933
-0.352100739397387
-0.198440622100043
0.076803989486102
-0.089056221894907
-0.305408143835717
0.183130973571178
-0.025699048694262
-0.140944190920745
-0.282953646650445
0.225442571661841
0.019233683736918
-0.069655283062746
-0.023444035002169
0.285989953299245
0.118163984020615
-0.099987958343187
0.352100739397387
0.166424674573745
-0.147677900699736
0.227487033414285
-0.084462807079484
0.143508145726425
0.024419000992958
-0.194887652056807
-0.282953646650445
0.172546274249532
0.042356140997122
-0.064127066444212
-0.134220488580239
0.070926409516147
-0.374165107426321
0.106811780741791
-0.352100739397387
-0.109072078987027
0.132044100546252
-0.085054815636153
0.305408143835717
-0.073294594013303
0.060232731078106
-0.219161234828185
-0.282953646650445
0.093381370718603
0.040666945310999
0.020574551273996
0.023444035002169
-0.340274676977187
0.410985385468474
-0.097374477773660
0.352100739397387
0.035114248115391
-0.039060657124130
-0.162388895840639
0.084462807079484
-0.199605399348057
0.060762944196470
-0.210069506298513
-0.282953646650445
-0.000000000000000
0.015155604601977
0.079874146246021
0.134220488580239
0.189508553148958
-0.207055998640330
0.073112793266329
-0.352100739397387
0.044189408720361
-0.076803989486102
0.209341895712699
-0.305408143835717
-0.079476764668935
0.025699048694262
-0.168996599719709
-0.282953646650445
-0.093381370718603
-0.019233683736918
0.040558473611321
-0.023444035002169
0.195231109814017
-0.118163984020615
-0.037720348753321
0.352100739397387
-0.116765628656425
0.147677900699736
0.002165545462338
-0.084462807079484
0.138776517154496
-0.024419000992958
-0.102195492791570
-0.282953646650445
-0.172546274249532
-0.042356140997122
-0.048832034459882
-0.134220488580239
-0.338931975565105
0.374165107426321
-0.003414676921568
-0.352100739397387
0.171565340112608
-0.132044100546252
-0.210999332453639
0.305408143835717
0.185691712501646
-0.060232731078106
-0.019836048490364
-0.282953646650445
-0.225442571661841
-0.040666945310999
-0.077932894724277
0.023444035002169
0.064176193681054
-0.410985385468474
0.044029848989271
0.352100739397387
-0.200245783780328
0.039060657124130
0.159326352077864
0.084462807079484
0.003345766649267
-0.060762944196470
0.065543254379272
-0.282953646650445
-0.244017281180636
-0.015155604601977
-0.010815220834585
0.134220488580239
0.289813643417120
0.207055998640330
-0.077941875679933
-0.352100739397387
0.198440622100043
0.076803989486102
0.089056221894907
-0.305408143835717
-0.183130973571178
-0.025699048694262
0.140944190920745
-0.282953646650445
-0.225442571661841
0.019233683736918
0.069655283062746
-0.023444035002169
-0.285989953299245
0.118163984020615
0.099987958343187
0.352100739397387
-0.166424674573745
-0.147677900699736
-0.227487033414285
-0.084462807079484
-0.143508145726425
0.024419000992958
0.194887652056807
-0.282953646650445
-0.172546274249532
0.042356140997122
0.064127066444212
-0.134220488580239
-0.070926409516147
-0.374165107426321
-0.106811780741791
-0.352100739397387
0.109072078987027
0.132044100546252
0.085054815636153
0.305408143835717
0.073294594013303
0.060232731078106
0.219161234828185
-0.282953646650445
-0.093381370718603
0.040666945310999
-0.020574551273996
0.023444035002169
0.340274676977187
0.410985385468474
0.097374477773660
0.352100739397387
-0.035114248115391
-0.039060657124130
0.162388895840639
0.084462807079484
0.199605399348057
0.060762944196470
0.210069506298513
-0.282953646650445
0.000000000000000
0.015155604601977
-0.079874146246021
0.134220488580239
-0.189508553148958
-0.207055998640330
-0.073112793266329
-0.352100739397387
-0.044189408720361
-0.076803989486102
-0.209341895712699
-0.305408143835717
0.079476764668935
0.025699048694262
0.168996599719709
-0.282953646650445
0.093381370718603
-0.019233683736918
-0.040558473611321
-0.023444035002169
-0.195231109814017
-0.118163984020615
0.037720348753321
0.352100739397387
0.116765628656425
0.147677900699736
-0.002165545462338
-0.084462807079484
-0.138776517154496
-0.024419000992958
0.102195492791570
-0.282953646650445
0.172546274249532
-0.042356140997122
0.048832034459882
-0.134220488580239
0.338931975565105
0.374165107426321
0.003414676921568
-0.352100739397387
-0.171565340112608
-0.132044100546252
0.210999332453639
0.305408143835717
-0.185691712501646
-0.060232731078106
0.019836048490364
-0.282953646650445
0.225442571661841
-0.040666945310999
0.077932894724277
0.023444035002169
-0.064176193681054
-0.410985385468474
-0.044029848989271
0.352100739397387
0.200245783780328
0.039060657124130
-0.159326352077864
0.084462807079484
-0.003345766649267
-0.060762944196470
-0.025699048694262
-0.065543254379272
-0.282953646650445
0.244017281180636
-0.015155604601977
0.010815220834585
0.134220488580239
-0.289813643417120
0.207055998640330
0.077941875679933
-0.352100739397387
-0.198440622100043
0.076803989486102
-0.089056221894907
-0.305408143835717
0.183130973571178
-0.012095534386108
0.105266386754461
0.302024659674069
-0.202892954178385
-0.026797841353236
0.076229442007577
0.049178682781667
-0.318582436620290
-0.035714225006254
0.090707842775724
-0.293734782675398
-0.140447027022829
0.152460667423659
-0.222693456893740
0.142422051052354
-0.167824632366386
0.045813187267480
-0.140944190920745
-0.309489034403798
0.093381370718603
0.044931770532056
-0.040558473611321
-0.115031918459830
-0.064176193681054
-0.266446584279602
0.099987958343187
-0.224080762983556
-0.035114248115391
0.092601227567671
0.002165545462338
0.249837816231714
0.003345766649267
-0.064089011725164
0.171205588872358
0.305059919104840
0.047605409963030
-0.023127667095720
-0.060404310652947
-0.094061910810589
0.247273670864901
-0.407370251254342
0.105425592745416
-0.145815445236197
0.082054166489230
-0.049567696268315
0.223538410816916
-0.239903931093257
0.164107015652462
0.060762944196470
-0.194887652056807
-0.288907522194257
-0.172546274249532
-0.019233683736918
0.064127066444212
0.078330781520850
0.338931975565105
-0.410985385468474
0.106811780741791
-0.061946521702654
0.171565340112608
-0.147677900699736
0.085054815636153
-0.156231945891877
-0.185691712501646
-0.036956071581636
0.211080292066967
0.261652571226953
0.239328557545984
0.044498991406810
0.035383170567845
0.124625065591944
0.129327362420098
-0.276073466980627
0.104093251904996
0.024302971919913
0.203248567166740
-0.114523195138881
-0.190351668073957
0.300862612359762
0.042222560316235
0.000692756823947
-0.219161234828185
-0.224342458683850
-0.225442571661841
-0.030210946313119
-0.077932894724277
-0.029704493165623
-0.195231109814017
-0.048108011646329
0.097374477773660
0.109618515960861
0.166424674573745
0.020426544280821
-0.159326352077864
0.038841178036118
0.138776517154496
0.035804059085983
0.218819934241992
0.178410991266227
0.135568737766336
-0.010930386440966
-0.004975263513028
-0.136215183865959
-0.346256548764195
0.196072767396189
0.086913657069719
0.190721481908205
0.073505552124079
0.137219955070643
0.128185609408906
-0.316017688220866
-0.196422764262579
-0.060232731078106
-0.210069506298513
-0.125623289508279
0.000000000000000
0.042356140997122
0.079874146246021
-0.023444035002169
-0.189508553148958
0.374165107426321
0.073112793266329
0.264495128263655
-0.044189408720361
0.132044100546252
0.209341895712699
0.084462807079484
0.079476764668935
0.064359312028889
0.193246225036318
0.068007955184880
-0.135568737766336
-0.036133235806199
-0.026190082310771
0.127067775190098
0.135685926699847
0.426141066221618
0.056502245819841
0.328104375170511
-0.146989853197273
0.009499588348047
-0.046504453716792
0.283061935757821
0.108112914929050
-0.046792893363332
-0.168996599719709
-0.007779113283028
0.225442571661841
-0.002207040523918
-0.069655283062746
0.073023421361588
0.340274676977187
0.334481586808643
0.037720348753321
0.379104754942617
-0.200245783780328
-0.121488723522022
-0.227487033414285
-0.194908095474488
-0.199605399348057
0.013454425777759
0.138252529850256
-0.052748675579715
-0.239328557545984
0.038585567842512
0.053368225516442
-0.098575449613795
0.242407036457924
0.130081484390627
0.017488879838026
0.415536351586674
-0.186006715212825
-0.144490625220815
-0.042256583489781
-0.207012569538484
0.113676721526492
0.024419000992958
-0.102195492791570
0.111249362421727
0.172546274249532
-0.040666945310999
0.048832034459882
-0.111485653777667
-0.070926409516146
-0.118163984020615
-0.003414676921568
0.435999119274726
-0.109072078987027
-0.039060657124130
0.210999332453639
0.275680393179786
0.073294594013303
-0.054061740354620
0.062211140256797
-0.165474798655233
-0.047605409963030
0.006601120722742
-0.072421540171404
0.055075905422467
-0.321216240182183
-0.326581008354116
-0.024187009562039
0.439706685320174
0.004626476756074
0.101088748460112
0.124584438916918
0.099447416180530
-0.195117310876587
0.065482387593156
-0.019836048490364
0.213341131175755
-0.093381370718603
0.033332172954751
-0.020574551273996
0.132975206026065
-0.285989953299245
-0.424920384782527
-0.044029848989271
0.426516570039117
0.116765628656425
0.151384456199418
-0.162388895840639
-0.314482850072449
0.143508145726425
-0.054831490494832
-0.023301331495369
-0.253008883668278
0.202892954178385
-0.043637846913783
0.080449331838167
-0.003191553894895
0.003441230190729
-0.380035766835037
-0.062180646012070
0.396935662164705
0.189547667222368
0.067120646752402
-0.187945442879706
0.023257704797838
0.035659602953705
0.183130973571178
-0.025699048694262
-0.065543254379272
-0.282953646650445
0.244017281180636
-0.015155604601977
0.010815220834585
0.134220488580239
-0.289813643417120
0.207055998640330
0.077941875679933
-0.352100739397387
-0.198440622100043
0.076803989486102
-0.089056221894907
-0.305408143835717
0.185691712501646
-0.000692756823947
-0.065543254379272
-0.309489034403798
0.172546274249532
0.033332172954751
-0.079874146246021
-0.073023421361588
0.338931975565105
-0.048108011646329
-0.077941875679933
0.224080762983556
0.109072078987027
-0.151384456199418
0.209341895712699
-0.194908095474488
0.079476764668935
0.024419000992958
-0.065543254379272
-0.288907522194257
-0.000000000000000
0.040666945310999
-0.010815220834585
-0.078330781520850
-0.189508553148958
-0.118163984020615
0.077941875679933
-0.061946521702654
0.044189408720361
0.039060657124130
0.089056221894907
0.156231945891877
-0.073294594013303
0.045813187267480
-0.065543254379272
-0.224342458683850
-0.172546274249532
-0.002207040523918
0.079874146246021
0.132975206026065
-0.070926409516146
0.266446584279602
-0.077941875679933
-0.109618515960861
-0.171565340112608
0.121488723522022
-0.209341895712699
0.314482850072449
-0.183130973571178
0.060232731078106
-0.065543254379272
-0.125623289508279
-0.244017281180636
-0.042356140997122
0.010815220834585
-0.023444035002169
0.289813643417120
-0.374165107426321
0.077941875679933
0.264495128263655
0.198440622100043
-0.132044100546252
-0.089056221894907
0.084462807079484
-0.185691712501646
0.065482387593156
-0.065543254379272
-0.007779113283028
-0.172546274249532
-0.030210946313119
-0.079874146246021
-0.115031918459830
-0.338931975565105
0.424920384782527
-0.077941875679933
-0.379104754942617
-0.109072078987027
-0.020426544280821
0.209341895712699
-0.249837816231714
-0.079476764668935
0.060762944196470
-0.065543254379272
0.111249362421727
0.000000000000000
0.019233683736918
-0.010815220834585
0.111485653777667
0.189508553148958
-0.410985385468474
0.077941875679933
0.435999119274726
-0.044189408720361
0.147677900699736
0.089056221894907
-0.275680393179786
0.073294594013303
0.046792893363332
-0.065543254379272
0.213341131175755
0.172546274249532
0.044931770532056
0.079874146246021
0.029704493165623
0.070926409516146
0.334481586808643
-0.077941875679933
-0.426516570039117
0.171565340112608
-0.092601227567671
-0.209341895712699
0.038841178036118
0.183130973571178
0.025699048694262
-0.065543254379272
0.282953646650445
0.244017281180636
0.015155604601977
0.010815220834585
-0.134220488580239
-0.289813643417120
-0.207055998640330
0.077941875679933
0.352100739397387
-0.198440622100043
-0.076803989486102
-0.089056221894907
0.305408143835717
0.185691712501646
0.000692756823947
-0.065543254379272
0.309489034403798
0.172546274249532
-0.033332172954751
-0.079874146246021
0.073023421361588
0.338931975565105
0.048108011646329
-0.077941875679933
-0.224080762983556
0.109072078987027
0.151384456199418
0.209341895712699
0.194908095474488
0.079476764668935
-0.024419000992958
-0.065543254379272
0.288907522194257
-0.000000000000000
-0.040666945310999
-0.010815220834585
0.078330781520850
-0.189508553148958
0.118163984020615
0.077941875679933
0.061946521702654
0.044189408720361
-0.039060657124130
0.089056221894907
-0.156231945891877
-0.073294594013303
-0.045813187267480
-0.065543254379272
0.224342458683850
-0.172546274249532
0.002207040523918
0.079874146246021
-0.132975206026065
-0.070926409516146
-0.266446584279602
-0.077941875679933
0.109618515960861
-0.171565340112608
-0.121488723522022
-0.209341895712699
-0.314482850072449
-0.183130973571178
-0.060232731078106
-0.065543254379272
0.125623289508279
-0.244017281180636
0.042356140997122
0.010815220834585
0.023444035002169
0.289813643417120
0.374165107426321
0.077941875679933
-0.264495128263655
0.198440622100043
0.132044100546252
-0.089056221894907
-0.084462807079484
-0.185691712501646
-0.065482387593156
-0.065543254379272
0.007779113283028
-0.172546274249532
0.030210946313119
-0.079874146246021
0.115031918459830
-0.338931975565105
-0.424920384782527
-0.077941875679933
0.379104754942617
-0.109072078987027
0.020426544280821
0.209341895712699
0.249837816231714
-0.079476764668935
-0.060762944196470
-0.065543254379272
-0.111249362421727
0.000000000000000
-0.019233683736918
-0.010815220834585
-0.111485653777667
0.189508553148958
0.410985385468474
0.077941875679933
-0.435999119274726
-0.044189408720361
-0.147677900699736
0.089056221894907
0.275680393179786
0.073294594013303
-0.046792893363332
-0.065543254379272
-0.213341131175755
0.172546274249532
-0.044931770532056
0.079874146246021
-0.029704493165623
0.070926409516146
-0.334481586808643
-0.077941875679933
0.426516570039117
0.171565340112608
0.092601227567671
-0.209341895712699
-0.038841178036118
0.000000000000000
-0.042356140997122
0.079874146246021
0.023444035002169
-0.189508553148958
-0.374165107426321
0.073112793266329
-0.264495128263655
-0.044189408720361
-0.132044100546252
0.209341895712699
-0.084462807079484
0.079476764668935
0.060232731078106
-0.210069506298513
0.125623289508279
0.000000000000000
-0.044931770532056
0.064127066444212
0.132975206026065
-0.289813643417120
0.334481586808643
0.003414676921568
0.109618515960861
0.044189408720361
0.092601227567671
-0.085054815636153
0.314482850072449
-0.183130973571178
0.046792893363332
-0.102195492791570
0.224342458683850
0.000000000000000
-0.040666945310999
0.010815220834585
0.078330781520850
0.189508553148958
0.118163984020615
-0.077941875679933
0.061946521702654
-0.044189408720361
-0.039060657124130
-0.089056221894907
-0.156231945891877
-0.079476764668935
-0.024419000992958
0.065543254379272
0.288907522194257
0.000000000000000
-0.030210946313119
-0.048832034459882
-0.073023421361588
0.289813643417120
-0.424920384782527
0.106811780741791
-0.224080762983556
0.044189408720361
-0.020426544280821
0.210999332453639
-0.194908095474488
0.183130973571178
-0.065482387593156
0.194887652056807
0.309489034403798
0.000000000000000
-0.015155604601977
-0.079874146246021
-0.134220488580239
-0.189508553148958
0.207055998640330
-0.073112793266329
0.352100739397387
-0.044189408720361
0.076803989486102
-0.209341895712699
0.305408143835717
0.079476764668935
-0.025699048694262
0.210069506298513
0.282953646650445
0.000000000000000
0.002207040523918
-0.064127066444212
-0.029704493165623
-0.289813643417120
0.266446584279602
-0.003414676921568
-0.426516570039117
0.044189408720361
-0.121488723522022
0.085054815636153
-0.038841178036118
-0.183130973571178
0.045813187267480
0.102195492791570
0.213341131175755
0.000000000000000
0.019233683736918
-0.010815220834585
0.111485653777667
0.189508553148958
-0.410985385468474
0.077941875679933
0.435999119274726
-0.044189408720361
0.147677900699736
0.089056221894907
-0.275680393179786
-0.079476764668935
0.060762944196470
-0.065543254379272
0.111249362421727
0.000000000000000
0.033332172954751
0.048832034459882
0.115031918459830
0.289813643417120
0.048108011646329
-0.106811780741791
-0.379104754942617
0.044189408720361
-0.151384456199418
-0.210999332453639
0.249837816231714
0.183130973571178
0.000692756823947
-0.194887652056807
-0.007779113283028
0.000000000000000
0.042356140997122
0.079874146246021
-0.023444035002169
-0.189508553148958
0.374165107426321
0.073112793266329
0.264495128263655
-0.044189408720361
0.132044100546252
0.209341895712699
0.084462807079484
0.079476764668935
-0.060232731078106
-0.210069506298513
-0.125623289508279
0.000000000000000
0.044931770532056
0.064127066444212
-0.132975206026065
-0.289813643417120
-0.334481586808643
0.003414676921568
-0.109618515960861
0.044189408720361
-0.092601227567671
-0.085054815636153
-0.314482850072449
-0.183130973571178
-0.046792893363332
-0.102195492791570
-0.224342458683850
0.000000000000000
0.040666945310999
0.010815220834585
-0.078330781520850
0.189508553148958
-0.118163984020615
-0.077941875679933
-0.061946521702654
-0.044189408720361
0.039060657124130
-0.089056221894907
0.156231945891877
-0.079476764668935
0.024419000992958
0.065543254379272
-0.288907522194257
0.000000000000000
0.030210946313119
-0.048832034459882
0.073023421361588
0.289813643417120
0.424920384782527
0.106811780741791
0.224080762983556
0.044189408720361
0.020426544280821
0.210999332453639
0.194908095474488
0.183130973571178
0.065482387593156
0.194887652056807
-0.309489034403798
0.000000000000000
0.015155604601977
-0.079874146246021
0.134220488580239
-0.189508553148958
-0.207055998640330
-0.073112793266329
-0.352100739397387
-0.044189408720361
-0.076803989486102
-0.209341895712699
-0.305408143835717
0.079476764668935
0.025699048694262
0.210069506298513
-0.282953646650445
0.000000000000000
-0.002207040523918
-0.064127066444212
0.029704493165623
-0.289813643417120
-0.266446584279602
-0.003414676921568
0.426516570039117
0.044189408720361
0.121488723522022
0.085054815636153
0.038841178036118
-0.183130973571178
-0.045813187267480
0.102195492791570
-0.213341131175755
0.000000000000000
-0.019233683736918
-0.010815220834585
-0.111485653777667
0.189508553148958
0.410985385468474
0.077941875679933
-0.435999119274726
-0.044189408720361
-0.147677900699736
0.089056221894907
0.275680393179786
-0.079476764668935
-0.060762944196470
-0.065543254379272
-0.111249362421727
0.000000000000000
-0.033332172954751
0.048832034459882
-0.115031918459830
0.289813643417120
-0.048108011646329
-0.106811780741791
0.379104754942617
0.044189408720361
0.151384456199418
-0.210999332453639
-0.249837816231714
0.183130973571178
-0.000692756823947
-0.194887652056807
0.007779113283028
0.125623289508279
0.000000000000000
-0.042356140997122
0.079874146246021
0.023444035002169
-0.189508553148958
-0.374165107426321
0.073112793266329
-0.264495128263655
-0.044189408720361
-0.132044100546252
0.209341895712699
-0.084462807079484
0.079476764668935
0.060232731078106
-0.210069506298513
-0.178410991266227
-0.047605409963030
0.043637846913783
-0.053368225516442
-0.136215183865959
0.247273670864901
-0.380035766835037
0.017488879838026
-0.190721481908204
-0.082054166489230
-0.067120646752402
0.042256583489781
-0.316017688220866
0.164107015652462
-0.054831490494832
0.138252529850256
0.224342458683850
0.093381370718603
-0.030210946313119
-0.020574551273996
0.029704493165623
0.285989953299245
-0.048108011646329
-0.044029848989271
-0.109618515960861
-0.116765628656425
0.020426544280821
-0.162388895840639
-0.038841178036118
-0.143508145726425
0.000692756823947
-0.019836048490364
-0.261652571226953
-0.135568737766336
0.006601120722742
0.076229442007577
0.124625065591944
-0.135685926699847
0.326581008354116
-0.090707842775724
-0.024302971919913
-0.146989853197273
0.101088748460112
-0.222693456893740
0.300862612359762
-0.108112914929050
0.054061740354620
-0.105266386754461
0.288907522194257
0.172546274249532
0.019233683736918
-0.064127066444212
-0.078330781520850
-0.338931975565105
0.410985385468474
-0.106811780741791
0.061946521702654
-0.171565340112608
0.147677900699736
-0.085054815636153
0.156231945891877
0.185691712501646
-0.060762944196470
0.194887652056807
-0.305059919104840
-0.202892954178385
-0.038585567842512
-0.004975263513028
-0.094061910810589
0.003441230190729
0.130081484390627
-0.086913657069719
0.145815445236197
-0.189547667222368
0.144490625220815
0.128185609408906
-0.239903931093257
0.035659602953705
0.013454425777759
-0.218819934241992
0.309489034403798
0.225442571661841
0.044931770532056
0.069655283062746
0.115031918459830
0.340274676977187
-0.266446584279602
-0.037720348753321
0.224080762983556
-0.200245783780328
0.092601227567671
0.227487033414285
-0.249837816231714
-0.199605399348057
0.045813187267480
0.168996599719709
-0.302024659674069
-0.239328557545984
-0.036133235806199
-0.072421540171404
0.049178682781667
0.129327362420098
-0.426141066221618
0.024187009562039
0.293734782675398
-0.203248567166740
0.009499588348047
0.124584438916918
0.142422051052354
0.042222560316235
-0.064359312028889
-0.062211140256797
0.282953646650445
0.244017281180636
0.015155604601977
0.010815220834585
-0.134220488580239
-0.289813643417120
-0.207055998640330
0.077941875679933
0.352100739397387
-0.198440622100043
-0.076803989486102
-0.089056221894907
0.305408143835717
0.183130973571178
0.025699048694262
-0.065543254379272
-0.253008883668278
-0.239328557545984
0.010930386440966
0.060404310652947
0.003191553894895
-0.242407036457924
0.196072767396189
0.105425592745416
0.396935662164705
-0.186006715212825
-0.137219955070643
-0.223538410816916
-0.023257704797838
-0.113676721526492
0.035804059085983
0.171205588872358
0.213341131175755
0.225442571661841
-0.033332172954751
-0.077932894724277
0.132975206026065
0.195231109814017
0.424920384782527
0.097374477773660
0.426516570039117
-0.166424674573745
-0.151384456199418
-0.159326352077864
-0.314482850072449
-0.138776517154496
-0.065482387593156
-0.219161234828185
-0.165474798655233
-0.202892954178385
0.044498991406810
0.026190082310771
-0.055075905422467
0.318582436620290
0.276073466980627
0.056502245819841
0.439706685320174
-0.140447027022829
-0.114523195138881
0.046504453716792
-0.099447416180530
0.167824632366386
0.036956071581636
0.193246225036318
0.111249362421727
0.172546274249532
-0.040666945310999
0.048832034459882
-0.111485653777667
-0.070926409516146
-0.118163984020615
-0.003414676921568
0.435999119274726
-0.109072078987027
-0.039060657124130
0.210999332453639
0.275680393179786
0.073294594013303
0.024419000992958
-0.102195492791570
-0.052748675579715
-0.135568737766336
0.023127667095720
-0.080449331838167
0.098575449613795
-0.346256548764195
-0.407370251254342
-0.062180646012070
0.415536351586674
-0.073505552124079
0.049567696268315
0.187945442879706
0.207012569538484
-0.196422764262579
-0.064089011725164
-0.023301331495369
-0.007779113283028
0.093381370718603
0.002207040523918
0.040558473611321
0.073023421361588
-0.064176193681054
-0.334481586808643
-0.099987958343187
0.379104754942617
-0.035114248115391
0.121488723522022
-0.002165545462338
-0.194908095474488
0.003345766649267
0.046792893363332
0.140944190920745
0.068007955184880
-0.047605409963030
-0.026797841353236
0.035383170567845
-0.127067775190098
0.321216240182183
0.035714225006254
-0.104093251904996
0.328104375170511
0.004626476756074
0.152460667423659
-0.190351668073957
-0.283061935757821
0.195117310876587
0.012095534386108
-0.211080292066967
-0.210069506298513
0.125623289508279
0.000000000000000
-0.042356140997122
0.079874146246021
0.023444035002169
-0.189508553148958
-0.374165107426321
0.073112793266329
-0.264495128263655
-0.044189408720361
-0.132044100546252
0.209341895712699
-0.084462807079484
0.079476764668935
0.060232731078106
-0.168996599719709
0.125623289508279
0.093381370718603
-0.040666945310999
0.040558473611321
0.134220488580239
-0.195231109814017
0.410985385468474
-0.037720348753321
0.264495128263655
0.116765628656425
0.039060657124130
0.002165545462338
0.305408143835717
-0.138776517154496
0.060762944196470
-0.102195492791570
0.125623289508279
0.172546274249532
-0.015155604601977
-0.048832034459882
-0.023444035002169
0.338931975565105
-0.207055998640330
-0.003414676921568
-0.264495128263655
-0.171565340112608
0.076803989486102
-0.210999332453639
0.084462807079484
-0.185691712501646
0.025699048694262
-0.019836048490364
0.125623289508279
0.225442571661841
0.019233683736918
-0.077932894724277
-0.134220488580239
-0.064176193681054
-0.118163984020615
0.044029848989271
0.264495128263655
0.200245783780328
-0.147677900699736
0.159326352077864
-0.305408143835717
-0.003345766649267
-0.024419000992958
0.065543254379272
0.125623289508279
0.244017281180636
0.042356140997122
-0.010815220834585
0.023444035002169
-0.289813643417120
0.374165107426321
-0.077941875679933
-0.264495128263655
-0.198440622100043
0.132044100546252
0.089056221894907
-0.084462807079484
0.183130973571178
-0.060232731078106
0.140944190920745
0.125623289508279
0.225442571661841
0.040666945310999
0.069655283062746
0.134220488580239
0.285989953299245
-0.410985385468474
0.099987958343187
0.264495128263655
0.166424674573745
-0.039060657124130
-0.227487033414285
0.305408143835717
0.143508145726425
-0.060762944196470
0.194887652056807
0.125623289508279
0.172546274249532
0.015155604601977
0.064127066444212
-0.023444035002169
0.070926409516147
0.207055998640330
-0.106811780741791
-0.264495128263655
-0.109072078987027
-0.076803989486102
0.085054815636153
0.084462807079484
-0.073294594013303
-0.025699048694262
0.219161234828185
0.125623289508279
0.093381370718603
-0.019233683736918
-0.020574551273996
-0.134220488580239
-0.340274676977187
0.118163984020615
0.097374477773660
0.264495128263655
0.035114248115391
0.147677900699736
0.162388895840639
-0.305408143835717
-0.199605399348057
0.024419000992958
0.210069506298513
0.125623289508279
-0.000000000000000
-0.042356140997122
-0.079874146246021
0.023444035002169
0.189508553148958
-0.374165107426321
-0.073112793266329
-0.264495128263655
0.044189408720361
-0.132044100546252
-0.209341895712699
-0.084462807079484
-0.079476764668935
0.060232731078106
0.168996599719709
0.125623289508279
-0.093381370718603
-0.040666945310999
-0.040558473611321
0.134220488580239
0.195231109814017
0.410985385468474
0.037720348753321
0.264495128263655
-0.116765628656425
0.039060657124130
-0.002165545462338
0.305408143835717
0.138776517154496
0.060762944196470
0.102195492791570
0.125623289508279
-0.172546274249532
-0.015155604601977
0.048832034459882
-0.023444035002169
-0.338931975565105
-0.207055998640330
0.003414676921568
-0.264495128263655
0.171565340112608
0.076803989486102
0.210999332453639
0.084462807079484
0.185691712501646
0.025699048694262
0.019836048490364
0.125623289508279
-0.225442571661841
0.019233683736918
0.077932894724277
-0.134220488580239
0.064176193681054
-0.118163984020615
-0.044029848989271
0.264495128263655
-0.200245783780328
-0.147677900699736
-0.159326352077864
-0.305408143835717
0.003345766649267
-0.024419000992958
-0.065543254379272
0.125623289508279
-0.244017281180636
0.042356140997122
0.010815220834585
0.023444035002169
0.289813643417120
0.374165107426321
0.077941875679933
-0.264495128263655
0.198440622100043
0.132044100546252
-0.089056221894907
-0.084462807079484
-0.183130973571178
-0.060232731078106
-0.140944190920745
0.125623289508279
-0.225442571661841
0.040666945310999
-0.069655283062746
0.134220488580239
-0.285989953299245
-0.410985385468474
-0.099987958343187
0.264495128263655
-0.166424674573745
-0.039060657124130
0.227487033414285
0.305408143835717
-0.143508145726425
-0.060762944196470
-0.194887652056807
0.125623289508279
-0.172546274249532
0.015155604601977
-0.064127066444212
-0.023444035002169
-0.070926409516147
0.207055998640330
0.106811780741791
-0.264495128263655
0.109072078987027
-0.076803989486102
-0.085054815636153
0.084462807079484
0.073294594013303
-0.025699048694262
-0.219161234828185
0.125623289508279
-0.093381370718603
-0.019233683736918
0.020574551273996
-0.134220488580239
0.340274676977187
0.118163984020615
-0.097374477773660
0.264495128263655
-0.035114248115391
0.147677900699736
-0.162388895840639
-0.305408143835717
0.199605399348057
0.024419000992958
0.060232731078106
-0.210069506298513
0.125623289508279
0.000000000000000
-0.042356140997122
0.079874146246021
0.023444035002169
-0.189508553148958
-0.374165107426321
0.073112793266329
-0.264495128263655
-0.044189408720361
-0.132044100546252
0.209341895712699
-0.084462807079484
0.079476764668935
-0.064359312028889
0.193246225036318
-0.068007955184880
-0.135568737766336
0.036133235806199
-0.026190082310771
-0.127067775190098
0.135685926699847
-0.426141066221618
0.056502245819841
-0.328104375170511
-0.146989853197273
-0.009499588348047
-0.046504453716792
-0.283061935757821
0.108112914929050
0.046792893363332
-0.168996599719709
0.007779113283028
0.225442571661841
0.002207040523918
-0.069655283062746
-0.073023421361588
0.340274676977187
-0.334481586808643
0.037720348753321
-0.379104754942617
-0.200245783780328
0.121488723522022
-0.227487033414285
0.194908095474488
-0.199605399348057
-0.013454425777759
0.138252529850256
0.052748675579715
-0.239328557545984
-0.038585567842512
0.053368225516442
0.098575449613795
0.242407036457924
-0.130081484390627
0.017488879838026
-0.415536351586674
-0.186006715212825
0.144490625220815
-0.042256583489781
0.207012569538484
0.113676721526492
-0.024419000992958
-0.102195492791570
-0.111249362421727
0.172546274249532
0.040666945310999
0.048832034459882
0.111485653777667
-0.070926409516146
0.118163984020615
-0.003414676921568
-0.435999119274726
-0.109072078987027
0.039060657124130
0.210999332453639
-0.275680393179786
0.073294594013303
0.054061740354620
0.062211140256797
0.165474798655233
-0.047605409963030
-0.006601120722742
-0.072421540171404
-0.055075905422467
-0.321216240182183
0.326581008354116
-0.024187009562039
-0.439706685320174
0.004626476756074
-0.101088748460112
0.124584438916918
-0.099447416180530
-0.195117310876587
-0.065482387593156
-0.019836048490364
-0.213341131175755
-0.093381370718603
-0.033332172954751
-0.020574551273996
-0.132975206026065
-0.285989953299245
0.424920384782527
-0.044029848989271
-0.426516570039117
0.116765628656425
-0.151384456199418
-0.162388895840639
0.314482850072449
0.143508145726425
0.054831490494832
-0.023301331495369
0.253008883668278
0.202892954178385
0.043637846913783
0.080449331838167
0.003191553894895
0.003441230190729
0.380035766835037
-0.062180646012070
-0.396935662164705
0.189547667222368
-0.067120646752402
-0.187945442879706
-0.023257704797838
0.035659602953705
-0.025699048694262
0.065543254379272
-0.282953646650445
-0.244017281180636
-0.015155604601977
-0.010815220834585
0.134220488580239
0.289813643417120
0.207055998640330
-0.077941875679933
-0.352100739397387
0.198440622100043
0.076803989486102
0.089056221894907
-0.305408143835717
-0.183130973571178
-0.012095534386108
-0.105266386754461
0.302024659674069
0.202892954178385
-0.026797841353236
-0.076229442007577
0.049178682781667
0.318582436620290
-0.035714225006254
-0.090707842775724
-0.293734782675398
0.140447027022829
0.152460667423659
0.222693456893740
0.142422051052354
0.167824632366386
0.045813187267480
0.140944190920745
-0.309489034403798
-0.093381370718603
0.044931770532056
0.040558473611321
-0.115031918459830
0.064176193681054
-0.266446584279602
-0.099987958343187
-0.224080762983556
0.035114248115391
0.092601227567671
-0.002165545462338
0.249837816231714
-0.003345766649267
-0.064089011725164
-0.171205588872358
0.305059919104840
-0.047605409963030
-0.023127667095720
0.060404310652947
-0.094061910810589
-0.247273670864901
-0.407370251254342
-0.105425592745416
-0.145815445236197
-0.082054166489230
-0.049567696268315
-0.223538410816916
-0.239903931093257
-0.164107015652462
0.060762944196470
0.194887652056807
-0.288907522194257
0.172546274249532
-0.019233683736918
-0.064127066444212
0.078330781520850
-0.338931975565105
-0.410985385468474
-0.106811780741791
-0.061946521702654
-0.171565340112608
-0.147677900699736
-0.085054815636153
-0.156231945891877
0.185691712501646
-0.036956071581636
-0.211080292066967
0.261652571226953
-0.239328557545984
0.044498991406810
-0.035383170567845
0.124625065591944
-0.129327362420098
-0.276073466980627
-0.104093251904996
0.024302971919913
-0.203248567166740
-0.114523195138881
0.190351668073957
0.300862612359762
-0.042222560316235
0.000692756823947
0.219161234828185
-0.224342458683850
0.225442571661841
-0.030210946313119
0.077932894724277
-0.029704493165623
0.195231109814017
-0.048108011646329
-0.097374477773660
0.109618515960861
-0.166424674573745
0.020426544280821
0.159326352077864
0.038841178036118
-0.138776517154496
0.035804059085983
-0.218819934241992
0.178410991266227
-0.135568737766336
-0.010930386440966
0.004975263513028
-0.136215183865959
0.346256548764195
0.196072767396189
-0.086913657069719
0.190721481908205
-0.073505552124079
0.137219955070643
-0.128185609408906
-0.316017688220866
0.196422764262579
0.079476764668935
0.060232731078106
-0.210069506298513
0.125623289508279
0.000000000000000
-0.042356140997122
0.079874146246021
0.023444035002169
-0.189508553148958
-0.374165107426321
0.073112793266329
-0.264495128263655
-0.044189408720361
-0.132044100546252
0.209341895712699
-0.084462807079484
-0.073294594013303
0.065482387593156
-0.210069506298513
0.007779113283028
0.172546274249532
-0.030210946313119
0.010815220834585
0.115031918459830
-0.070926409516146
0.424920384782527
-0.073112793266329
0.379104754942617
0.171565340112608
-0.020426544280821
0.089056221894907
0.249837816231714
-0.183130973571178
0.060762944196470
-0.210069506298513
-0.111249362421727
0.244017281180636
0.019233683736918
-0.079874146246021
-0.111485653777667
0.289813643417120
-0.410985385468474
0.073112793266329
-0.435999119274726
-0.198440622100043
0.147677900699736
-0.209341895712699
0.275680393179786
-0.185691712501646
0.046792893363332
-0.210069506298513
-0.213341131175755
0.172546274249532
0.044931770532056
-0.010815220834585
-0.029704493165623
-0.338931975565105
0.334481586808643
-0.073112793266329
0.426516570039117
0.109072078987027
-0.092601227567671
-0.089056221894907
-0.038841178036118
-0.079476764668935
0.025699048694262
-0.210069506298513
-0.282953646650445
-0.000000000000000
0.015155604601977
0.079874146246021
0.134220488580239
0.189508553148958
-0.207055998640330
0.073112793266329
-0.352100739397387
0.044189408720361
-0.076803989486102
0.209341895712699
-0.305408143835717
0.073294594013303
0.000692756823947
-0.210069506298513
-0.309489034403798
-0.172546274249532
-0.033332172954751
0.010815220834585
-0.073023421361588
0.070926409516146
0.048108011646329
-0.073112793266329
0.224080762983556
-0.171565340112608
0.151384456199418
0.089056221894907
-0.194908095474488
0.183130973571178
-0.024419000992958
-0.210069506298513
-0.288907522194257
-0.244017281180636
-0.040666945310999
-0.079874146246021
-0.078330781520850
-0.289813643417120
0.118163984020615
0.073112793266329
-0.061946521702654
0.198440622100043
-0.039060657124130
-0.209341895712699
0.156231945891877
0.185691712501646
-0.045813187267480
-0.210069506298513
-0.224342458683850
-0.172546274249532
0.002207040523918
-0.010815220834585
0.132975206026065
0.338931975565105
-0.266446584279602
-0.073112793266329
-0.109618515960861
-0.109072078987027
-0.121488723522022
-0.089056221894907
0.314482850072449
0.079476764668935
-0.060232731078106
-0.210069506298513
-0.125623289508279
0.000000000000000
0.042356140997122
0.079874146246021
-0.023444035002169
-0.189508553148958
0.374165107426321
0.073112793266329
0.264495128263655
-0.044189408720361
0.132044100546252
0.209341895712699
0.084462807079484
-0.073294594013303
-0.065482387593156
-0.210069506298513
-0.007779113283028
0.172546274249532
0.030210946313119
0.010815220834585
-0.115031918459830
-0.070926409516146
-0.424920384782527
-0.073112793266329
-0.379104754942617
0.171565340112608
0.020426544280821
0.089056221894907
-0.249837816231714
-0.183130973571178
-0.060762944196470
-0.210069506298513
0.111249362421727
0.244017281180636
-0.019233683736918
-0.079874146246021
0.111485653777667
0.289813643417120
0.410985385468474
0.073112793266329
0.435999119274726
-0.198440622100043
-0.147677900699736
-0.209341895712699
-0.275680393179786
-0.185691712501646
-0.046792893363332
-0.210069506298513
0.213341131175755
0.172546274249532
-0.044931770532056
-0.010815220834585
0.029704493165623
-0.338931975565105
-0.334481586808643
-0.073112793266329
-0.426516570039117
0.109072078987027
0.092601227567671
-0.089056221894907
0.038841178036118
-0.079476764668935
-0.025699048694262
-0.210069506298513
0.282953646650445
-0.000000000000000
-0.015155604601977
0.079874146246021
-0.134220488580239
0.189508553148958
0.207055998640330
0.073112793266329
0.352100739397387
0.044189408720361
0.076803989486102
0.209341895712699
0.305408143835717
0.073294594013303
-0.000692756823947
-0.210069506298513
0.309489034403798
-0.172546274249532
0.033332172954751
0.010815220834585
0.073023421361588
0.070926409516146
-0.048108011646329
-0.073112793266329
-0.224080762983556
-0.171565340112608
-0.151384456199418
0.089056221894907
0.194908095474488
0.183130973571178
0.024419000992958
-0.210069506298513
0.288907522194257
-0.244017281180636
0.040666945310999
-0.079874146246021
0.078330781520850
-0.289813643417120
-0.118163984020615
0.073112793266329
0.061946521702654
0.198440622100043
0.039060657124130
-0.209341895712699
-0.156231945891877
0.185691712501646
0.045813187267480
-0.210069506298513
0.224342458683850
-0.172546274249532
-0.002207040523918
-0.010815220834585
-0.132975206026065
0.338931975565105
0.266446584279602
-0.073112793266329
0.109618515960861
-0.109072078987027
0.121488723522022
-0.089056221894907
-0.314482850072449
