0.519872045211685
-0.395028479166582
0.225500814561161
0.601240203021748
-0.194123665991776
-0.596392279981613
0.386472771039028
0.478156690354233
0.671293385945782
0.079920549941865
-0.491562839865443
-0.259670631169887
-0.166673008543926
-0.833838904278998
-0.639955380444434
-0.307955371136207
-0.304342562591318
0.569620627708966
0.024631501948080
-0.725900915952629
-0.640055520172697
-0.560916374729523
0.465742804531296
-0.768637335356483
-0.533848979885456
0.232126518672318
-0.091266163122261
-0.735261378950506
-0.452272464401228
0.039141989089767
0.405151349462181
0.168946351618009
0.782226391722680
0.041970395511496
0.415151277160629
0.453804830745619
0.008182397982674
0.933164337066477
0.047102049073030
-0.354984683613167
0.325783880157296
0.858930518455828
0.831698754534267
-0.441587130321453
-0.754193485329937
-0.480981245953002
-0.540780194995936
0.756550892255549
0.832058700635492
0.310258371373459
-0.466172091660444
0.836538243577227
0.289091582020120
-0.919671421145281
-0.921284899016189
-0.201882246691156
-0.401344523962344
-0.748289689230691
-0.769500277826071
0.587749092771689
-0.961075842416027
0.062768013716877
-0.232605266972370
-0.508669409479225
0.289826565268005
0.933884579758474
0.925465637815952
-0.303978155802392
0.108637063039628
-0.968882681521868
0.972596054290086
0.065949723777359
0.488965383077362
0.607128041197132
-0.667928405279061
0.717330118649605
-0.451299946671030
-0.881411746037010
0.877729247827370
-0.454729497445819
-0.689913128659055
-0.533103234766124
0.541047283539343
-0.828511912856593
-0.338593934836729
-0.259348932287783
-0.393483246359472
0.911683926095548
-0.229926066579190
0.967390804131260
-0.970881898711354
-0.220583140156022
0.521206105094092
0.723940944724701
0.731652848772290
-0.582244037316419
0.157028733153630
0.986522872362843
0.984981536446176
-0.154626723387688
-0.016293247586131
0.995453214542363
0.999165772990467
0.018486585236822
0.325792362207602
0.943801430022255
0.943289767348012
-0.325892939265722
-0.765293255512995
-0.643396209248303
0.644483092572986
-0.764579874908172
-0.865503923297039
-0.498563627744545
-0.501109525320121
0.864605044417134
0.479747094273183
0.876458070389603
0.807298443543111
-0.459414886368564
0.901679324476501
0.309246517981090
-0.334118209814405
0.935808135017623
0.133587447048598
-0.967513555924762
-0.984760786266898
-0.149755928830659
0.654978951307245
0.747145794207185
-0.745176140605346
0.628583845088416
0.220251859501518
0.944308003819764
0.971224353884848
-0.188550908343209
-0.135210752695236
-0.324308042737315
0.989131332237349
-0.024315241812635
0.343159793924915
0.915434326551785
-0.916105402243153
0.362089973165290
-0.783913011634141
-0.561622606346732
0.385891213587156
-0.679290469357562
0.519095541080269
0.577512760609046
0.877670527530165
0.415746947882444
0.122662756455098
-0.601091543943232
0.817143404976755
-0.443480438364406
-0.333759224710870
0.645465283272652
0.931466084369567
0.282608120412446
0.625268558473148
0.720754600174027
0.684789624274216
-0.669007064422655
0.151669289223525
0.655510664699197
-0.936746760872324
-0.133252521665300
-0.216825171166978
-0.863460696608930
0.819095833007767
-0.237959427798778
-0.422654090232903
-0.723172819113922
-0.847444470247531
0.366713839244911
0.788438979068031
0.476299456148982
-0.522359590096179
0.776485128828364
-0.362848128656807
0.859000719145245
-0.866665245887193
-0.344920846303731
0.463271831797403
0.798916332197553
0.743852348081091
-0.537871074894561
-0.292409322796519
0.795833706487734
0.806665768051771
0.281736559704636
-0.007464778390821
-0.871867560875790
-0.883080637394527
0.137565941148366
-0.012265736282890
-0.598411849682295
-0.271388772199254
-0.396845491922903
-0.798623939132520
-0.164156209627886
-0.592760804970644
-0.370392919270485
-0.072324307834902
0.776479742138268
-0.688700663984088
-0.095075958216486
0.074735854989878
-0.800858415292012
0.313326245927091
0.543811193834898
-0.639562777072786
0.184140879244760
-0.038458678846554
-0.688226435125447
-0.396895282171895
-0.645104404142810
0.722196933067655
-0.257082070106596
-0.778814212284710
0.008981838541929
0.454049752952503
-0.644859518467915
-0.218976207715015
-0.703581776439092
-0.509279901429209
0.656940727746049
-0.482662871657647
0.209688679372326
-0.574352440527220
0.407111624114328
0.762685793209183
-0.034904525790701
-0.569835432932445
-0.384380968188604
-0.492187545788610
0.182902081528156
-0.361677466742136
-0.247930830624995
0.709210551884315
0.397671898806381
-0.451044821880063
0.497614068076781
0.465320892916093
0.759864454524823
0.644106710680343
-0.626447172202483
0.462819364893705
-0.414919984421711
0.035621849987011
-0.787681202306708
0.356192601287571
-0.047583601991962
-0.933236356392638
-0.028933967584380
0.386375999643799
0.082564004227716
-0.229690191649466
-0.246008950854730
0.073054010226107
0.441035530674417
0.365454035539091
0.040384106226121
-0.224269614726422
-0.401399055305226
0.201996552503282
0.205145657439890
-0.211235414581532
-0.161276575981423
0.153597377917148
0.294763530330057
-0.447671335069941
-0.280313199534329
0.216139005444420
0.125316625781068
-0.144522877151320
0.226950522269207
-0.030827710715859
0.828371821037382
0.195013862598652
-0.076352780883496
-0.145575223176160
-0.172969617025939
-0.186752273759735
-0.120780487773013
-0.088181657903111
-0.204771932457804
0.525521173744645
0.340787164796729
0.197469109615548
0.017750973132643
-0.102959725892103
0.094026522465406
-0.122930973560946
-0.087752079180095
-0.459581256122899
-0.169132743743684
-0.143250495541652
-0.017752260601890
-0.849321602253459
-0.311038734820256
0.097797488344314
0.066625858395688
0.062738782118365
0.085748942897277
0.028867527705561
0.088871158863350
0.311377450996209
0.327563410006151
-0.310590101441469
0.170908685500319
0.045839738875372
-0.003649329934305
0.053017600611600
-0.055597511634120
0.037392883104384
-0.086076710168980
-0.009065531660523
-0.035267837846364
0.033876734129894
0.044165193306824
0.051840389901644
-0.036204708645811
0.018531991293172
0.004910833935814
0.004515439010493
0.006226482434379
-0.009744436316181
-0.047353076019529
-0.033166825053497
-0.015726490955041
-0.039722056219773
0.009280874691790
0.340848557032539
-0.145015331619335
0.263714304556010
0.147633846054055
-0.082341557135629
0.076472375886564
0.108303274050398
-0.185316793418258
-0.022691062749535
-0.085466199648546
-0.104335753535124
0.043471669823386
0.078730269024459
-0.208318059480496
-0.077973935465731
0.231714431350405
-0.048477285249828
0.137192427628917
0.028030371708986
-0.935818702545175
0.048024404523792
0.136827019159579
-0.203719227228053
-0.052151951657575
-0.042435013176122
-0.166856264403864
-0.047980518299198
-0.260304260615794
0.483477843402052
-0.394843772213157
0.193642708396575
0.599600977358393
0.021073846445725
0.237496975617242
0.462623773373218
-0.640017224993753
-0.160160642818002
0.331587582673469
0.032736218250795
-0.686227140256628
-0.139822733811465
0.181530127129516
-0.279760558229644
0.106235898696849
0.248328854571635
0.147734553257184
-0.250658954516385
0.696040432512940
0.190068476695412
-0.261960389432703
0.214285441114362
-0.401875876716251
0.485584195708124
0.191481894573574
0.128616750742252
-0.530888241659885
-0.293442040702619
-0.247488582971866
-0.044058543103836
0.386732012041818
-0.321429449010986
-0.144548997407259
-0.317943060400303
-0.171380309200021
0.125781607457346
-0.337786838970755
-0.361842906561808
0.127206976939125
0.316790751984785
0.238792819203033
-0.350502642486006
-0.397861027458085
-0.374406799789669
0.360186615312813
0.460779628577232
0.165750919346788
-0.085679121231746
-0.440344510445851
0.706531551460545
0.377579099877111
0.652787030787880
-0.585432218365024
-0.080823110291716
-0.573341231316774
0.060453093535915
-0.712593247881833
-0.591727905738675
0.204221669063823
0.412439579982691
-0.588681195946324
0.585306284336432
0.102259005232693
-0.744081829578204
0.228994060981178
-0.301594851055097
-0.682709408600004
0.706060146178339
-0.162309500629256
