-0.077931187051538
0.702799210361493
0.820941366903543
0.003402103296250
-0.139238293996377
-0.932708594049472
0.854218578885972
0.432442259635555
-0.902080854522486
0.431352962379118
0.731345266687586
0.535638826609934
-0.362703712846560
-0.092525772454107
-0.735846948200351
0.162933086961769
0.877961393948865
-0.363167488292898
0.367427291643619
0.923946403757660
-0.268198482394994
0.653411399715188
0.830745857244110
-0.542553349891604
-0.878554688852540
-0.294684986823233
-0.983444669736669
0.095939841487719
-0.744668642870648
0.666855349993228
0.460619524415095
0.748929843800657
-0.399496474634498
-0.349636497294405
0.366211728484526
-0.926536305124710
0.699303137359079
0.596090247779921
-0.973010912269077
0.037735282159005
0.844077446144600
0.262627866409738
0.591744394126863
0.512800559578496
-0.808060304991850
0.564528604741103
-0.614923570247127
0.787586874861080
-0.431719883947818
-0.899853671382064
-0.726491024000809
0.176101877766295
-0.866428622840248
-0.484880251289957
0.555920943831494
0.815519254183207
-0.193351442242761
0.694915531898074
0.528716028025863
0.770199422221909
0.265564714003438
-0.962474892358971
0.174711251785065
0.829708814479985
0.925964536325921
0.244866654502488
0.727266581491785
0.637878235327785
0.549823641499536
-0.794295125219929
0.109173070397846
0.972388685514137
-0.635380314670001
-0.748172739713539
-0.009254410263699
0.990361745187942
0.968819498526172
0.095709924162493
0.337074502660224
-0.899227680485778
-0.473296756794802
0.834371433052427
-0.691044566794452
-0.713070349157667
0.623419276247202
0.144685231856129
-0.489738074130280
0.747222928238517
-0.082949470915674
-0.995927808483421
0.988037028026570
-0.142885287082212
0.321352349928600
0.843798803803650
0.849372558678906
-0.068673217817233
0.357441850706190
-0.585654945647973
-0.961858532826758
0.027577091378045
0.827590735903923
-0.441774847195941
-0.933148669837724
-0.325914519702703
0.260454145585323
-0.637025867676263
-0.094272665357261
0.995205297364412
0.740625527385428
0.612767727831854
-0.207081269636012
0.552166229421743
-0.472791207931637
-0.542378304110065
-0.014308634751169
-0.552841556967567
0.999489642393665
0.030828346637886
0.781606545797284
0.405320544517601
-0.258846472047616
-0.965377608989314
-0.729850591485330
0.530893891093569
0.505392905939560
0.423066199473210
0.375251257800589
0.589309725368977
-0.048137718419645
0.652906515174743
0.383547416098665
0.751703620070173
-0.374608525371275
0.534764417497756
0.837284682233668
-0.105761615846206
-0.210004198729171
-0.883434187736662
-0.413821128396948
0.745268909016487
-0.308795695907727
0.842100731526598
-0.254088837089373
0.205023314760108
0.573472614530967
-0.615545572461664
0.771908687998905
0.628497328726147
-0.231993831284027
0.867145649261343
0.631348713530481
0.695958208914499
0.680688221291233
0.493323461963749
-0.959107299278797
0.276445895752297
0.410762752564108
-0.612398709550941
-0.572523163730066
0.328196575502118
-0.866723134659127
-0.242146178839055
-0.173715649612184
-0.975858933288535
-0.463701036575747
0.883706268823533
-0.924807691299511
-0.378076313070793
-0.200938096195266
-0.664825377035450
-0.945389247928211
-0.070857591032634
-0.394229888680706
0.687961680415401
-0.205839046006251
0.967003204995430
0.682112721382408
-0.592339456314831
0.864109487548781
-0.367659013882896
0.727093416413635
-0.345726046739360
0.162482549647593
0.546356930517066
-0.444078020663076
0.629645169996578
-0.217341708363225
-0.376941080318525
-0.526529437991668
0.843290750067273
-0.976967236250679
-0.213361032601699
0.441637621075733
-0.561736060830825
-0.922071382511968
0.027164709088702
0.834499242412415
-0.023375073968777
0.843050542994279
0.534247351563722
-0.806638005001349
0.404968254514760
0.052537032089507
-0.924929811071753
-0.704176230005522
0.037711823739005
0.379694052721978
-0.764160824297069
0.674327148242294
-0.727193516592918
0.561933463199545
0.826465201928245
0.627960979611148
-0.714566024379640
0.702799210361493
0.077931187051538
0.004891450540079
-0.570981410828162
-0.259178225227224
0.208552208425856
0.161762480224826
-0.239033912989009
0.008880269188589
-0.010290508727869
0.229726418397564
-0.354190515135322
-0.374065727616690
-0.848504466424124
0.012657826935921
-0.657131537376345
-0.070869577290603
0.303760875026797
0.105723901768191
-0.011945079892210
-0.431122337234435
-0.561477200873534
0.062849114105126
0.107457768678436
-0.304957843326459
0.219779732982556
-0.088314737305205
0.125827801206880
-0.019665371333418
-0.019642496809624
-0.310971421379380
0.360874656740568
-0.035614587090689
-0.846692676064147
-0.081569505100722
-0.027674194547446
-0.362135603955733
0.156554600472291
0.068845097115764
-0.216993469230757
-0.407239538532136
0.229599274718393
-0.297847984340655
0.546040965807165
0.168230519563333
-0.006670098424510
-0.029833939250944
-0.026188802375331
0.056798097103378
-0.025598595073522
-0.475148030463498
-0.464147896515862
-0.057973621919157
0.104075177605970
-0.159655616895097
0.019756878797335
0.561877085488819
0.404971312702581
0.012730667508717
-0.356497043216875
0.054635610176813
0.011507143671059
-0.318892586638009
-0.423517154152266
0.153231071155586
0.243208219046959
-0.251942504811192
0.026826304438480
0.092237720941465
0.241415451319032
-0.205693010076292
0.015227297519574
-0.188398576185467
0.032177379798184
0.135460726392034
-0.027356190603004
-0.148756315644074
-0.173493366583009
-0.201563234194997
-0.192724209494769
0.265886823371709
0.095491826199223
-0.037627783151081
-0.112125972866088
0.291162466106402
0.711082982511178
-0.175854299215121
-0.413388170741954
0.033356407780437
0.011598949271641
0.007239159262427
0.057569267469987
0.425567904908581
0.060234576504008
-0.386117710816159
0.353218571301063
-0.259184978068696
-0.679754922854799
0.032080504065022
0.270256374797003
-0.345730679522489
-0.019971366200725
-0.100738922117677
0.113423786736345
0.705314822831631
-0.169978477027855
-0.021892801207772
-0.014134564709491
0.241734109339267
-0.132492114085309
-0.050822151280893
-0.806006769072875
0.605589461686169
-0.339934777314546
0.791194770080714
0.261098279692073
0.006661514459368
-0.005068729275256
0.343087554943774
-0.327257380973290
0.024280804751704
-0.021331162443431
0.202005737997026
0.380346516119605
-0.373403250467026
0.652811622162106
-0.029922976277122
-0.714846246821885
0.628622930573754
-0.419796443129988
0.530999054478280
-0.076635835746788
0.155809494958105
-0.741227948594995
-0.342687363151992
-0.412715655925965
-0.405170268722033
0.106204170341371
-0.508559766661021
0.121215884599916
-0.215976701266669
-0.385831103802168
-0.910502918240987
0.253749362848449
0.533536922461340
-0.087012418517937
0.012680750739890
-0.094801285521766
0.440723545797957
-0.000203451610303
0.205621764868717
-0.273423962337251
-0.535006016632429
-0.084048018647557
0.036079706281617
0.048878522752574
0.556977804102474
-0.382122372262454
0.750454046627307
-0.036372499527801
-0.119209227624261
-0.419458455594269
-0.113505252603894
0.068108538613786
-0.063547878080494
0.002499262297909
-0.008013754706457
-0.041530896252886
0.468311089610160
-0.546182957346015
-0.265451880766863
-0.175367245208787
0.586329412973308
0.165859400195442
0.100341995628044
0.111653806836959
-0.428782681186229
-0.001271273252980
-0.109530907770117
-0.325798439655400
-0.543686619626700
-0.237093913993622
-0.648947870873680
-0.503944626347483
0.387508150488566
0.506141388120826
-0.208711597722626
0.875852426353965
0.100770027703928
0.038377901137291
0.002517726702892
0.002397939135299
-0.691242143568020
-0.107671298721263
0.034530560252925
-0.384517989879814
-0.103883659813982
0.540622609177338
0.005531332547944
0.061765311174188
-0.285085238433339
-0.322586807774464
0.354562880065036
0.126609118668380
0.281864646339391
0.650588945947792
0.506674872214111
0.123171566540326
-0.059212285014509
-0.113870065741623
0.026160490722292
-0.022398251347806
-0.279932165398162
-0.129222241365717
