-0.684769292902526
0.176326445826413
-0.818583470775419
0.004410856227076
-0.910590741029646
0.296982534824567
0.093789701873066
0.988224859069898
0.787109810735943
-0.615691921428994
0.066672393647921
-0.902200563163629
-0.733585656327152
0.532979419253246
-0.844160488503228
-0.395659546255047
0.665180780145722
-0.318023787659493
-0.326019263319959
0.893153705802359
0.582722701826719
0.481820746862210
-0.729334163779555
-0.473184992953664
0.021235878905584
0.579667065256838
0.096401709951119
0.993446611261744
-0.985324981910492
-0.162905536696091
0.750637287319167
0.599117593574209
0.906562466416182
0.042079137833275
0.848408989570974
0.281006727896165
-0.715021102178645
-0.698429387128604
0.501257654775862
0.241667649371791
0.451528364876789
0.784500015197246
-0.524578525402650
0.773987826452883
0.293372481940586
0.428935045057409
-0.733138888569572
-0.559766629553479
-0.495975328957025
0.641843837000980
-0.228923230182073
-0.763477945337814
-0.533526581371434
-0.229076872006272
-0.821728233220315
-0.566559611974381
-0.208443523070879
0.959608773828380
-0.964440074577643
-0.133947576055819
-0.207596937754000
-0.491343302088080
0.940219353663839
-0.336558268964776
-0.941435849799147
-0.308375609797338
-0.501831944456334
0.841352191950626
-0.225950072053384
0.916684105121827
0.674824485181868
-0.656272958237372
-0.181551468352898
0.712772603051242
-0.377192566330684
0.505837730953606
-0.803454978200511
-0.565238815820452
0.106860552190878
-0.280554319228373
-0.426813325349409
0.608571475266062
-0.008902913156354
0.687333150876611
0.525950988268750
0.828229097629758
0.626749965068387
0.444106938292657
-0.009819023438778
0.266994532053964
0.689144745347378
-0.537460975119584
-0.585973180797644
-0.803971857616025
0.656570620230035
0.585783018142029
-0.771358930653603
0.276911562786748
0.112425983375979
0.835028336327340
-0.925951310987577
-0.287417623702327
-0.379147409537758
0.885797815365213
-0.138976822481398
-0.655505799825964
-0.661201952361083
0.640491025219298
-0.306026634263647
-0.802850096843598
0.519450062828597
0.212805253584262
-0.089568941482651
0.729374927798860
-0.719223485987772
-0.432106758342811
-0.868541408659049
0.462168675314531
0.150641003617142
-0.447018811894492
0.947380897266110
-0.140744497805009
0.564334366482217
-0.568490335297891
0.122948266252481
0.762309482724892
0.973961006082239
-0.161953913032348
-0.852784368597775
0.382432024832253
0.172415236456471
-0.835742971922615
0.058773398715942
0.921774928627151
-0.936770370201980
-0.048196596516349
-0.909136573717473
0.219386380319814
-0.349444214842715
-0.914074182080395
0.409612276684555
0.086998634926375
-0.917851372236656
-0.053298854989411
0.239894272797078
-0.970632034417690
-0.121207052892555
0.919972436318569
0.922257105372973
-0.302524405136882
0.891958641278686
0.449671335780761
0.361559874308539
0.517576054151894
0.221943275935028
0.907973892600283
-0.776765657326442
0.613536789052454
-0.967042895768146
0.185756262340412
-0.286448680093577
0.559143404899714
0.602979272582457
-0.551173727757000
-0.536630746668562
0.843211092586007
0.636543992982990
-0.572242759374102
0.370212662424158
-0.921007879124171
0.713342749444253
0.384099510812532
0.483146618706599
0.869153235952503
-0.105836115546656
0.116958480024240
0.997029564885491
-0.005149941023543
0.863791508521896
-0.217271008216527
0.871571436967451
-0.484241347759159
-0.253679337618342
-0.255504184914797
-0.825340984341531
-0.387109972180054
-0.956366408174274
0.021741037839463
-0.705134036117438
-0.421751614809618
0.993859754554092
-0.003116453405635
0.063878680716244
0.764335553454260
0.523516178683146
-0.835144926036280
0.539316347075285
0.276865211982350
0.950199331182997
0.309311474015691
0.404611590533056
0.909481898253295
0.218675802273732
-0.391196472601823
-0.375672108733360
0.184293638455745
-0.689843230003276
-0.611449145324143
-0.274819883897539
-0.873815025497414
-0.768964351645822
-0.153216695266104
0.068931584208684
0.559760773833351
0.080724988449999
-0.993136280033295
0.518241374508571
0.746677913177321
0.638557800588473
0.180713262912343
-0.493988235425891
-0.039903449501290
-0.258948333315562
-0.965854447700767
0.176326445826413
0.684769292902526
0.006286655288453
0.574336246188500
0.117003735707771
-0.262556664723409
0.117025627404455
0.030333517261209
0.005238224560575
0.036798977346592
-0.406892322873926
-0.126600052680673
-0.083279397133165
-0.413339528108153
0.189608279141356
-0.308050797090829
-0.429622079852052
0.521363854434728
-0.309806484115603
-0.002800027812768
0.007037420077518
0.654395519076624
0.281147138140217
-0.406354434826279
0.308150690128095
0.754041300644209
-0.058084547721218
0.019917987023791
-0.023449328990889
0.045239309308660
0.192513382969638
-0.201346391409324
-0.140134060400988
0.395899337913249
-0.375879871120918
0.244850419191744
0.030590925290641
-0.002325924388594
-0.021880700620325
-0.830577356852497
0.378284776861090
-0.193862037187195
-0.285514692568779
-0.210336814458333
-0.607584448390338
0.600656684001625
-0.140287042389728
-0.359844739079029
-0.207574589605688
-0.546770291548344
-0.602183877982947
0.045498997386472
-0.389004436381199
-0.715226343305166
0.040822428182801
-0.045896036488124
-0.186785121457999
-0.028523977340365
-0.169389116564226
-0.152383452536791
-0.137501037925926
0.834612925551502
0.046884457369439
0.022758432383615
-0.049624068855689
0.127045172223443
-0.195758963654248
-0.044380364713086
0.284507843231132
0.166409445332998
0.000119580896393
0.337516968737580
-0.161437777317173
-0.657975778226945
-0.754662769856643
0.179827866697237
0.058541864890428
0.177589496169849
-0.654078771712070
0.694298967839788
-0.667129392325194
-0.049086848467652
-0.669834247577556
-0.280741800620375
0.135182031267986
-0.138339937114282
0.597449497887648
-0.230233807510747
-0.951528571183912
0.152351189206701
-0.176643860597041
-0.452782692576667
-0.082657048491100
-0.058587506194321
-0.222395823845535
-0.419896860959008
0.095869034700716
0.564919918821671
-0.418826469629843
-0.338633229512022
-0.057802083139780
-0.238042429937180
0.247876077240522
0.100831158214485
-0.636174549329505
0.382465072905878
0.383654654635920
0.073432491334678
0.439292866673874
-0.262299825407755
-0.400095671835699
-0.724437029459873
0.283807176502905
-0.615989533990257
-0.027877881545875
0.543345332471512
0.079184490517871
-0.160517143832024
0.872250703299098
-0.129074321365195
-0.173017794491420
-0.229619826282925
-0.362439244118735
0.476427597650101
-0.623532093668872
0.122375261136105
0.119697942415358
-0.104131125348342
-0.128837102153187
0.331520087124093
0.470712191611336
0.224135458569295
-0.380489329373419
-0.045875252487081
0.229478292046465
0.259765423171222
-0.099511694218423
0.339761282628264
0.109341105757556
-0.174360697861445
0.412854202930557
-0.808826574385892
-0.095835247820976
0.381475681813661
0.017692560938904
0.003341396229129
-0.367478455367317
0.062603127589827
0.143609758030035
-0.193124450249565
0.026143677548501
-0.039012563997600
-0.635699027334378
0.444157890962973
0.270319842372122
-0.230763462106611
0.071870195757104
0.122647450194696
-0.162513312948856
-0.062546557539690
-0.705110988148145
-0.328822597797882
-0.569142426701072
-0.093276024760910
-0.001876654505569
-0.031921360211015
0.099934749978617
-0.507309585054231
0.116693943606499
0.032704658652504
-0.476206332601185
0.341814593602171
-0.039725301285570
0.097795182414292
-0.082244834505138
0.984050414254085
0.043211424810742
0.063547601194135
-0.136206999980997
-0.433710954381162
-0.006571004792912
-0.076356854825865
-0.089189437313648
-0.928660136663688
-0.064767812216266
0.405910408225299
-0.169768632037855
-0.236789425789023
-0.300774539757790
0.484196491878763
-0.015062717025972
-0.109572763730978
0.507048446505785
-0.393208022262762
-0.096819125549029
-0.138165915119370
0.197596001901335
-0.770350149090624
-0.019982133565562
0.032378347700192
0.091685359890407
0.026943131548892
0.332928204955390
-0.829641503101799
0.831447345206406
0.365515572436787
0.355973869391743
-0.153391215561037
-0.368669501031626
-0.158126947857057
0.328622907222855
-0.526522036612004
-0.516329895460415
-0.644453064101496
0.074617639310843
0.039950136733860
-0.347558669167117
-0.230436419012729
0.567196356752981
0.487724250782480
0.718049192961610
0.488660101160196
0.008323198332698
0.001292632683043
