0.856054735466234
-0.207621098668740
0.476372993278903
-0.601262572699950
-0.772952863808020
0.502837838379925
0.052977450230141
0.599552482821062
-0.500964945240898
0.830393565228081
-0.592096795673479
-0.629314929614403
0.020634803504847
0.945182412693940
0.937932075634921
0.187113754074583
-0.958394775235089
-0.205646258310251
-0.578347252903737
-0.815587833626732
0.995776991812355
0.070065744939486
-0.967770262249679
0.160200106889018
0.100686453201495
0.613911132146210
0.028612857210176
0.677771449322242
0.719242100534172
0.523980099240930
-0.790168729460321
-0.043670763930818
-0.378448355713898
-0.408533621091291
-0.992818245812998
-0.033368562197291
-0.211600226968874
0.005134274959588
-0.708100805941816
-0.706111337367914
-0.965682560723980
0.259724826976050
0.257913064219906
-0.966168113271291
-0.105045264351632
0.926291919794156
-0.684729103823940
0.358763456405452
-0.579781594421437
0.742273455816085
-0.918550848340616
-0.268144151955745
-0.855290798164749
0.469575076724966
-0.457679396194424
-0.672219887485465
-0.821060079968532
0.166315185865172
-0.156489750000050
-0.960288813120220
0.205754642074889
0.969334584238351
-0.814391582498363
-0.573412397424803
-0.067550456166514
-0.992360676179108
-0.235627489863855
0.724514882636479
-0.381142935983181
-0.739442995122079
0.795079131069973
-0.429423348036567
0.409250439072562
0.025495411132131
-0.274780158020503
-0.824613424507651
0.199114414329752
0.892429245067212
-0.008919419900875
-0.974074179496636
-0.627322595781064
-0.765649929804711
-0.788110456394420
-0.477656043590256
0.634249740320915
0.013449122185620
-0.033591186717927
-0.703426370545715
0.719496503006339
-0.659668598228229
-0.148325003561497
0.709956579265681
0.733989610440546
-0.410204473791071
0.269560385963693
0.045367448316193
-0.826590582732145
-0.197802349981979
-0.946849339837739
-0.312814466989169
-0.907187355120218
0.419325787001807
-0.893982673357875
-0.423749781707980
0.755367849230072
0.635340512613270
0.828199675009545
0.066110247731840
0.092925487356329
0.845652399614357
0.209862306943789
-0.339326257119115
-0.821525140077430
0.072771454537836
-0.847396334420795
-0.353836478857781
-0.385832654942035
-0.096677598854778
-0.949617360799934
0.122963156634804
0.057366164232478
-0.489258908789280
-0.544210299105073
0.456485828433585
-0.854529186559483
-0.387270848040510
-0.626440158072289
0.581571173521144
-0.392516131918729
-0.188014970190553
-0.374070527896217
0.766996198405069
0.828659654817197
-0.318933042719854
-0.407606585919376
-0.814186960180918
-0.318652733061798
-0.945791123429638
0.416970396905372
-0.908813769036463
-0.439313164822511
-0.894212011964828
0.651970285622709
0.723423837801014
-0.207192104595789
-0.780028946678777
-0.894832653330580
0.129277549075804
0.172301278834808
-0.928823623850440
0.059403915430181
-0.827729202358636
0.310869918153883
0.866151025695971
-0.354499206963752
-0.772754466050205
0.165018106945182
-0.975998058381464
0.074041894235301
-0.731217186366268
-0.673023015356233
-0.196787601669811
-0.351110920912021
-0.151768403907665
-0.965650221518009
-0.176608574521070
0.495932563774540
0.842832983228488
0.202670409747526
-0.518190866003163
0.824290567360824
0.500133064264427
0.633726010305928
-0.688512423227577
-0.659274289774441
0.749456716765994
-0.995370120394957
0.093465042371868
0.557406574778135
-0.827715598654880
0.346513777019939
-0.916099837499961
-0.617933015090266
0.537933038334940
0.034616195583010
-0.578533183606160
-0.505650772390694
0.391125979720596
0.148784630437567
-0.627444477696827
0.653479841808714
-0.469874343445831
0.522265177465763
-0.846208036672766
-0.907015525152188
0.364877067496195
0.848386547710424
-0.390011611609112
-0.715866395746916
0.043756271382611
-0.891767150580283
-0.203769916598479
0.194971624055687
0.963928416728758
-0.850147284310848
-0.466571778358985
-0.194516090001879
0.842020061306988
0.554620991438225
0.628156836771323
-0.281697916409338
0.474916563841283
-0.745341160762683
0.649863063682806
0.091117961115059
-0.995607582317090
0.826029838988565
-0.560497444664094
0.926401970656601
-0.338812753598557
-0.236661288498138
0.765086014722120
0.753257208004890
0.508524174351590
-0.238458442670758
0.919935451469413
-0.561882576725787
0.665745136535714
-0.753603498306080
0.445801972640051
-0.842571785532480
0.501029349917410
-0.342439934804173
0.928632520391392
0.364518215065318
0.301977217947009
0.467664959645801
0.439137308212621
0.035995498521324
0.385230194442994
-0.357917081998911
-0.713880643051483
-0.116992708814591
-0.213993823630039
0.337530018910468
-0.373440209741688
-0.261964664669416
0.193852846466126
0.218524690566200
-0.193697764943820
-0.196877834107934
0.020692744671643
0.018003981235780
0.002607174412394
0.002793027615922
0.059255151336809
0.084186949817064
-0.175126247999645
-0.772602860920757
-0.126728762582625
0.537209790930795
-0.501211340069226
0.079864387294676
0.449174059870673
0.257706378966419
0.554358787790702
-0.828859504246258
0.053563464377617
-0.048770953856114
0.104018574772258
-0.740633153010496
-0.637700177065282
-0.000154350418025
0.000063568825974
-0.000450096710601
-0.000059822969334
0.000156323106681
-0.000061364315106
0.350640868438355
0.089441339112004
0.291759557683120
0.563303823194044
-0.251684477586821
-0.222572108097200
0.163389398781560
0.240139453548285
0.044593989066101
0.214448767850556
-0.571996720043596
0.107096897375717
0.506613916066344
0.203818409572403
0.220613908791268
-0.068453318319273
-0.034670501166381
0.129820828116943
0.064551492237023
0.061625300691560
-0.064735297599250
-0.080414958122077
0.004660693202262
0.647716102005796
-0.498424787561865
0.243981250220009
0.277960717522233
0.325856721601085
-0.557460511537723
-0.721873839535842
0.484304101081498
-0.099790292892819
-0.361445207749398
0.182430409608376
0.109502009958833
0.197760578987732
-0.123955054243194
0.069869094312977
-0.069322107340475
0.381996149165613
0.018893882970141
-0.772780311085628
0.474255673223628
0.528341300497100
-0.210726307715709
-0.052502818112525
0.147389022908702
0.672486300828405
-0.395414592250694
-0.369646914882763
0.427923435761807
-0.861487391711680
-0.383689309245478
-0.361115982546975
-0.023109774480264
-0.071339857124826
0.034281449443037
-0.001330146376543
0.094782481242438
0.110667897277724
0.080180234553919
-0.139043070193092
0.077637730694985
-0.551078139859903
-0.411571427947950
0.326872807867150
-0.907959705138879
0.128158796802570
-0.272796136760568
-0.495361511821131
0.208652282288696
-0.336427442007108
-0.788269820666799
-0.469486202231746
-0.228575110303116
0.175671139142689
0.610268700049632
0.620408701672782
-0.548794946306873
-0.440771988328780
-0.212169272228496
0.273469119825261
0.208131917441002
-0.475424866225923
0.895641235623232
-0.091696424243779
-0.405281976209135
-0.327924673593855
-0.236363942062952
0.394635246312543
-0.069335552725798
0.407613844360952
-0.062682124049882
0.003246209873854
0.013825535743038
0.001440789968257
0.025379839472314
-0.082126028881242
-0.011146427525988
0.226866601155181
0.514963430491526
-0.288857991741211
0.144853206638545
0.401969384860139
0.317810853553896
-0.081210876442570
-0.497499705485077
-0.252645176950919
0.377919675539488
-0.101582545316324
-0.325587790312244
-0.413731118313722
0.134232906329919
0.046672703736379
0.503040858472206
-0.454740716197916
0.063170296932184
-0.710157851618460
0.052693189560785
0.922448318642049
-0.028949332830568
-0.188390544392551
-0.182010008138537
0.102741479002347
0.830769559814403
0.014995662354368
-0.094417369669646
0.247986569987391
0.001268966006028
-0.352619308388375
0.042397149160021
0.043295753600628
-0.019271105556897
-0.011455730878826
0.063797031854931
0.010711529489364
0.105122106216371
0.172158743177783
-0.450474015070173
-0.354767525114335
-0.622681681961682
-0.525707711013688
-0.768049385203294
0.037919734402297
-0.732193626321018
0.219246561496845
0.057606812893178
-0.590646808870832
-0.086658281659700
-0.060509381891283
-0.196830628730382
-0.073792047958298
-0.142754277537810
-0.328256644591865
0.176054124764833
0.674259324969481
0.281370888503099
-0.289930324971965
0.171748903558352
-0.057709508422637
0.006537049710124
0.243962369227124
0.480081909259218
0.150622267573491
-0.076494287459106
-0.540336162272756
-0.719017965511861
0.422035195867608
0.062221061326126
-0.135178001395138
-0.011604292337562
-0.018121798870338
-0.027208102734647
-0.052697616370444
-0.096172870290680
-0.133176896579633
0.598677721488934
0.014826004041696
-0.212397422021963
0.359018213754033
0.310636222433186
-0.019012458053724
-0.353346474180095
-0.340907102207523
0.011277642114635
-0.482923579171086
0.088045708145439
-0.176890729047948
0.140839099636260
0.023256851388181
