0.512711418874581
-0.486956877922075
0.743044922782446
0.238710488272681
0.085961856622468
0.985805175724209
0.043979923633621
0.866855125375147
0.952179898863926
0.298039327612359
0.165989034996248
0.511757109199988
0.544605034919785
-0.835603890618462
0.674860947647881
0.150482820603390
-0.098531747111455
-0.620786409275248
-0.598317096974024
0.268648438605236
0.552763272256594
-0.772775919968218
0.957858978344095
0.138964447716545
0.976922467281551
-0.127411101565937
-0.548103813855389
-0.762257327106633
-0.970834301837396
-0.216725463447612
-0.664841996227548
0.695964077597973
0.959065435332909
-0.263024708621352
-0.134188103498694
0.765115819074013
-0.663269337149876
-0.571156426862169
-0.897721592752401
-0.274695107829678
-0.315971807020859
-0.649991813713092
-0.586642228323610
-0.788971845842334
-0.651591159444855
0.196219421751854
0.507060157143870
-0.069699142649712
0.245353652168435
0.491295050349895
-0.942370119221050
0.108515907651025
-0.020414708251630
0.995201721312099
-0.202057478072223
-0.749619927190893
0.310002938632697
0.941775564556146
0.259147305770578
0.960056856983889
-0.107360515680184
0.924727203109422
-0.684317016997543
-0.227127542315547
-0.321625640261681
-0.638400901951287
-0.780722030658272
0.168345316444252
-0.405779517855239
0.908272354906210
-0.762407707132214
-0.621683050923664
-0.162330816216462
0.184270195277996
-0.681784897589721
-0.546881892881900
-0.041440929058236
-0.799462254419209
-0.966592607523635
0.212229944931998
0.608055849859204
-0.115684561718113
0.113957517920519
-0.647025027333321
-0.666662134371626
-0.721012948444069
0.026681144499595
0.876063082680981
0.312805056970357
0.790066952996528
-0.855201267820476
-0.473131514863385
0.814694314985030
-0.553904057793842
0.564704572876375
0.825291623588166
0.744027148384216
-0.312294698364759
-0.427209446570708
-0.901030567692361
0.426179820117986
-0.899708458913000
0.740092588795939
-0.633505330939232
-0.838977558528193
-0.535788850119370
0.847471611211536
-0.095524502768950
0.755310321954818
0.189125616841354
0.857310006466049
-0.479971578421788
-0.477903454729858
-0.010114434196197
0.129089203562290
-0.581527630900016
0.312909129323244
-0.922271870177297
-0.807218114543622
0.396064733697630
-0.992762529976048
-0.033008313715270
0.758071390958420
-0.127775479794735
-0.936100352602572
-0.034057412398760
-0.564222676404642
-0.664021512195041
-0.743714851454222
0.372793980140127
-0.287158173200916
0.954272395845871
0.888448640479821
-0.337942429004560
0.755964323426119
0.520353345519585
0.795735439404857
-0.181772609656477
-0.639228685925343
-0.641713910810784
0.206461326251259
-0.579757876987375
-0.903116030143011
-0.218858878997123
0.811220481510969
-0.492287984183123
-0.235493364887867
0.903386370521702
0.917241371314628
-0.382119650562631
-0.022718805906016
-0.479373101823962
-0.218683262639474
-0.942388941118084
-0.146165898490996
-0.988841613812590
-0.849843972420880
0.525941485132664
0.896316466665918
-0.037556105342586
-0.659024171159192
-0.742344891899107
-0.544622454896769
0.196617474479180
-0.443399987689902
0.228029571583935
0.994835497195241
-0.101302395008206
0.127812714392398
0.794480104411548
0.878433044057882
0.338884258311919
0.933097164294591
-0.222352167561968
0.751072551950643
-0.659821200965336
0.072563286210939
-0.981747615306882
0.861654602324109
0.460825774797537
-0.771983656898106
0.455643495253426
0.576472151534643
-0.759018691466782
-0.425563997925616
0.495446616530697
-0.462666720117876
-0.864921960062906
0.965149977448256
0.168465567756195
0.376582689256402
0.177078945944322
-0.015268017336199
-0.988198232479563
-0.002267125964126
0.769087484070179
-0.611393059021641
0.731579026075302
0.042056733065318
-0.797114817546953
0.699019635890276
-0.631073254628139
0.860643840320866
0.308715949543768
0.322817888925830
-0.789614697632691
-0.518327278208418
-0.209488811908125
-0.759929470701590
-0.258738960625101
-0.597129444141061
0.672387747988048
-0.273322914248937
0.938078987948208
0.769499787347189
0.540807238730557
0.402864721723035
0.877209943795658
0.493510094447214
0.789442844771074
-0.553388911552186
-0.699879452441328
0.099104707390330
0.001125718165904
0.662620984438708
-0.735364185900931
-0.277707638778401
0.767564181883526
-0.375868037869326
0.329365055636517
-0.561605186056952
0.367364872591341
-0.899694276901980
0.415373357391579
0.549566134849595
0.564823346304148
-0.839647174943043
-0.341637840195444
-0.486956877922074
-0.512711418874580
0.336680139165491
-0.526828273166269
-0.142570171737539
-0.021736164613591
0.480834299123416
0.124202796725808
0.002432820462923
-0.067231546021585
0.231127580269938
-0.810636998343185
-0.019449896794257
0.069232907190172
-0.158095796710678
0.704927897806200
0.702452731852160
-0.333880050892151
-0.728168354647694
-0.199036466993403
0.017242097225779
0.311404644224704
-0.159303372689040
0.194467208871672
0.009674418338505
-0.171158726765808
-0.034282494029977
-0.342594055862786
-0.039326974508592
-0.094679569841191
-0.174060741012284
-0.208139331178964
-0.100883632631144
-0.028878817003026
-0.559419426087381
-0.289207956318963
0.137872129253203
-0.463514183629791
0.159985486577952
0.305029807928584
-0.472203811671373
0.504674171636478
-0.128616674582430
0.129738480933788
-0.260680811986870
0.684815605635958
0.567707981791504
-0.644778779087329
0.681089380290721
0.484301574356832
-0.278152202430409
-0.150977509812192
-0.010487718850062
-0.095114569534629
0.231711426373058
-0.586133564302179
0.018012930274896
-0.128967043801723
-0.095967754685223
0.043859951330850
-0.331582739972753
0.152990869186600
-0.366209152168526
-0.588229680173734
0.593122553019978
0.370414461128492
0.191800813289326
-0.570390579601085
-0.101649394577711
-0.007191160148516
0.125605958795785
-0.128326986307000
-0.914150269367812
-0.322525171503658
-0.483196037971610
-0.051099291042266
-0.407289981008056
-0.439610764800184
0.065822540440395
-0.127767659150482
0.313759022293379
0.720028083870061
-0.477814902442661
0.583151110019881
-0.167482188782573
-0.087473671534108
-0.450797043748048
0.169066901076788
-0.315376980563764
0.422474337974553
0.115669715549586
-0.177194463982391
0.009831035302884
-0.171367495854560
0.001561429101033
-0.000208199140250
-0.561802565092942
-0.182410256552386
0.024204927472615
-0.071064240872442
-0.094292732614240
-0.002080975909673
0.225003215469096
0.017535926250595
0.095002056294000
-0.004644746898116
0.218059973039717
0.474464736012264
0.593790974373002
-0.202854867715932
0.117282185045799
0.144539703166169
0.633161647008437
-0.608779364742040
-0.540860557585928
-0.593827794289985
-0.128114497496232
-0.187320980664552
0.081405424738483
0.430005580308922
-0.035077742880611
0.110011646000016
0.075258715157097
-0.635088433815712
-0.342741059502927
-0.071307703993690
-0.393073751251696
0.293634515767329
-0.475872803200948
-0.285408379819827
0.035367958597351
-0.075189664151073
-0.282556753372188
-0.128901547825552
0.098161752635124
-0.384856606846064
0.107896016108997
0.567558171962698
-0.084338477633635
0.415303461281663
-0.238423691878952
-0.751271367739030
0.161119483013314
-0.332449604265630
-0.283132711462087
-0.139318838303206
0.358275433151062
-0.008640292230915
0.111289143261755
0.016357444629838
-0.859095317212840
0.177877826186537
-0.139406832745373
0.211297064067619
-0.016024927069619
0.023895493785369
0.009003836621737
-0.032706385958040
-0.093681896305442
-0.431775442608350
0.118599579392611
-0.023352581594753
0.302113395026232
0.757268411395438
0.804345500551664
0.323152102178115
0.004630875103875
-0.004325885073831
-0.555145372377662
-0.210425495749756
0.275141182374626
0.194448389906101
0.124017794097074
0.253985791557684
0.012754566146888
-0.019061099270886
0.171835373309244
-0.037132112964282
0.212227322236177
0.012268466586850
-0.415623413638393
-0.153907169264587
0.040499872148216
-0.299883718906264
0.133435381250147
-0.745401189205168
-0.026709531498934
0.192707316995010
-0.033781655180848
-0.197392181419263
-0.329576351842477
0.847471505929177
-0.151887186126986
-0.012705261166762
-0.329291543668041
-0.547783151671520
0.194433336022061
0.230621624810436
0.589025929469066
-0.126046234628666
0.102689968812993
-0.320269989599494
0.033113587406751
0.403596497685618
0.489806818735339
-0.179962552194259
-0.382825325370082
0.735456348538556
0.204038773110475
-0.560294144964425
-0.379117816989781
-0.218176130995698
-0.107240113399749
-0.183853079915846
-0.209398980452961
-0.267487709613957
-0.135718528101892
0.223121517624131
0.123501417981165
-0.343475153795872
0.089564320948600
-0.442614614574043
0.144700051858103
-0.984499306614256
0.016589279723628
0.141059352309548
0.322205054949057
0.479486805469007
-0.680486577747144
-0.535891682842528
-0.109988640771166
0.733174716067866
-0.035047206098247
0.129564174924161
0.548583795038402
-0.279298175284992
-0.081556806087274
0.414276109783804
