-0.475235406561818
-0.574237083678207
-0.991633947762914
-0.057603556207324
-0.664575289966994
0.458091533753190
-0.379260098085022
0.062227547527670
-0.967582200194343
0.205748711132874
0.414950513533510
0.774934854376086
-0.691212915733498
-0.640767386117459
-0.441221668574128
-0.883145976730343
-0.740208497508526
-0.655779512031794
-0.996589163708475
0.081297454178316
-0.007240724729607
0.922725317372153
-0.853947227595744
0.470330402128775
-0.474174735823878
-0.618894952081981
0.829039875434276
-0.494202483881434
0.346536549738262
0.410655661361618
-0.790618378698110
0.443611406197900
0.684222262696594
0.594769044164753
-0.902490284876188
0.107548080581650
-0.088547416300867
-0.988595039213276
-0.641362389963882
0.739655396776229
-0.142873884746311
-0.206118219453288
-0.021992690459501
0.970806609816766
0.650675549417359
0.530259798920146
-0.784569181978553
0.474931682271352
-0.290238054780296
-0.933545888551971
-0.585367163178360
-0.801163533344558
-0.994052904738383
-0.081429849285370
-0.752370092776229
-0.190357757569144
0.459754897688242
0.859654388172434
-0.203504155711480
0.976124174513034
-0.366021073298533
0.565254120699103
0.482604760065774
-0.524337985880062
0.035094896426281
0.961215389705867
0.926938075228860
0.308992444738810
-0.800222506774855
0.575655092201996
0.042716212693112
-0.999054786111955
-0.273374251925899
-0.812269849696145
-0.526311248983255
-0.780247996687897
-0.686079035930764
0.410237026176573
0.614692166835724
-0.758061831709517
0.545782722172963
0.631958455704199
-0.018529531231128
0.645351237319903
-0.847908210171594
-0.505159424010806
0.849658794152891
-0.386416659117022
0.656769302137628
0.077199679337700
0.158047692187179
0.567473085448443
0.862743732221629
0.161552426324552
-0.694726170774871
-0.116027105249883
0.411713527288837
-0.770763954244017
0.857456073278498
-0.462982947495344
-0.945525247126535
-0.184928559137679
-0.337917547180329
-0.743146833017949
0.283397374619982
0.837547680331230
-0.055270845981013
-0.657290410930549
0.758523176411068
-0.616333868605751
-0.283386424285856
-0.703262030185313
0.930586428782091
-0.195519458389173
-0.561066811708669
0.510921850833910
-0.719764429231842
0.581160451067694
0.903395831308413
0.210147575347348
0.194083342287419
-0.414170457715866
0.208151133510413
0.968240250116142
-0.702491734460047
0.707813207551537
-0.780653000332460
-0.624560491608048
-0.360313876315110
-0.541875757208543
-0.240953671617766
-0.422203971311184
0.291643703081841
0.108823433187100
-0.552057900609721
0.729598287333483
0.764288429977350
-0.298494744160447
0.382223704932123
-0.796644377654149
0.214491897557379
0.881407593805396
-0.163604788181849
0.790605547058520
0.371943212468406
0.927816528762500
-0.752538447697179
-0.572338656412051
-0.975669568356424
-0.216607032102505
0.191395884309333
0.388762123634651
-0.826988430132410
-0.536473999427059
0.980955673213312
-0.115948685040659
0.851313364082515
0.043160919663809
0.099735699910479
-0.491314336960280
-0.490059386294548
0.033979163859636
-0.939597528306835
0.274409797602599
0.045389676766794
0.724771215785930
0.142406082472449
-0.520063199520047
-0.499228350922780
-0.033466332546973
-0.178023414112683
-0.743570991888472
0.664462609451591
0.746951574782668
0.610128854640970
0.759674468143154
0.221910687825610
-0.316028728306110
0.757221040241894
0.557730288956408
0.571387317519703
-0.818560842212590
0.706388242252735
0.685841748658752
-0.548484761445741
-0.736003663615090
-0.253433590282946
-0.953835335542339
-0.912207571920094
-0.331223793515994
0.355947909898707
-0.934505795028815
0.090850707282267
-0.975026489826433
0.965835890368490
-0.247818930241439
0.883337054259046
0.373085893810030
-0.205561731413950
0.958155840171640
-0.203912920314573
-0.492618887408839
-0.205472106593608
-0.899581987462851
0.889917140687538
-0.409695205983986
-0.911180917622273
-0.254446377853471
-0.914033355277413
0.363497484004544
-0.142069340879760
0.878995049598829
0.526298326684931
0.849758704448682
0.815505900374288
0.019879246019806
-0.827927877096685
0.237374007679879
0.896701750001639
0.440700863586925
-0.706832805925397
-0.432435439221204
-0.492145913922450
0.865933170847957
-0.782056638522027
0.134691523862974
-0.666635616024148
-0.000188485742936
-0.066837357102991
0.094216302474126
-0.181044402552641
-0.561885001555739
0.605036590167916
-0.697294941102553
-0.077122156586255
-0.124516371203630
0.410850844837124
-0.241854555648663
-0.114825169269646
0.313778652099840
0.075923916533076
-0.140043499898957
-0.092284862244791
0.116310429523637
-0.006424618785834
-0.012628816113295
0.369536484619430
-0.109399941137844
0.147023224806321
-0.167175406930796
-0.552459510142224
0.294814938304035
0.033965596475321
0.259428464362367
0.818123732527769
-0.204811878957213
-0.370738738117954
-0.201703464557752
-0.044347102726626
0.419670124995161
-0.377906067931909
-0.176441774780074
0.111698900690257
0.048606163127019
0.050281602927608
-0.197575148150383
0.565907628284735
-0.785398554185103
-0.216001891116253
0.101951120330445
-0.489067515832194
0.237189460131160
0.079490619608608
0.390605091183726
-0.143255098498282
0.154051687038177
0.103828880147042
-0.068569969803068
0.005918369870237
-0.072062300300673
-0.601512198134726
0.189436646729889
0.098066355790901
-0.200006891904864
0.054257396117469
0.053139340473484
0.487377061886322
0.555859651783731
0.619592386059448
0.329040418888405
0.142679932757808
0.233400427646684
-0.204453821064976
0.059229290366179
0.165528374297860
-0.029419581492379
0.001675795543762
0.007877260262810
-0.379858037510073
0.348126530154702
-0.226701437439967
0.250631185451575
-0.322956007529959
0.506656250341811
-0.158840084933414
-0.149216710707478
-0.162144359721267
0.525793625914213
0.344815622442491
-0.681381408230091
0.050458811014281
0.152707340516756
-0.229166143922184
-0.276124931064420
-0.119467416197272
0.740555082182924
0.427322314827009
-0.685850467330028
-0.352932211520433
0.324056970504015
-0.556783047545867
-0.440324762480324
-0.438173509421170
-0.210757856145498
-0.042054069918623
-0.220561392654342
0.179270925746877
-0.199111451813865
0.521647512539500
-0.247847510668104
-0.361223867941826
0.296170775836212
0.744655869182644
0.101990616113120
-0.101807580635608
0.185500322861867
0.448827027224447
-0.472936519062522
0.104127136056954
0.291442240408584
0.363359816072499
0.540492866930990
-0.242395183458871
-0.292294836703104
0.131412106374053
-0.349921172335351
-0.403606276960676
-0.792399180590135
-0.004183061714645
-0.138442860661186
0.067149522455913
0.031571630696922
0.022257378431876
-0.003113599136324
-0.689658417112363
0.317672538930449
0.842854714242597
-0.230826916589060
0.449394950081402
-0.837344367439955
0.381590216383643
0.131557288869600
-0.541490450696772
-0.183172528823384
-0.012035180444882
0.468100341136016
0.228583778943490
-0.353360064903110
-0.467832610100664
0.359595593925552
0.027847447261859
-0.006265407790832
-0.305767006464682
0.112342711697711
-0.002905323672832
0.033791213669980
-0.297907342976769
0.850577945691661
0.054679091201019
-0.159047104190235
-0.026201110556583
-0.153607849518053
0.069044163940958
0.518300679696622
-0.444704478490513
0.742227013299252
0.407397447747734
-0.769879558045700
-0.008190872715430
0.204422741845292
-0.420402947027412
-0.543974102455123
0.686875830409321
0.487294951522513
0.238630706788180
-0.832289879788617
-0.492461448831722
0.415802315366593
0.023155183771263
-0.004077135635925
0.050427756069327
-0.219304638810324
0.874019810055872
0.294908224951228
-0.259141973996784
0.219996950680313
-0.048557004744593
-0.033420027888779
-0.140563965385943
0.104300137290305
0.068719387677011
-0.390820571828391
0.153826207739661
0.048031924795543
0.158849944156276
0.181479584477340
-0.000022559895453
-0.000063145508537
-0.202642380963882
-0.002357659929911
-0.075124316069739
-0.010156171776213
0.136034548466280
-0.249032459804940
-0.072644297316329
-0.185484680204306
-0.700634991490137
0.474190638242127
0.218452690145914
-0.317508871391629
-0.199749999553917
0.017241188545649
-0.293030498612830
0.138345592777640
-0.064572396986960
-0.168056568184758
-0.350002775014000
-0.291001825845202
0.025604199856912
-0.016267774648852
-0.179573981005783
-0.549825542675257
0.066390673945161
0.503767098188515
-0.017077576843203
0.037644079838676
-0.037576280991103
0.558547221352029
-0.062408897531536
-0.063696723177395
0.180603206883823
-0.581057733109522
