0.273266528942283
-0.961938357775505
-0.698380110651135
0.535853695412657
0.633924636483218
0.703945517012821
0.019075215854181
-0.872751396351839
-0.688885338625492
-0.669849610059129
-0.696789601449167
0.655996658399422
0.833040431222516
-0.146356463975490
-0.961938357775506
0.273266528942282
0.479400527454613
-0.153346137476324
0.961938357775505
0.273266528942284
-0.273266528942283
-0.961938357775505
0.000000000000000
0.000000000000000
0.110748458440326
-0.461368417983502
0.313272334015660
-0.066788540016628
0.486590772676962
0.034213392869867
0.159489780948002
-0.226498344152079
0.120350535155898
0.263947692107341
-0.262505611434037
-0.464450459539915
0.000000000000000
0.000000000000000
-0.085496071199124
-0.859854940211920
0.000000000000000
0.000000000000000
0.000000000000000
0.000000000000000
