-0.521878230370980
-0.477119599958810
0.666704941817315
-0.333199614436600
-0.482915737237763
-0.271011485849378
-0.983831362434902
-0.160530145081753
-0.837240962232111
0.355938302145103
-0.849573295539906
0.388583325636160
0.858636370783918
0.443447152330302
0.619406792929042
0.783191435510854
-0.964669840686044
-0.091299562170539
0.213115520786391
0.910940614150143
0.858451578944013
-0.488501918322130
-0.358672474842368
0.438631987275381
-0.070710067653718
0.964424258461806
0.827607614491163
0.552210192629327
-0.888230524531893
-0.458558755063315
-0.555329232969657
-0.607560492556087
0.293865354243773
0.910729661886717
-0.351953155745236
-0.637478798513538
0.397725544417552
-0.822818224080863
0.685909003631203
0.337755339722833
-0.663923833433539
0.747644506986537
-0.154569581566290
-0.498180465216437
-0.738564225681095
-0.640433539142514
0.899089667367316
-0.255305471035653
0.151351284560326
-0.610400941951348
-0.056284203575001
-0.937817373027266
-0.947113967075185
0.174112084531445
0.425076198485440
0.349337864394734
-0.670725399981400
-0.114274789537848
0.110379088707777
-0.991643096019537
0.725382696713923
0.650423984250721
0.984947734008889
-0.092409913142360
-0.943031890223076
-0.327420302510546
0.061883385072974
-0.810180726249162
-0.892640595502332
-0.008008845090614
-0.446107835641531
0.887950012879480
-0.880726737219425
-0.359296428597622
0.951305322518416
0.206394863329544
0.069502733476349
0.997159149456720
0.381254685197644
0.826355046222797
0.215935730540365
-0.667916497587546
0.714300141478984
-0.506290228504919
-0.762133341522443
0.624524332228361
0.541426974470101
-0.839377628050013
-0.414966117375548
-0.801063981569995
-0.766772613045416
-0.464802493705743
0.473491902129819
0.871330385496229
0.455384466629299
0.463403818462273
0.145242599740084
0.512436227644442
-0.466677493125731
-0.849679301372149
-0.054028559766679
-0.952397443301777
0.475618376104390
0.085197441713147
0.242277930040161
-0.846741506486048
0.663737627851921
-0.648636324812430
-0.672093287781352
-0.208388163802580
0.323961411195804
-0.930605388973670
-0.638059574915859
0.657856668065282
0.562322303737622
0.262133690832879
0.259905981958403
-0.965596592225075
-0.195602250328516
-0.886202468984872
-0.544905524660061
0.800595451644953
0.790874092755104
0.397105719490778
0.102687233455683
0.984132744187771
-0.636635050539640
-0.252769346423555
0.607815700108961
0.058597720116460
-0.252991576996892
0.848566511171208
-0.605442946760544
0.760821632531243
0.439103051285923
-0.221030334167957
0.847219399852854
-0.344871200941552
0.999752928486824
0.009836112559090
-0.458174123416457
0.846232124710101
0.424999613502502
0.686179405422014
-0.718727856780946
0.028095440030462
0.812026939793641
0.501224023391512
0.072502628298634
0.402151630905586
-0.274410893915396
-0.635760878935188
0.480066394847961
-0.411591558509511
-0.623634286591536
-0.684772422832558
-0.673738656014912
-0.720799761168732
0.238070663419504
-0.906719907477175
0.564247971012714
0.359938124352868
0.386912325442851
-0.702627031399463
0.380569578431172
0.916504914984048
0.904424007048895
0.186249798246035
0.419213180486493
0.475291402228238
0.164783635492420
-0.961176099777033
0.903326575622840
-0.070184221783489
0.199733681497117
-0.969070302095012
-0.456184161458170
-0.721889496233825
0.142821090223374
-0.183144096851947
0.921177172302376
0.353460992099332
-0.419311185006347
0.721529307314119
-0.071913977072314
-0.804640605180275
0.830045089454726
0.406744713286603
-0.805176545137718
-0.586998101267963
-0.444891850051798
-0.868832353221934
-0.334908385381753
-0.701953239269717
-0.936497995422525
0.348905610617906
-0.178004874302744
-0.972652167159238
0.814087463508364
-0.567360063247395
0.175039134524453
0.869045714015075
0.523956881228803
0.780211061362928
-0.418052565423259
0.726249379536020
-0.326358656515423
0.766591703857989
-0.823702467066532
-0.078621590965102
-0.226985430660148
-0.973876726160704
-0.917712823958614
-0.290066120346533
-0.743547721947239
0.132131105472624
0.746966240142551
-0.540824722731607
0.055125994292506
-0.740336538685574
0.194049901411369
-0.706905054484995
0.217065076117368
-0.916741366468846
-0.989233069975253
0.083951436323924
0.896349081444148
-0.000778572128031
0.283302133307579
0.457390060023884
0.940887882623776
-0.269811827774595
-0.635957760045026
0.661732916066850
-0.942721694355621
0.237467291766619
-0.879264221776141
-0.125796533929734
0.898932158672078
-0.411353950786108
0.981170931556474
-0.192350785024142
0.801160833227348
-0.568148435879502
-0.399263735510778
0.909523928638524
-0.712568607948803
0.471917393595971
-0.048725230155444
0.995082217895513
-0.265082054709983
0.830375027742442
0.160775579053893
0.536775161522853
-0.477119599958810
0.521878230370980
-0.464466170276758
-0.478282044576328
0.001212452573619
-0.832672621877636
-0.005910321552900
0.079189588385446
0.342648555710260
0.234366088622872
-0.042358224238338
0.354166620931985
0.243014683734293
-0.083917038476642
0.025886641447779
-0.047710397298292
-0.143794372886844
0.200996683416195
0.317553218859975
0.154689771747763
0.128864330676492
-0.088434985630284
-0.180720634589069
-0.803925424254653
-0.241846046347502
-0.079977658685933
0.062358157878386
-0.078999998345199
-0.007997147257652
-0.026579109848157
0.249364502354180
-0.510193135841702
0.191087594013753
0.218403681170722
-0.673848352823299
0.125212439493976
-0.394826687913178
-0.094320983612807
-0.035602595398809
-0.643570217169217
0.014662174079838
-0.004225544109811
0.818899882244352
-0.239431517122002
-0.078851584882005
0.195320746586416
-0.112081747411967
0.337482693466897
0.271848150457478
0.728424369320313
-0.321702295151984
-0.117636289341815
-0.122455602655304
-0.240134838725134
0.735869295068649
-0.394676655702441
-0.342761841976886
0.647752290602267
-0.062933582276310
-0.022356008469727
-0.139823284992357
-0.176686255813520
-0.010611329338220
-0.145690661723573
-0.027508094537480
0.052250399626346
-0.581136772902479
-0.045361753127314
0.179589813399068
-0.413371654307410
0.106853617345625
-0.033389789857300
0.136076040267829
-0.276965344418481
-0.048110347619248
0.223840876944463
0.026516545372452
-0.011826813416012
-0.413815687968561
-0.023211613215606
0.622281367164650
0.346446550864745
0.428769386363604
0.222715795849596
0.146589034768891
-0.087371523278923
0.040860164791264
0.025149071126325
-0.431382449193512
-0.002966713551558
-0.202952157259317
0.393482939391554
0.116718399646699
0.054457259501296
-0.714169180164124
-0.260469327735602
0.842820440005191
0.077248985286091
-0.175434492168346
0.171697236982005
-0.170734265803960
0.246718129050458
-0.567979430742027
0.666279162582262
0.465610660610587
0.086815543164609
-0.359495923534477
-0.097395895547106
0.701101892183244
0.115417167194991
-0.129388195620575
-0.110821067055141
0.039056974954756
0.398219959127643
0.493080636060011
0.609877890394628
-0.008291761075875
0.001829842567094
0.377372057524411
0.184323828712757
0.232625162942658
-0.089500980811719
0.065710483121350
0.460985194300708
-0.135907090445471
-0.049672292772862
0.330479713112560
0.649297026909903
0.511730327570528
-0.604366158667712
0.437795316156109
0.155773551153980
-0.230117814291801
0.040436038826351
0.563250919219520
-0.664140424705016
-0.295140819220626
0.275998261052275
0.005109953514183
-0.019267102709730
-0.266704025713248
0.053259988814650
-0.587489710522300
0.058215050698588
-0.426074033524554
-0.548727466136588
0.093648704287331
-0.283930709170220
-0.393488613073029
0.823519365911714
0.716938095927497
-0.080663081542708
0.257861321720561
0.730504061769624
0.039789312783694
0.374945084117256
-0.017251875810168
-0.161945362611437
-0.344296645285423
0.051392496035754
0.736030596077314
-0.101625466707160
0.517222264262462
0.298488251893429
-0.087585340206759
-0.086685321500636
-0.099797133994190
0.370632918361925
-0.743184985905818
0.214556447114700
-0.210040235049433
-0.069785086886030
0.321016529949257
0.275723884140451
0.143606320992412
0.019657839253432
0.512478924033024
0.090204869513425
0.586590259139662
0.775868702718543
0.006520689877400
0.162651236997072
0.481957165899014
0.267003518804472
-0.496497123993092
-0.317604285650164
0.291233903590064
-0.246509028405022
0.062995230171752
-0.056174382448792
0.140594640187135
-0.165634328878332
-0.325961737764289
0.537444851862424
0.034387769120852
-0.007338990654689
-0.144612699444576
0.036731370846380
0.051709315576042
0.112651263078080
-0.259841068719623
-0.382888322286804
0.118098841504952
0.320612772632515
0.545661553397265
-0.006881890050035
-0.552258687877698
0.028940085645270
-0.469887325122426
0.307471613115609
0.006459808900447
0.000085904046311
-0.227066241360589
0.148679993958139
-0.086141198857425
-0.649813704082223
0.380296916100042
0.070173434962091
-0.601742638890958
-0.294565325150250
-0.465712098911934
0.495723835046133
0.317790270727681
0.107132458040607
0.037756536902785
-0.113774045931378
0.007665617470205
-0.443282027978210
0.238177782939300
-0.808582449703703
-0.135742097710672
-0.153315533569780
-0.077238312220215
-0.389488791055080
0.149578880617685
-0.180308765193086
0.452203078948533
-0.081129746364263
-0.052879760772678
-0.141112126262918
0.003184018288664
-0.017165098215125
-0.166340850255825
-0.087632161027245
-0.026793793584099
-0.112413457225088
0.213044534374572
-0.473446912505100
-0.085601336809283
-0.010471041538881
-0.455213953620477
0.181628945935627
-0.727455516418931
0.396020341376131
