0.552912539004439
0.824621092738145
-0.265637199075184
0.442721564750385
-0.907992585318292
-0.403481677206995
0.312741939763740
-0.919603522753528
-0.826941309802504
-0.547300132393765
0.626897974784530
-0.749558313401102
0.254315102783372
0.797395339587847
-0.638446576465818
-0.082686740024891
0.564908421543347
0.730001995129354
-0.746002573972335
0.615185933529812
-0.604047823938397
-0.795235306612044
-0.724296501020800
0.681825644176133
-0.399445918652968
-0.909322934506766
-0.919924207216422
0.318676625525199
0.704932485591111
0.514982194927135
-0.330915312559571
0.857590151464730
-0.740071279861070
-0.467983701093124
-0.626611663240101
0.520474828782643
-0.790958564556494
-0.603652390106283
-0.683814406002644
0.723638515022842
0.927905324504838
0.357448006373710
0.244451986502284
-0.965566774417093
0.417803107187352
-0.380275510080250
-0.316300876560322
0.583658319904206
-0.856456813673820
0.024237503985926
0.271776914780798
0.333831528234294
0.631713155601231
0.609889884905209
0.488958413195337
-0.811947447612947
-0.218774684310563
-0.732799085150421
0.638149987774113
-0.382532554249937
-0.042849762278193
-0.989477010058718
-0.995447043188165
0.087231571449850
0.155910928537107
0.953916205574781
0.926971934401912
-0.284955703483620
-0.500020522266891
-0.842119498670165
0.323267601180917
0.113904907006477
-0.366212403471310
-0.922907390133247
-0.966142377027652
0.245970160151527
0.083157291316313
0.862018021560568
0.438638885297437
0.474502484889092
0.131008317657932
0.927630275013100
-0.872694856471498
0.153583956300065
-0.549431500888941
-0.190610962402776
-0.782575586999614
0.252254534540195
-0.372030750867450
0.470368569257224
-0.614004975508445
0.262113758517313
-0.972488531384737
-0.012959400343012
-0.089743712989403
0.992587675977657
-0.951400872212956
-0.168952417621009
0.310304348555134
-0.915467531686202
0.864119746326735
0.478442525530795
-0.461563289423299
0.847590827003295
0.785641343809602
0.013825059763318
-0.201498734847895
-0.974073508575214
0.959514219351184
0.087148654874050
0.218235708133315
-0.956463050164223
-0.953327482522987
0.137656047504078
0.256446281371496
0.926663714438728
0.162216314922979
-0.780478895322079
-0.824186678318821
-0.199222850972145
0.532014194168830
-0.583720481327861
-0.060513189620649
-0.765932179105162
0.199773477562185
-0.492803621271788
0.070031579206875
-0.833298971374015
-0.344438709292492
-0.192663027681779
0.685583457047319
0.131889875558880
-0.038065879286461
-0.914203195832045
-0.831308580376453
-0.051390764372695
-0.124707409103833
0.974174426263854
0.968546646302799
0.212932456181260
0.104036283522689
0.970263003600827
-0.968945256625060
0.212592313701826
0.115377596955407
-0.946543146052249
-0.120278688808941
0.216009726516130
0.273409692927069
0.454134934499791
0.231234936529189
-0.670343575342369
0.607207246366172
0.138646067090299
-0.680928358797467
-0.323700272502227
-0.533280279298288
-0.624776375934648
-0.835653389001799
0.101447668871105
0.722830755757998
-0.562942053369607
-0.491403384952717
-0.809404035454531
0.647526279461997
0.320869424415723
-0.279658815880483
0.784017454351547
-0.828018866384862
0.266945172872682
-0.406130686910104
-0.755459161366138
-0.863660531323432
0.467850219706733
0.435009708191767
0.332781631947661
0.930489769005422
-0.361898204206717
0.251558626724141
0.964147923303958
-0.987600140360321
0.048267548400380
0.090061072122110
0.990468510122683
-0.793076352511733
0.604011419444379
0.684349275085313
0.723418554025185
0.028817967884949
-0.522808317915847
-0.401044399672272
-0.811606711119943
-0.695219255175902
0.304850067810048
-0.566743610975041
-0.385949130774531
0.364885662218111
-0.928929703381277
-0.962828700834305
-0.252521062137191
-0.376905509572112
0.901187123718081
0.908490411608273
0.350640772245011
0.038220757715293
-0.904033002422425
-0.790662699930625
-0.388543550582254
-0.395068460975793
0.816926061480415
-0.728649587571681
-0.513639360770192
-0.077641437680422
0.945639955963251
0.995771158022204
0.088197181029876
0.603527126525990
-0.796381873845460
0.656095298478786
0.665589119478729
-0.546238281895002
0.656637911819089
-0.711605549545673
-0.460932791964538
0.578203414714944
-0.724704784222485
-0.575068288329008
-0.233687118135376
-0.902365725023235
0.378557364216642
0.195500936073755
0.837391128642141
-0.181540177618222
-0.020959387162828
0.586784198051834
0.770351398070309
-0.546002625016872
0.827121321895262
-0.719232762289916
-0.636781308692649
0.098651459149707
-0.067495683051924
-0.723275144743798
0.458593021717841
0.052148122614802
-0.100162739943483
-0.236561277349783
0.023677037626244
0.026053039389562
-0.126300729857165
-0.115558624837630
-0.178346483699531
-0.541096764893347
-0.081846147874046
-0.587244982689984
0.490603915932775
-0.362618316542025
0.128388157104907
0.109214792572893
0.230431238978061
0.009762924625133
-0.051300280854000
0.022201556332906
0.100077272391010
-0.115051678919553
0.018381241233464
0.000096551424474
-0.228439602518764
0.381554194911221
-0.303776111654650
-0.371547959341411
-0.130331507831129
0.040550622237036
0.481291391230062
0.197366370313037
-0.545445040278679
-0.096785744675309
-0.024917076500828
-0.085724464878307
-0.037369423866513
-0.069297829737651
-0.080127662443638
0.080629675862067
-0.037721158614703
0.814107132737732
0.134390016308311
0.400948551148447
0.631297853968896
-0.357356222812250
-0.371740231518706
0.364482051965071
-0.825740063908926
-0.461645692166515
0.125920896735788
-0.224956815904042
-0.225954516349271
0.643112196033214
-0.039368027901549
-0.424506706106480
-0.515972377665263
0.135416613335072
-0.027595022573329
-0.026608805260393
0.027709360024066
-0.255274204628073
0.023890072331713
-0.048506556212747
-0.239103312163827
0.053907878622322
-0.194700200035585
0.794213365720162
-0.501745812038360
0.006654205388744
-0.118685072068268
-0.018300028723065
0.075714573069685
0.394664353465767
-0.307001373790389
-0.739447830327404
0.188839154740732
0.348717465259681
-0.027111307722477
0.178086638750049
-0.427902798488303
0.293111000863520
0.758866541636670
0.312928370600908
-0.475414487904165
0.632553524265953
0.490125053840992
-0.188571072735218
-0.720232752778080
0.184630513296814
0.141455589594972
-0.018220325125259
-0.079898630954975
-0.073136716701213
0.246865310650585
0.205198957743181
0.153374696209186
0.018150135897455
-0.155114107478455
-0.227417418234992
-0.129732176887402
0.576198152148963
-0.224882716276072
0.100640923226798
0.021224144711339
0.169337387655023
0.207514876475649
-0.055349079210435
-0.185709689560505
0.043029282417148
-0.265265912824479
0.269174706668533
0.055449458097091
0.595897655801013
-0.097183048627289
-0.137856882584564
0.511880899093125
0.505778577177833
0.347014881163946
-0.639204627624803
0.033218893964002
0.760900515468582
0.371840764419085
-0.544536675831570
0.064716388149400
0.519051586112889
-0.758174375891923
-0.490002058783360
-0.521994603933966
0.401814603640886
0.036449003628932
-0.218729946717067
0.508372151026023
-0.187678723855868
-0.014454962467392
0.105675055267770
-0.073552333303373
0.199554230221894
0.089130605040219
-0.102345424159631
-0.073993323835912
-0.275712650922369
0.121353273147726
-0.920482517445870
-0.302629757534420
0.737466906314136
-0.418510648815361
0.498229710212905
0.498935918717740
0.304075300208918
-0.720843145104162
0.352263620380036
-0.554495307035256
-0.310989806621611
0.478071086725563
0.016375568181392
-0.539558731462259
-0.299158546548622
-0.266676033991150
0.219912268228058
-0.234577098050346
0.646375110594223
-0.244850456984528
-0.427645940761994
-0.352457837651874
0.418818088755745
0.260223826967645
0.204860877293803
-0.471562659264188
0.035427261664285
-0.184259511791002
-0.274460007950531
-0.790376266883665
-0.008038150153976
0.056159306533220
0.053930388963423
-0.065027320839660
-0.067516707170025
-0.133258023340465
0.015814991303125
-0.103009804356925
-0.078009884184718
0.010703375026521
0.080695396917163
-0.042660500450632
0.801230365621161
-0.289604711031375
-0.294043355840744
0.306588389934273
0.257433804735841
-0.597883316014172
0.331965609969284
0.647799183135543
-0.031880214391093
-0.054145282472256
0.082138670808579
-0.049469634975704
-0.175624360931063
0.122311441600837
0.144020933617086
-0.175938033225668
0.370845716677074
-0.209133829480149
-0.409782088453387
0.236569322233741
0.311122743329421
-0.282409914485115
0.452185660790552
-0.027794132017729
0.118588080170739
0.292700782510324
-0.008362512252685
0.024313093145992
-0.027337612987996
-0.027992382424411
-0.307642854119225
-0.178566395648623
0.242585803270068
0.460002739346277
0.496282082449663
-0.186715285359831
-0.340757119019531
-0.156103724409538
-0.487702373426540
-0.613867403866705
-0.113448343174626
0.171929909357191
-0.340078243227483
-0.380660308081937
-0.807169670007242
0.561320756627173
-0.249241025725233
0.011042622117094
-0.132084610403378
-0.017467341970316
-0.276084274381824
0.031484472165764
