0.277068423347294
-0.650563670046095
-0.035833895964815
-0.579643447508623
-0.923136398151883
0.242306348459456
0.975349643717879
-0.206067558611048
0.719259405866704
0.693909628335198
0.371673543993114
-0.395316763045571
-0.183750728614115
0.906069284749301
0.749856667206726
-0.494188244333766
0.501855738088202
0.715263982174967
-0.637170973221956
0.757525014476717
-0.173423521093088
0.938315388776054
0.780229412418038
-0.603771753968178
-0.394089506899918
0.732448718506794
0.197627102031327
0.735335928508867
0.893916328683932
-0.400719896283052
-0.571234890270528
-0.662921720557202
-0.511506938229269
-0.762478706286306
-0.748919467973875
-0.041348214055195
0.735252596493920
-0.677207764387495
-0.881761126108348
0.110587035033167
0.085614795680441
0.560674171317093
-0.973383347149269
0.013162865585284
0.457188310060287
-0.880001455584594
0.790065560143692
-0.504830927930135
0.912066141119382
0.359417043080430
-0.997442244642124
0.029947980250330
0.851570207903606
0.457468094296317
0.882800338527059
0.131635036126190
0.455693300552708
0.527780114121689
-0.304042356793664
-0.714372848789376
-0.201807710694910
-0.751386970020776
0.215847970157762
0.951557237656700
-0.767803883496112
0.574400429408215
0.658777485995004
0.121011851967024
0.995184656291467
0.053364489098679
0.872220044770155
-0.194858909817653
-0.335630703255459
0.760250289722872
-0.389826581004089
0.220840451427798
-0.400439857045425
-0.252962117550408
0.292578236014186
0.379257855151875
0.487216749356380
0.205129215930827
-0.256584198720062
0.916038156763560
0.276541987500673
0.710037369103405
0.788382682693582
0.349127737051763
-0.747235102867670
0.204018935477638
-0.847193877816085
0.267207568398701
0.042428054694168
0.785395823767166
-0.503756084904511
-0.687415530278174
-0.856045380847331
0.516430193064967
-0.142821112436162
-0.984631376794188
0.771634861900334
-0.341755486430851
-0.497020234071264
-0.457835756364634
-0.451883023781305
-0.781961756000854
0.776024219572953
0.597349840858330
0.850092687507125
0.470347261591848
0.380754451866966
0.916228251694993
0.733938460597711
0.619344390652370
-0.228389827444791
0.777401273754654
0.904250648270466
-0.060486430271242
0.912506963468686
0.187021579600897
0.942565564292253
0.187850881539549
0.177109810516362
-0.526955843282539
-0.878235513781160
0.268368506919685
0.591918097165224
-0.325827980168519
-0.961493646615535
-0.122913773603758
0.208853017513142
-0.841696249647886
0.115956880563950
0.795654552297151
0.932280789809308
-0.300762850736847
-0.503661287074314
0.863369610528500
-0.951273264414336
-0.303943240243142
0.759690350759757
0.481924323409393
0.557504371217600
-0.790737776315342
-0.596699643096846
0.797155124994788
0.538114715091636
-0.418637874964932
0.497979059397928
0.497843895006017
0.002774777022956
-0.971937594318692
0.566565918110804
-0.124770680576726
-0.990410874535222
0.111876718248912
0.422530426145611
0.777755367549946
-0.496135639839071
-0.791293537670310
0.923528696293840
-0.289715623984320
-0.225499756569562
-0.817361655794819
-0.283620346886228
0.566361682240109
-0.337802136613742
-0.745153045144458
0.443318865690660
-0.814728530745656
0.026690594205035
0.750124729956365
-0.530057083073587
-0.634371711849901
0.956551070326728
0.009664125739174
0.469321950364578
-0.736152066458333
-0.599131635934751
0.065293283224407
-0.457884163379935
0.799268798205583
-0.806068308760905
0.448561987308872
-0.217280826232152
-0.794130594285957
-0.819067309305037
-0.160510614948960
0.188555137064948
0.943261599972471
0.619040728952789
-0.724879499074127
0.914052929043954
-0.370508038954151
-0.658715891304744
-0.730361595829235
-0.250851386822725
-0.966397528758304
0.963997807634006
0.227909244854838
-0.528100718683093
-0.799709133083090
0.465126222661974
-0.722166058066981
-0.351414992654406
0.660235263288116
0.093718529661345
-0.188744903463721
-0.338494609916270
-0.872538536885297
0.813446138983743
-0.311918802735431
-0.861711670215909
0.474031918769481
0.824468658210011
0.436638814141378
-0.899865337703222
-0.396254889427552
-0.145800306058697
-0.856237458245209
-0.552263740863157
0.709483280531825
0.206813003692444
-0.870103361663326
-0.365332159143973
-0.885209959029233
0.709998895951731
-0.664148217158203
0.687678797643164
0.415706018580725
-0.804543036862431
-0.589304559214018
-0.355313331669424
0.934684704158641
-0.190737641368539
0.979480496070952
0.359335400513053
-0.898294883432544
-0.464325157632516
-0.885452244098328
0.502159021936589
0.596743555668523
-0.065882702486561
-0.773035616813929
-0.650563670046095
-0.277068423347293
-0.813681618265443
0.025527039727147
-0.226685761946448
-0.194217376241600
0.038783821737232
-0.068738991547333
0.007443036282959
-0.033165282855329
0.399724940098144
0.738785087704338
0.190887146145192
-0.329903347064280
-0.206440507129746
-0.388426665953748
0.319684845013717
0.366524015338299
-0.024725894089705
0.139848609170416
-0.162303744590348
-0.251288694552043
0.007745014866015
-0.163223000378985
0.279728193626283
0.479546111442593
0.143274015986920
-0.632216068389346
-0.059343409245777
0.191873713192373
0.461747918104873
-0.144963280443402
0.389962887435257
0.070112916259680
-0.052767558238293
-0.659261359766931
0.010136333049931
0.026277708319803
0.171913118132420
0.425104344815129
-0.475277787830332
-0.672625902544345
0.036159634403953
-0.225929367949014
0.109933809630715
0.067013765849211
-0.193010396802009
0.289290738887998
0.125943428529359
0.151963798903524
-0.009319498123261
0.064227984842572
0.046196933550536
0.251827256353305
0.130714815399270
0.431566236626200
0.687296448553695
0.203507638123374
-0.449855250464391
-0.441429418840120
-0.321621805224680
0.539676461957620
0.215695762395893
0.037733477528299
0.183611164233474
0.216398437038659
0.148971684278466
0.727444700931178
0.020254659958104
0.079683624009282
-0.429045158739433
-0.131081846676340
0.032960952221134
-0.555234278154016
-0.403018739539588
0.798022949128501
-0.002219883142102
-0.880711734957976
-0.373418825323690
0.794430510498119
-0.514743595379954
0.674967313974184
0.307168973478142
-0.026189044518408
-0.416600245257117
0.495798042833574
-0.165118410262492
0.478851208041050
-0.000207992034201
0.632468127061141
-0.176408314250274
0.423960794702499
0.592231646804615
-0.174971245372085
-0.515720928071325
-0.087872748923125
0.020445623972290
0.008254579408633
0.097572601656725
0.024140610614008
-0.500711662698226
-0.192537420343277
0.689830125684193
-0.259791656556365
0.412696456376174
-0.118402617643678
0.202015072030839
-0.012226566774574
0.222644300964251
0.080903593295381
0.121363621986153
-0.028682911948140
-0.201540244531209
0.192687289817487
-0.548128761955921
0.207461337605470
0.195409272631783
0.374816452447064
0.173463173041601
-0.319788208011308
-0.141695466642678
-0.237075089471997
-0.827333475824645
0.080429932420454
0.135567287625033
-0.371890087731889
0.080492937118751
0.732796002078068
0.226819121852509
0.094737836889496
0.292374521773847
0.403044637009168
0.007234736879740
-0.594504410278830
-0.034395374341304
-0.198018167835935
0.028082930478730
0.011382993202098
-0.005715852795222
0.051623755653935
0.244791032466653
-0.361520217820285
0.219433964572373
0.125584156537307
-0.085102057400835
-0.035367816567965
0.721997578789216
0.117874421607079
0.693720374965221
-0.151394695958957
0.078159010845240
-0.221857572298446
0.768099201048377
0.271033125378665
-0.002294623419890
-0.081022430348579
0.330311871304429
-0.327808930482107
-0.336769333560017
0.119542377825707
0.250498685019899
0.020248781308477
-0.457400874434309
0.268056381177821
-0.771010984232237
-0.065848355450432
-0.203204146565890
0.537907734309110
-0.319492278076634
-0.193934238238569
0.636311142341495
0.178069177065921
0.470596856312486
0.308464939202093
-0.198815442714577
-0.213047117485063
-0.487376311015786
0.016774188974690
0.652024096914363
0.460046353132960
-0.132717383925958
-0.365920178651997
0.059434930241106
-0.381462336568218
0.268849724172230
0.499865449479579
-0.400680673836401
-0.377915444154537
-0.260378838766658
-0.083110616808678
-0.302203970696775
0.003323825318166
-0.164012597231668
0.018190764850347
-0.137131013434284
0.117730195934837
-0.024659320352005
0.050411467532064
-0.109839013288381
0.081859600208906
0.245520467653462
0.145926808205752
-0.441695544175881
-0.258918573731924
-0.625009469334249
-0.223517478714968
0.061416021289838
-0.975612766902685
0.330079829483619
-0.123065863974388
-0.018667584449943
0.490574724953641
0.118933533695069
0.136387506628124
-0.124634228294278
0.337734047368762
-0.064978728782250
0.170300327101470
0.180098541468903
-0.461697088156021
-0.436210459307984
-0.036860146010962
-0.167316539077916
-0.414914084211270
-0.277611976850840
0.076598513299117
0.029591136880647
0.232234962938430
0.019836784686433
-0.594888963892521
0.067119257004060
-0.030424392598247
-0.009411364016068
0.005326009501047
-0.033938181258548
-0.055545565391221
-0.218026603066969
0.128096731777648
0.015953417167134
-0.011043545239903
0.564975357115973
-0.269325623191437
0.630043997449197
-0.033465892015780
