-0.249723295213357
0.967415731006067
0.512758936967698
-0.650957910890720
-0.607480277991564
-0.652525883516474
0.118097948973259
0.962035995702605
-0.267840788035204
0.631341794564481
-0.873654912951007
-0.351103615488251
0.858368283391896
-0.498282277721691
-0.264466930060531
-0.884485247211762
0.563231456239775
0.499395191428218
0.984330644598777
0.066348454178598
-0.791103268189636
-0.552560463186266
-0.037433075162381
0.692043380820327
0.464827535707814
-0.712393335293513
-0.926815339456056
0.251288673763302
-0.631093720026150
0.524500266172377
-0.762748258995276
-0.600074340185142
-0.668224438979474
-0.251477314431206
-0.921398145932833
0.021758162038012
-0.396149196319204
-0.907575783805334
-0.503356954140045
0.858782118981655
0.888380037961377
0.114210496202503
-0.500281078734129
-0.577251251230982
0.069657820406811
0.974062691341006
0.515528568852286
0.560279161944469
-0.708258600654768
0.148243682290120
-0.510372001473778
-0.125842502305589
0.629044035386476
-0.749799501464326
0.340198870697569
-0.786742224477715
0.969298718303382
0.038264084320409
0.839572791716135
-0.482967370666051
-0.767389501673351
0.515833883891607
-0.858151519755742
-0.498825245314870
-0.064949406875656
-0.951522516486518
0.527833555001269
0.143020397229612
0.634193838990875
0.529340401417707
0.627102798057984
0.773683931211252
-0.916124784994345
-0.342347631375065
0.597580826222646
-0.227102782292124
-0.406818076999460
-0.289198028386294
0.769532315056246
-0.629136539281151
0.632168878021536
-0.533047078973950
0.059703931702517
0.954972855252190
0.435022179262530
-0.352426832913649
0.559526804721221
-0.732248782778326
-0.493240186854766
-0.862270387281062
0.990410631826681
0.088915604484111
0.459908894303281
-0.237905545082962
-0.487581966145508
-0.800737552776184
-0.766883822257644
-0.633546497585879
-0.220304064780584
-0.836360381771413
-0.274536167334881
0.588938390834923
-0.872885530019286
0.134590176496875
-0.138799270782893
-0.451276695073258
-0.239004305007819
-0.817393680646224
0.924275834951443
0.233192599100647
-0.681167615223310
-0.625808143646039
0.568021906134302
0.729962026815920
-0.972002775706742
0.205501815974509
-0.385865781719117
0.912805063281980
0.545419870295631
0.026098276671128
-0.923427010340484
0.197550336041487
-0.820678076801275
0.541632753145235
-0.401419610917402
0.205044824339314
0.574203766454887
-0.317984858320714
0.309143334938655
0.561955581919448
0.062973780625212
-0.996123212857284
-0.347035738180032
-0.715912065764271
-0.802440135718838
0.551626901286556
0.399246610492680
-0.883038173613803
-0.015428319842878
-0.733205279408702
0.987353681087212
-0.108340952294085
-0.582862102372164
-0.586207922631703
-0.146750051358145
0.710860154440314
-0.924784907926688
0.052936773761312
-0.964844428358207
-0.253477096269700
-0.824368532073984
0.311249178957736
0.103706011583183
0.762430968563262
-0.216329090158799
-0.820377349204137
0.929569430119515
0.364911075766971
-0.844642788236011
-0.168761305722940
-0.316448847578157
-0.908910742016187
0.712833720749004
0.656996615112654
-0.239779139870795
0.293533293701648
-0.227002191991337
0.713742043372796
0.891308874949157
-0.361294053511859
0.128414796295867
0.619164969032108
-0.298221773102196
0.792187130974261
-0.430097956548322
0.735605467386159
0.065298036206718
-0.975875875489589
0.470862600035662
0.458693286961597
-0.878292552539396
0.058571412881922
0.995276403273800
-0.058319277171651
0.747901083892801
0.318525480049025
0.146504159932386
-0.538146261830535
0.870738786988403
-0.420592026048770
-0.856868899045563
0.143697224428524
0.092626747206635
-0.983080686457955
0.301815928478889
0.369406615868921
0.311292356047228
-0.548582676337010
0.237353484184254
-0.853290364646169
-0.247775725083941
-0.963142920982238
0.242474799637705
-0.948216271666644
-0.573547740765989
-0.522414311770234
0.090899621390140
-0.468506404198333
-0.841098308028163
-0.537688817539870
0.594398457964410
0.622623958636239
0.905168108370041
-0.340779365123029
-0.948754598903556
-0.197003852264430
0.440910298681240
0.452176683694388
0.559705476949452
-0.694273092130989
0.224054188233585
0.965839927776194
0.917023296053600
0.103750677611040
0.632239635712489
-0.701898805916281
-0.361525384431864
0.929783793096804
0.724533373425060
-0.636564535564703
-0.642348493127534
-0.285538603204991
-0.267754924433554
-0.806536363660951
-0.524716214609101
-0.802314391813770
0.091441214167642
0.661949261604513
-0.375105323308519
0.612080196410379
-0.203199882750332
-0.946349357821808
-0.332144157145187
-0.850019415220201
0.432774957579952
-0.258375857635548
-0.971281652905256
-0.210365306417804
-0.270487015609417
-0.731806824876328
0.680514305179550
-0.659741465100327
-0.929128587964278
0.356149786411339
0.617616641280552
-0.760270770584621
0.479426338649279
-0.397322438482727
-0.111342833631424
-0.546692545105213
-0.041623426639985
-0.003545360986494
0.298286963645713
0.473663338382407
-0.080040265121856
-0.445837682516361
0.241461446651993
-0.047286226340584
0.268230356025844
0.676551052624287
-0.247346699771234
-0.228632793754364
-0.029116084997757
0.118620889263811
-0.335224886879020
0.188062132249037
-0.656668521704648
-0.046488945811096
0.151985484471773
-0.059928934929198
0.251938336071098
-0.073209482997643
-0.703449317960926
0.157587375785523
0.517044092273955
0.095375597097934
0.277342827231229
-0.030794239244154
0.499823806378759
0.277121543561142
-0.206824681188737
0.123892820220621
0.693704089712884
-0.094920468775995
-0.085669408478664
-0.378434659495112
-0.136427970178937
-0.027557573525920
0.094804182542150
0.011713915176026
0.168708212282858
0.411429714310042
0.035716729068575
0.644378887361716
-0.056048140521309
0.207865984080592
-0.211927047352801
-0.612702604848585
-0.046125360004138
0.688669744089360
-0.506084115248334
0.683785750815581
0.096870890792099
-0.180887643761791
-0.496946354766528
-0.135446377154265
0.099426099119856
-0.221608450561682
0.156505730065820
0.193302878246708
-0.181623737561257
-0.334726119245431
-0.093960208209372
0.076946884606984
-0.110836682028783
-0.279466822865460
-0.694313678619100
0.467830546109828
0.563531067841659
-0.005445143725937
-0.090297709712245
-0.001256532559662
-0.020229733836250
0.207615595463977
-0.118287218490630
-0.759822095195965
-0.267574094673599
0.824176957008351
-0.052340701556776
0.096268800688777
0.487515659167090
0.280270946273796
-0.216817640192713
0.193526218306471
0.285270242743470
-0.777927965558005
-0.255060497909273
-0.292721057193355
0.107059103986040
-0.041740214941337
0.050829161159694
0.092721044103818
0.166745351731955
-0.839095196169839
0.206142678366547
-0.280336216032741
-0.102360665136431
0.005507521130064
0.334323672388762
0.374426378510943
-0.743999444631390
-0.155712205732334
-0.031208760409572
-0.467955499109893
0.341190049947630
0.812818218749204
0.462639328575557
-0.246392704199020
0.134746561049496
0.270515724006632
0.031995311292418
0.378617415569582
0.281088915861324
-0.255921032621888
-0.031404391614469
-0.109514254035228
-0.120344322211697
0.058410264992403
-0.516583957411070
-0.659527906905395
-0.143519804996628
-0.296071759675355
0.178817428377470
-0.033849405999845
-0.891942053846569
-0.035472363362853
0.197641830847247
0.728088848401846
-0.362308466564024
0.676290542199584
-0.038275668132394
-0.048039785487338
-0.382885642603943
0.469504733955622
0.096378113638131
0.206176743538353
0.233699300070062
0.078932661792618
0.467728923409124
-0.493357516817749
-0.034063823653054
-0.110610137047547
0.314798752355344
0.466405174261224
-0.567355103800795
0.388909307482688
-0.170413608756456
0.336050255178258
0.012273487256772
-0.068366309271192
0.468696167835937
0.062164090761686
0.637039572669022
0.046094079781082
-0.523562723968791
-0.077876849796584
-0.014995189550637
-0.050157010080473
-0.124178784859044
0.492623397092055
-0.165582979584882
0.215229335328234
-0.163875426489084
0.182670136822271
-0.735422442575691
-0.561692086936863
-0.051906967404417
0.660566398697384
0.205409978490595
-0.181223169242598
-0.647431766314915
-0.425413315708511
0.194289392004454
0.495736780682139
-0.330949358750063
0.405429236818795
-0.197579919913148
-0.066065250715393
0.639934485192102
-0.397960720481233
-0.042013702853553
0.472658894467650
-0.063199247881634
0.045051060628364
-0.416663849811879
0.406911198582019
0.570383671985898
-0.602990546138338
-0.166735354086369
-0.192654182814306
-0.216257408064363
0.445375718912995
0.124067034924349
-0.097877578946123
-0.685624357370378
-0.549877384558734
-0.748110694915098
0.206117695608936
0.243711669902747
0.395175276429101
-0.086786116483386
-0.058575368600304
0.204808083440015
0.012063276706246
0.504448864648874
-0.379021924002194
0.819036691405478
0.318461781361351
0.057399636116173
-0.012233294669404
-0.391614130851399
0.325066534449755
0.188186237147927
0.170663587341445
-0.077400335160771
0.234655878616598
0.775328543140464
0.000073699735594
0.371188596733272
-0.258715438794915
-0.064111390725374
0.113325567404379
0.128511569138009
-0.363027337796932
0.287317620616896
0.158302540000104
0.065510834320830
0.022579306732084
0.260747342453878
0.042986117036049
0.100214929633501
-0.704139962887409
0.525437025766965
0.041500921523710
0.118033485140729
0.258906560751809
0.696396007474505
0.261714119195653
-0.067472781004719
0.692893392529712
0.229311449810288
-0.102708128141865
0.306829037064823
-0.270191033598259
0.601377204952697
-0.619913872764635
0.047973361505111
0.100284321662350
0.263419504408947
-0.567367350266195
-0.233713131149322
-0.216840153112029
0.041565926237196
-0.090275525158858
-0.160036893997158
-0.122172960869988
-0.589487735180134
-0.514576987203744
-0.799891276339034
-0.221142444053648
