-0.265649847601226
0.960004092680225
0.679557968587504
-0.733364816988692
0.973914970853653
0.067924253821238
0.892462064052933
0.450547912360382
-0.578477429435706
-0.814996358853971
-0.383898291595151
-0.159242548166627
0.487969560183158
0.676382174767490
0.171295758442947
0.603138321048769
-0.887125206183600
0.332840951862887
-0.066719804612699
0.831275001568566
-0.175173783799617
-0.983070547658621
-0.198836477497344
0.831978198187549
-0.754167914007786
-0.450110918510981
0.527257108753842
0.421986642401909
-0.887349615944228
0.407718017660251
0.712605423809869
-0.127270877081252
-0.084011883535644
-0.890564139338921
0.085765337695159
0.021601096192038
0.002610113469999
0.019240577954963
0.164071695588642
-0.141267137001587
0.014658112273459
0.017412140553581
0.028441417289295
-0.018327151191701
-0.499040545411690
0.760409394075932
0.546777319120068
0.073671061396778
-0.736764366515508
0.253101159726561
0.123251252185319
-0.295016776050893
0.475831576674986
0.279489982072024
-0.048194586630316
-0.023742906625706
-0.440821588031124
0.271942384491209
0.017384234686818
-0.477837531910899
0.639018946536910
-0.368214612515256
0.090575027203943
0.195378713287379
0.633400189303459
0.273495583134479
0.418861990398651
0.156179864731666
