0.597289828869642
-0.406229368751312
-0.341616034841035
0.512961101448471
-0.874988895799236
0.249797442741396
0.623953556956952
-0.580424081605262
0.183535512168430
-0.950763878024110
0.159479937637467
-0.947535233096652
0.817297140822426
-0.502789309037300
0.549759880975220
-0.831957304288347
0.164459002977781
-0.705268088650568
-0.777528683378967
-0.332206561856054
0.706242275805116
0.129581191886134
-0.997105651298721
0.073263621297431
0.143420873248022
0.798950490701392
0.176030744251004
0.984369204720673
0.674045324847344
0.316416743418425
0.557565997205752
0.829430836482439
0.574231514386751
-0.174645927446426
-0.456421129034995
0.736837407692564
0.844989335722400
0.528870500872681
0.685637255197475
0.090133870315532
-0.677396431083757
-0.401626030400482
-0.148666873580891
0.387161246159241
0.015766822185954
-0.523011712652414
-0.173118236084612
0.179980110991688
0.265849027132113
0.077893685909271
-0.204872786060799
0.193016672474087
0.062836212648388
0.040776555658679
-0.385216992418466
-0.571977296947004
0.526075936395577
-0.091280096013677
0.183513144163672
-0.671381775515349
-0.004156180616582
0.019886882742698
-0.475801232471722
-0.338705998918190
-0.005374597289199
0.001248831456588
-0.210961877134368
-0.633275951644984
0.032398285862505
0.010723680579354
-0.721111540614117
-0.346056518367464
-0.483912731157268
-0.120742934448511
-0.041825845784434
-0.067376660992606
