-0.436253792086587
0.871852995859386
0.018362429572557
-0.772816757618356
-0.918481461583803
0.221312929730984
-0.400574707578440
0.716352116835238
-0.854145434384174
0.514300014185472
0.438559635612356
0.735240550694471
0.837018795107675
0.546833081317313
0.985194188916452
-0.160539731827335
-0.612778704422004
-0.721284248817911
-0.526420590793786
0.421968692608300
-0.953860132903474
-0.212253526963454
0.229983259969034
-0.697669517815679
-0.252060618291682
-0.956014966990581
-0.031246186107547
0.763202637928515
0.312187947885444
-0.487500393034591
-0.036792867563850
0.986832071437080
-0.703093139222882
-0.598712961531551
-0.727096755041714
0.598444807405829
-0.566046407422142
-0.821326584854409
0.571313411390359
-0.804972746431723
-0.833752185689002
-0.094635594284459
0.188103842777701
0.119045902211494
-0.614760475753913
0.156482068542269
-0.085654957343909
-0.316347309366119
-0.566771009264531
-0.071764694741813
0.019811893334414
-0.074421510411973
0.197016725532983
-0.477777341955759
-0.008852533552536
0.017168298203648
0.002887517087286
-0.060092153191013
0.234781905318280
-0.221650059213145
0.693292272803872
0.253317209279600
0.046815696445996
-0.207141443741272
0.449369532925676
0.508362043157251
0.105470801677652
-0.106661790674479
-0.281676205623466
0.580692624800983
0.735654458043818
0.351702388883629
0.154977231832836
0.028121260516953
-0.321446101168142
0.209464152817690
0.270159241148817
0.200519589363997
-0.027299811354956
0.065336252998338
0.159361510695348
0.014959023249364
0.472621597489813
0.269314356727257
