0.404582404654455
0.908225841042575
-0.138284281100201
0.374425623185039
-0.575156168995540
0.445280748911913
0.479568900042942
-0.864174512065252
-0.045473873657173
-0.998529372569718
-0.619787420884140
0.748890515788272
-0.122498554869514
0.942702923634423
0.780701278363419
0.222371888806622
0.530646468096627
-0.298409308608886
0.577101542958844
-0.551487928440916
0.803867803574257
0.408058998299117
0.987785235178391
-0.055077969064518
-0.318422520490590
0.469455299533642
0.516650367873187
0.223525952244497
0.812564329114040
-0.267135298996332
0.945384623436158
-0.263057483268463
-0.349812775494553
0.787943556122653
-0.638448934143761
0.649334695351498
-0.628626304040446
-0.755758439431149
-0.835736751504931
-0.133794872859088
0.022412633642121
0.897281199972834
-0.695396797498702
-0.683231721348953
0.875916712496272
-0.436964436104934
-0.105980961042414
0.014385249495695
0.357027714935362
0.844520053682048
0.621664634459751
0.290608874910668
-0.150721912580039
0.022338036543120
0.024394302977892
-0.016617367792767
-0.229426828732717
-0.048886383930595
0.310104143707016
-0.011862625414721
0.574185845832341
-0.106615531120463
-0.304349676740845
-0.732623699248042
0.258454356738961
0.544073726052930
0.099769443666042
-0.421106241219944
0.081492340256337
0.120854230239755
-0.637383204365014
-0.521499253093986
-0.717633716081297
-0.410012677356494
0.314319428419968
0.411802428355315
0.033290116610982
-0.189579646594677
-0.050572999792186
-0.504200700274806
0.408695825394231
0.060951900780872
-0.182357218415622
0.020099651458677
-0.356050022791738
-0.396069937574928
-0.403155104736683
-0.178465917063425
0.191775533564248
-0.113313078226846
0.172305518642773
0.110194385494295
