0.929404094714651
0.196269905078496
-0.843866766497717
-0.249308626097837
-0.578602411610803
-0.302439247410293
0.716772970215876
-0.316634688597357
-0.721197653818256
-0.663144096056618
0.145791757139551
-0.988588940891611
0.922454392432958
-0.147151733098125
0.081655674418578
0.666910854071942
0.928196232129551
-0.370119512154679
0.723620518952164
-0.681983118282962
-0.704957240978195
0.568118442190530
-0.999688642519645
-0.001593702050038
-0.932382602097870
0.184763835066359
-0.295761599800239
-0.456513527812283
0.076703233065401
0.810717014151948
0.926489139815707
0.368937746073269
0.500655814383107
-0.812549455412054
0.416226824009920
-0.493853519328326
0.502759228845913
0.861341345162792
-0.032308600942427
-0.861461199187103
0.731521082456135
0.257721129848282
0.210095660889236
0.964011025030440
0.778004186125401
0.599141076262728
-0.189936509897591
0.472532429580748
-0.064420605504652
-0.305836784371226
-0.023195683926301
-0.474548258453328
-0.080067153076043
-0.753219092895524
-0.294378939790346
0.547101474091121
0.075038956708741
-0.185696006872408
0.023207829749448
0.029967751588776
0.051653395865717
0.353208420090604
-0.716074857937663
0.189206398902987
0.008227438166981
0.037357872585239
-0.102790388853959
0.026580197284817
0.212204447141727
0.367758068094625
0.021521778468233
-0.012525621045303
0.009029888030204
0.310553489239678
0.287920304960511
-0.788176612821919
0.509738213192668
-0.277527459926060
-0.022746926296994
0.070607298985065
0.026615432520994
0.297319284247899
0.215299168868908
-0.732468566087309
0.049297902067672
-0.053795555347456
-0.258588331034480
-0.435858729008681
0.289643789196878
-0.560859341128954
-0.162762211400432
0.007142789043364
0.069981358902592
-0.175619094953366
0.570251400316969
0.644554548226116
