-0.717873858933992
0.021359179139376
-0.872565159948909
0.190096530409681
0.561579768389945
-0.598443183207344
0.331374442203924
-0.748510404782015
0.037526272334105
0.244449862595680
0.597066522921996
-0.143599717613679
0.736867966962473
0.307542759434482
-0.865132344152292
0.376922996580410
-0.748730902951154
-0.475897633618511
0.623033571489234
0.524965299534198
0.968689227215259
-0.055838094531642
0.288326314570693
-0.944830291980046
0.298665201873282
-0.258596358301152
0.364429283929331
0.687632084109513
-0.385049610869566
-0.797810115626652
-0.450740488404966
-0.857909954877238
0.295987631050232
0.877901858947611
-0.727386718567827
0.649937938126222
0.303961009200148
0.071117679355688
-0.048731436677528
-0.997289130291279
0.822571291431215
-0.105174696427584
0.729626148847562
-0.083396171060063
-0.548112017908078
0.818553024792878
-0.296302368248088
0.902931815815777
-0.536467670357718
0.604529355999269
0.583313226624450
0.379402935901507
0.106661490848603
0.437168934325724
-0.556108745236813
0.131289693726867
-0.564712710488475
-0.104989083241367
-0.722508266106939
-0.645614319054964
0.769844123051144
0.173869820586337
0.121606712115356
-0.589622640298444
0.291150764206445
-0.157182423484334
0.229689186196618
0.400207889760541
-0.569444029285055
0.109426233572852
0.203445223735593
-0.130894343710314
0.061502628871066
0.142762328101394
0.115278417273658
0.911393387716992
0.287674055685530
-0.558208788540095
0.458139200163858
-0.073104649962937
-0.246624224663483
0.000115083115341
-0.233005645532457
-0.295614643533781
-0.091647206779356
-0.200224942814092
0.872496767440268
0.375898086421534
-0.050718251564408
0.021617045137073
-0.313574280916579
0.462586126134582
0.067872266107683
0.675340001083753
0.150785418161969
-0.082510115118605
0.199648952736194
0.238870965647855
-0.120130549475935
-0.576467993455562
