0.668122942284916
0.345781168721065
-0.759414634547932
0.630973462135344
-0.216730454937863
-0.889148317222182
0.134320361569024
-0.810733520438675
0.815921232315056
-0.169881261424714
0.903837514096828
-0.035564350919477
-0.960997392592672
-0.211495773272942
-0.013792746469512
-0.517488874864573
-0.609460594307857
-0.785195007147598
0.426266449783576
0.890832485588856
-0.228937653909294
-0.576086139867430
0.169894421432422
0.741411971971536
0.337174625789474
0.811151555597895
-0.049678529087394
-0.998287329981753
0.994138529719186
-0.079102152056303
0.330055017689231
0.910413985502271
0.618611433273675
0.624782919582413
-0.422326504825227
0.856266029077001
0.684035755537701
0.701841292984166
0.816033729296387
0.502741113886255
-0.678686975374823
0.202608669945438
-0.478077136525731
0.875391115823765
-0.686878459134223
0.708552908605474
-0.933791885563290
0.317076494860632
0.893063619516041
-0.412344794765787
0.524000602080522
-0.468482158379581
-0.247256353118152
-0.426395842103388
-0.776129145824591
-0.472571950607859
0.274657540211831
-0.252653039934495
-0.708152239743777
0.046850383433057
-0.590322393926933
0.659448579153299
-0.657912558287600
0.034614780049955
0.141080990793839
0.072512460667097
-0.286782160143381
0.283194584176472
0.568289715261472
0.041424616269966
-0.494802950938661
-0.246136018121328
-0.167651449402106
0.392053461365050
0.147057451633023
0.100636252101161
0.765955197472619
-0.381218651171355
0.090363305203875
-0.062137410704256
0.081574297762309
-0.134387612349774
-0.776244687355383
0.114701767325950
0.618006355177728
0.198777056883739
-0.469972537279383
0.086442118079223
-0.024550279091149
0.018754581897814
0.046361148389846
0.057289416019115
-0.107531480984561
0.225048974441787
-0.475652183395514
0.026855138283885
-0.219778072918629
-0.200365689265865
0.153479752448235
-0.126324384806377
-0.254328233621638
-0.129063839404904
-0.398105623661838
-0.582962802182381
0.059726193698433
-0.039565485646945
-0.119095845999024
-0.109393498663742
-0.038964241194061
0.161173815401950
0.027323686703366
0.177939759107975
-0.275206836640714
-0.655903219511439
0.154799983059653
-0.856205493397692
-0.384154142965425
0.163477505922908
0.136018800391490
-0.917730114443623
-0.409985504693567
0.572920005637096
0.081355089798503
0.458288546709328
