0.188550226078929
-0.263904621019755
0.968878916082094
-0.153546358947064
0.020338765232279
-0.601879800251705
0.704295701221576
0.709906729958808
0.617966808061955
-0.601172405906269
0.826664085287506
-0.237036146115268
-0.692827476004209
0.042866692178534
-0.492735305174526
-0.153850400683474
-0.835916249510715
0.430895487887785
0.121046021175667
-0.902497011304054
0.412321565993205
-0.900011930780400
-0.764976275295867
-0.406540032725488
0.895669984556695
-0.440794311361151
-0.947664511640578
0.215756950600215
-0.995036193430221
-0.098048808306499
-0.418214154741881
0.806948270023322
-0.242898674460520
0.900752834429466
0.182753618771737
0.955351282483455
0.651315427635645
-0.350961910093316
-0.709906729958808
0.704295701221576
-0.012213348288303
-0.520513298734050
0.313009752956063
0.774107632515453
-0.326399892933250
0.729346332140292
0.581115928730379
-0.428747185538028
0.499248696567851
0.818908177750623
-0.847879847770038
-0.310402043648047
0.910631632240408
0.410704895438553
-0.508997741902641
0.787549571247169
0.433765641358623
0.893244554730273
-0.237771742990168
-0.438923465052930
0.095905548047895
-0.988889322216814
0.576675347676088
0.552972097125847
0.919580182353542
0.221755386569597
0.005728602945654
0.194073039688608
0.755439169028943
0.258144731835949
0.000000000000000
0.000000000000000
0.506662448889872
0.001387586215546
0.228561690467066
0.456289282343372
0.271979004819469
0.666468270912216
0.018315112062104
0.856274798130982
-0.029897185253452
0.338643264565839
-0.353221783533759
0.214665733134147
0.024581966359982
-0.139158821494453
0.187415467153590
0.463046372081266
0.058535286920553
0.007019545639645
0.194816785565399
0.132012619497857
-0.012922398118020
0.011064202657680
-0.386270961762077
0.157245522604947
-0.244584002775190
-0.264240857550589
-0.166859054011795
0.161440694923369
0.068455900034128
0.669274040388513
0.000000000000000
0.000000000000000
0.601049932320291
0.606346203766759
-0.407934968225320
0.369284889393964
0.582649654015354
0.148446685252502
-0.647441698595749
-0.243514630337688
0.226055128438093
-0.170408961898409
-0.376406689818642
0.207529127845576
-0.011691172308948
-0.043986767510466
0.347286682215250
0.008884363924155
-0.078716372668464
-0.088120749516659
0.086272774815737
0.862187797632824
-0.023197224929026
0.111184185093003
-0.585949834248289
-0.135389050248934
