-0.841744607689704
0.297932324073077
0.920074633592578
-0.071781495460392
0.943763394200601
-0.280762848661257
-0.216408433461891
-0.384508196643301
0.291455961062871
0.934579208430145
0.079874682583479
-0.512301402855448
0.625320754808443
0.260986176607395
-0.016811438873203
-0.915717471950134
0.720265844706407
0.115462699462247
0.067186740837116
0.993666873610464
-0.454720499037811
-0.439918713840766
-0.999368298056610
0.034866730566101
0.701620125137694
-0.206441977326125
0.207056583766729
-0.665565241710349
-0.089779754836720
0.567365032791351
-0.466554838851732
0.420814197438134
-0.223283313694209
0.956359503399339
0.940960711891376
-0.286915865753204
-0.862944923340685
0.149975683677682
-0.018922390722920
0.803495446616231
0.855791878255346
0.280060460941422
-0.876717128436487
-0.456532771760515
-0.803846501484262
0.560769218897579
-0.720040395205650
-0.518396322605861
0.409090262593673
-0.829286028907704
-0.437736828344498
0.895190687099936
0.635787434208570
-0.293073182455173
0.579315013366518
0.811425236817269
-0.512613327909699
-0.801279065706780
0.169238598826524
-0.973203652541365
-0.853716390609662
-0.134729284658550
0.654754386824659
-0.357230848422799
0.473263956402991
-0.302640355959789
0.811628573226347
0.489484524959282
0.825783514695179
-0.552830571988774
-0.656972118874141
0.753242303922531
-0.013422315484734
-0.953666260869122
-0.671844586746697
0.141538516592694
-0.510241426512360
-0.495820318108483
0.601189437161983
-0.743829906945175
0.323074758806226
0.942589184213902
-0.124060564722167
0.432794780442809
0.280549501897967
0.263822028105606
0.101185489659033
-0.142282730016816
0.681937073832329
-0.583337521486222
-0.201409406749671
0.032394085937827
0.706273300968888
0.482022128177783
0.735300725519987
0.013892885784970
-0.298913527692315
-0.268010428996343
0.643692590176409
0.231398632956727
-0.017570008776800
0.088336747373192
0.617124840249754
0.467822321521971
-0.003615702345969
0.005851720739388
0.159759182188368
0.663014263576547
0.499348565400925
0.514588661338291
-0.522906252406673
0.629766279171199
0.244137851934250
0.738673610488058
-0.154148334351392
0.108440550995441
0.076713710689055
0.162441470223217
0.074029550523799
-0.476815456162229
-0.526167687546202
0.277821120468900
-0.008764013178919
-0.434867326207046
-0.010662404839716
0.151100026928445
-0.154462720417818
-0.124538962536382
0.088513893920661
0.452738746479483
-0.256026281062078
-0.281745244352150
0.053635744724765
0.064368546109605
-0.697017144419670
-0.155079168856201
0.071189649737818
-0.030252836468609
0.300143158057171
0.071368897853911
-0.138894434520266
-0.070294262971285
-0.032201776598150
-0.501975487293682
-0.493445147326665
-0.447431224266655
-0.499014515290700
-0.659859497198841
-0.285082668316987
0.142799969093894
-0.002778772811142
-0.111589533352846
-0.027207128239708
-0.016535984290242
0.297631321756304
-0.041905854442210
-0.178924883714506
0.704682613356999
0.080867446891647
0.698051828200930
-0.287976186724750
-0.048559716414561
0.084412317807779
-0.004784415072695
