0.517167311232523
-0.297959948963943
-0.021949659054986
0.957891915583507
0.741324380930560
0.666929775064782
0.170179033168173
-0.664597817841607
-0.704128386806375
0.435281713726434
0.900630438171260
0.246243279649623
-0.441757305898040
-0.784641768829204
-0.371525578531127
-0.146136926996341
0.836890705947037
0.512474665329343
-0.889247955981614
-0.051779904818023
-0.324264456645598
-0.625097861226125
-0.782839179687465
0.336356922228394
-0.084829121923889
0.690045359868614
-0.749416717866090
0.621381547844154
0.053838029244128
0.996499146556821
-0.882539698868281
0.457944633304475
0.566069803555730
0.496181244363325
0.413360818280198
0.852342502078593
-0.175855378208983
0.966114308625924
-0.844150264055645
0.355308220451743
0.194035928982946
0.961667882217293
0.630354266671456
0.662630021277238
-0.270006291796840
0.554134989180334
0.008497015327587
-0.171745838175657
0.510018346801453
0.432956406819471
-0.895612391535170
-0.131774523031432
-0.664182228069407
0.744825151501986
-0.899117494108965
-0.308559307225120
-0.246946877041900
-0.773199099376131
0.212565472680421
-0.891250245583688
-0.803602136336440
0.473622860477665
-0.860188774396616
-0.316510515738251
0.485681191692015
-0.568239903861396
-0.325767681750178
-0.236812400465595
0.524186348880735
-0.074141045419550
0.333675237136898
0.880472209943040
-0.689896024355626
-0.084270422159703
0.637576152548451
0.746095519589845
-0.996492855479524
0.053822760880753
-0.450156508148336
-0.888066251935801
0.367899554440328
-0.724775753088519
0.749551155668847
-0.143837872714167
0.965095317372356
0.188327650943183
-0.480747551109776
-0.172769338473875
0.891823765433908
-0.253439414057438
-0.632670774298902
0.703318507994871
-0.521403595953027
-0.283381217280582
0.405835354671212
-0.871108652601824
0.212786486420151
0.773614731118077
0.191197485907216
-0.213084048933487
-0.074319507849575
0.010929232496332
-0.260702644754140
0.679251770854016
0.324420482500548
0.457694652713949
-0.059812301595702
-0.353060263474476
0.362655343121879
0.240143455874684
0.328602573901041
-0.855939887778802
-0.010838080620321
-0.192005728309121
0.320374548752923
-0.322361695539217
-0.684108884831899
-0.190000683527496
-0.522806434565439
0.026462645224422
-0.694466993641021
0.185356456970394
0.011879325924325
0.228294626737479
-0.059181239961262
-0.024258985042316
0.106334505796670
0.010166888712506
0.581010902069407
-0.309508452099348
0.293668680833971
-0.128077316330273
-0.188054100389241
0.018267018093336
-0.119919871482549
-0.383126121006921
0.177154735339766
0.078492944409858
-0.399855982464117
0.060746577507484
0.307275818026755
0.724991439819961
0.881519154079450
0.439721671959564
-0.653560379242348
0.353961673637816
-0.401048847372464
0.140263114287787
-0.061455194309978
-0.017908676643595
-0.307670212200268
-0.041447873728473
-0.581353425505360
0.056644393335760
-0.374303649783725
0.142778490430970
0.165997564037454
-0.319921554825704
0.118593276895322
-0.381879562826271
0.252210749859244
-0.614497298083281
0.021763244725855
-0.915052821257790
0.389969572527749
-0.753429166898724
-0.049970859957240
0.333065214026904
-0.185911512271631
-0.694535010731786
0.178129487452012
-0.071470350842558
0.024516044175605
-0.059195126213375
-0.084709922501202
-0.039008708953725
-0.454578075825792
-0.364292188436834
0.425516867871835
-0.486229499891874
-0.047974677359213
0.175562395200264
-0.204722612870068
-0.834937841737279
-0.368261631748014
-0.069297946519358
-0.206146508883303
-0.250148724832094
-0.748876801732675
0.294986290607661
0.241141963624056
-0.135343760996439
