-0.457896525132678
0.859568943277367
-0.115805394616213
0.975024115324777
-0.658538476814048
0.718053503087383
-0.890133856759701
-0.011672687985918
0.747143205020120
0.097761311024703
0.863750077701167
-0.240597980867763
-0.211577176683359
-0.846518787931329
0.457588948412844
-0.685202176162848
0.435161291717258
0.883242853384183
-0.082656173304957
-0.964520896347460
0.654366842278696
0.748156708587225
-0.863351424372490
-0.176385206048155
0.323966682587012
-0.760232425726845
0.601237215707170
0.483674538683761
0.106895538488495
-0.991111129258662
0.638816474303561
-0.692121238486202
-0.272193067272262
-0.882149324091354
-0.578502847218990
0.548786896502008
0.108913892185975
0.991850610158606
-0.515086493858304
-0.146060181701830
0.902824882558664
0.254830848604919
-0.741263763033699
0.407407822514194
-0.991544074881489
-0.107787565053603
0.123865751625412
0.501775958868617
-0.257834111409609
0.805339169775284
0.826667351568036
-0.535239553595251
0.613214877544957
-0.252995155162108
-0.334792911303186
-0.936509050903634
-0.795577638097144
-0.443918323553329
-0.559959912946841
-0.797654266315578
-0.219475133402999
0.572142990182550
-0.942130611433597
0.330686158474597
0.472034950397581
-0.574105139980823
-0.558662576795469
0.817558325949217
-0.490288743649360
-0.431019683006287
0.939110594509127
0.325631669156845
-0.842205228825057
0.462906892632849
-0.970845752504473
0.129596767736564
-0.318976153906590
0.142740187664115
0.090748260225145
-0.897968733291651
0.930807808691559
-0.211696622224222
-0.561592066820580
0.229830495079086
-0.701222313386867
0.031935534870528
0.695856773989748
-0.635833478844612
0.029654906937075
0.678358782054075
-0.828254330386889
-0.543368336136065
0.594890306554648
-0.142253276890175
-0.332386785157316
0.941733429459764
-0.839556863484938
-0.463393486854896
-0.948807838787973
-0.153123267425876
0.750764552205617
0.641759229776481
0.363276778055810
-0.391621285130943
-0.086044761723847
-0.209924517396934
0.188537566382136
0.019252822536493
0.050068460001312
-0.219589140379179
0.139554178847882
-0.433647433488747
-0.480054336286087
-0.449185475579875
-0.206424169771954
0.391710961051057
0.408117585643998
0.268479191510415
-0.044013857995121
-0.564954079883056
0.166455936931256
-0.053001256561247
0.205244391821303
0.144021307970654
0.089352178807677
-0.063888678687701
-0.257755639740045
0.396326389865151
0.139695602702106
0.545506540779063
-0.170969700006164
0.612651705912538
0.068651245912220
-0.039485183874148
-0.204417356024413
-0.266636921581916
-0.224455356295314
0.311998873658909
0.236751522975100
0.555082078936248
0.065401940360720
0.009628988210399
-0.429603127468137
-0.727181875486170
-0.245841328080117
0.243988752691666
-0.244563295982069
-0.474062964199641
-0.026470698014348
-0.067242029519197
0.731289499643354
0.445077330794464
-0.513260615114667
0.146676288442907
-0.051762384315559
0.165711694483563
0.123739440056294
0.738003737386593
0.016747289602518
-0.102878726701300
0.192720869979099
-0.364487873663680
-0.019663196943106
-0.223172413185635
-0.748656617381970
-0.252974966850265
0.004811011521894
-0.054894715239335
-0.668781068488697
0.017837496513499
0.042870394326427
0.132878283589370
-0.606855017926696
0.453393833139669
-0.075528313319051
-0.079566206457394
0.271325309897616
0.052821752164188
-0.092202068764800
-0.179337617782077
-0.679760573369395
0.644829446409733
-0.424206437341895
-0.073931088280877
-0.095538214543080
-0.282230071005188
0.542123161848561
0.581287167760660
-0.701532335316288
0.122962479344630
0.256730221841792
0.213515176195985
0.573616138657921
0.458164244322757
0.007281399172505
0.136720871509001
-0.193518625034489
-0.767085438622117
0.043425686185456
0.027773776661770
0.279412498336489
-0.048367396964858
-0.225402710043559
0.159720281530991
0.013145760534485
0.155964313636703
0.237099832858615
0.811447115230681
