0.644569781975149
-0.495637392673675
-0.711479858412661
-0.362222269623111
-0.984460121573359
-0.167424736523087
0.272627614260146
-0.413388259995402
0.152986790961185
0.964859165782683
-0.440120552267751
-0.302876046988132
-0.310800914760608
0.351249581533823
0.858275833044912
0.225617652318198
-0.754269036429027
-0.475172192584594
-0.663259408168825
0.699131943158354
-0.247231763863019
0.964651395430471
-0.353312065601200
-0.471759985401258
-0.836349030812410
-0.237486095335763
-0.221517940249516
0.043766534645252
-0.342635507157193
-0.685162697762380
-0.800932229554140
-0.591392520464640
0.132555198318174
-0.550733435993811
0.450287814089540
0.880600078113606
-0.954258495086050
-0.099034522866026
-0.341616928034131
-0.761144704177612
-0.238150080582122
-0.470166937160926
-0.647084418153516
0.741030159654128
-0.327764210219594
0.704343032396977
-0.843244463142916
-0.310635656855587
0.837760175352547
0.259504338074931
-0.034926158566325
-0.960081718155118
0.171840657652011
-0.639476129815965
0.339187897441237
0.872503673295053
-0.227746398992338
-0.970528236323655
-0.695328899528591
0.644016917676272
-0.850532313837642
0.497515975631162
0.418291202666781
-0.605975000492888
0.687794857864130
-0.462807124924730
0.229540938924905
-0.896263273829322
0.202663719976652
0.513357587995353
-0.763286801407785
-0.533000386110832
-0.949870819415071
0.311783624513767
-0.237311704446891
-0.873080250240764
-0.706198567272798
0.437992511033600
-0.747184701522211
0.512577700071977
0.608036194182345
-0.471901463036583
-0.968870246036700
0.145435412245412
0.714525464907133
0.285469399438010
-0.408130320945860
0.873160690504705
-0.474220621658186
0.879842260608771
-0.996584898598810
0.065718413833105
-0.971778049353384
-0.130541148555753
0.057939139644830
-0.842130702842220
0.811195531154356
-0.564308873700447
-0.020614001784235
0.909403152666668
0.098524504503787
-0.898432140561924
-0.657966712282234
-0.752090971003623
0.791922868926774
0.544354170121601
-0.380347935166947
0.815797799660737
0.936180546600448
-0.159761003940010
0.578225052197001
0.067299035356579
0.259515111640598
-0.543362995880609
0.015805617732753
0.050570832305076
-0.501222420629934
-0.709619909175796
-0.206495249154581
-0.054786349332029
-0.783721152191434
0.316766720537534
-0.549623037789507
-0.691332799154877
-0.252910695090519
-0.385351073285540
-0.129621117532696
0.434152017118833
-0.235549580071955
0.125769149075160
0.090930541863781
0.007468385875369
-0.678345166854459
0.438703698502776
-0.188305735010739
0.456794924822267
0.379270863659473
0.897311486927341
-0.546547389613697
-0.338288246524417
0.080190653514685
-0.048289848713817
0.540042562929635
-0.622475567473673
-0.081273613213882
-0.123203030417012
-0.072698381043080
0.272576288826671
0.300456694457618
-0.462257924257118
0.823198359411281
-0.211120940178890
0.053353608711173
0.171200031259922
0.075708014169636
-0.625091842694693
0.275381153008522
-0.341481309351494
0.340053404147579
0.339380419943762
-0.133408435484878
0.243362789377491
-0.685715917353113
-0.302216393436719
-0.331298459022131
-0.118026443501423
-0.058020328606676
-0.053293167600464
-0.231541896425712
-0.219427166564892
0.017276441082722
-0.169629483561304
0.448024393155498
0.507051192372989
-0.559155367707258
0.009647454520605
-0.276696052071375
-0.259735242334061
-0.630080452517771
-0.546250882660907
0.194409665653712
-0.309044865841174
-0.010901032062624
-0.020434417260326
-0.276692430023674
0.323813728460715
-0.198555189472160
-0.519636392676652
0.022902422694718
0.422438873962613
-0.071042136587670
-0.634471441892573
-0.060103830710154
0.191119116636080
-0.569073579484656
-0.290027314431363
0.263018588965604
0.042910040089926
0.025909849932674
-0.017918652779655
-0.023658013894541
-0.044044617680540
0.012768414180060
-0.196069882766330
-0.532684050007559
-0.060882167300695
0.040802102083306
-0.147825890031884
-0.350961401999887
0.222232002998303
0.064238408459180
0.423067415072626
-0.002612388754007
0.037843787975487
-0.091109481888868
-0.261219772321991
-0.399910978397878
-0.172860081105477
0.176295058765534
0.258771053330592
