-0.428775446199209
-0.863213048080257
-0.577123436752923
-0.757937758836193
0.460698025573048
0.737795046837378
0.278589323121940
0.810091792807937
-0.475657360450033
-0.855944208833251
-0.985832217423056
-0.166248392161106
0.412867122817575
-0.760624236724911
-0.818314057592244
0.219360744758302
-0.348832763591883
-0.937109767924739
-0.930345293972839
0.346902911374964
-0.980794459671532
-0.001852012824139
-0.598452953710321
-0.600215742877345
0.789904315027285
-0.094781095307479
0.805084680123129
0.501485614917496
-0.276476261133760
0.430670438029696
-0.365561277600703
-0.838478458914521
-0.437764028117139
0.898166707215141
-0.478049760034980
-0.381721915332784
-0.497633573888518
-0.460929125150800
0.113504513745468
-0.774342630573108
-0.804604155875146
0.225644774196270
-0.964614363809008
0.057258289076825
-0.611327151084571
0.377824299092828
0.922751580893888
0.315582488268087
-0.116572706872833
0.930762986502554
0.039073934415273
0.997671596208431
-0.400485974756149
0.691568860108448
-0.465316313512088
-0.207414612679747
0.735602077814307
0.300992176150555
-0.722901578582140
-0.488818030610693
0.265387689851213
-0.645351722223662
0.962321788565672
-0.229957561834493
-0.530191045733461
-0.757984244514199
0.674866236987002
0.611857515892157
0.781984657375427
-0.485468700660280
-0.178489343908752
0.977029755236449
0.664510703367475
0.611469481130170
-0.473794705993950
0.712315222823710
-0.787498412210544
0.371355272288727
-0.637217953121587
0.770568968159678
-0.177630783279491
-0.964920868105041
-0.399718359976035
0.100802847553959
0.752437147175020
-0.633334780606181
0.502625805091965
0.471959849221012
-0.436343092262862
0.770760106485020
-0.942817350480384
0.115893598166133
0.840668298359872
-0.532226734441633
-0.111760431685465
0.935833811868342
0.664892255766165
0.367579363201792
0.883692777141673
0.465362261008282
-0.298938310623695
-0.630798873556899
0.922859843375849
0.155332078148288
-0.395225138322416
0.472620404777434
-0.484957497152687
-0.397619062679409
-0.478748907639594
0.852394442294674
0.282133182268154
-0.948224140958368
0.383322131032870
-0.814019078026015
0.134643373158752
-0.229969590218129
0.300827644754248
-0.044290186638522
0.490556017001824
0.052636415898429
0.075584249717033
-0.510319799206727
-0.197540716356122
0.045686455279848
0.016904777590614
0.014509985844176
-0.499905482268380
0.032954790258820
-0.309397657700030
-0.431875046993613
-0.009792606121794
0.006714966137940
-0.105827529525292
-0.054004981777041
0.012778716916400
0.194616295104232
0.220856229305522
-0.482511813507748
-0.122021299918941
-0.593446307124480
-0.090731053165527
0.303510645370692
-0.344992474780340
-0.786806229755296
-0.346292527725039
0.208327414175557
-0.037108481850176
-0.016798282999844
0.565306047718101
-0.553340653394010
0.732545234375171
-0.057294391705328
0.397456708614919
-0.479101639126312
0.316608329395464
-0.448838226963537
0.250933501089641
-0.057210099599911
0.683029331481675
0.130379621481010
0.137445772064840
-0.173337453534584
-0.286922106715834
-0.194336748061025
0.031631478854952
-0.046087561377024
0.517708962446352
0.305484739315470
-0.111621851157268
0.853229435246262
-0.363880358606034
-0.485679295041667
-0.337623483050203
0.352818117911174
0.670647023811103
-0.251640811776827
0.030103530657823
-0.141950950855692
-0.180070865095341
-0.334562137182488
-0.361536361431150
-0.198689209028592
-0.382775366483307
-0.079392412245921
-0.072300890472146
-0.091252357397287
-0.200817188327259
-0.379740774251066
-0.321149161281424
-0.406188153586431
0.119935642792129
0.477029301088807
0.004972427702531
0.012329659022358
0.155473442817046
-0.114904445978135
-0.621758478102515
0.665943250983691
0.151517278968366
0.098832734454029
-0.332407728704000
0.643526458412380
-0.405989187835306
0.225180690660883
0.128900340821640
-0.284690743919292
-0.097600461399654
0.022037813251054
0.236703063863098
0.236000724641409
-0.642679235421243
-0.098828641236803
-0.017835872503632
-0.046977902347081
0.706610991503252
-0.115886039916764
-0.301798388471534
0.181987328400695
0.525979252592071
0.586321472290353
-0.768751800316867
0.125443120412897
0.208443175708572
0.027832367480552
-0.107509080197889
-0.098557818776660
-0.244951706291402
-0.361158893085891
