-0.868599213535304
-0.253056063083175
-0.818082503401660
-0.158183946848768
0.344010840543592
0.546317089476564
-0.909521604693808
-0.291687624752726
-0.697842902550157
-0.362769573252789
0.572553101923995
-0.053104422372107
-0.368719399522383
-0.885003698080709
0.179898277356594
0.272359229119852
-0.417926267269284
0.316591597166678
-0.346855788543034
0.662068135435790
-0.193893336895848
-0.839545960114843
0.667089965333521
-0.074223435884542
0.078662115179808
0.740098667293712
-0.102025872819045
0.978363540850203
-0.319884702990878
-0.883556145784983
-0.364326612210475
-0.772681361868788
-0.409808431077322
0.419392768530714
0.227041826355975
-0.826788019362092
-0.856291117998011
0.447284688294189
0.109855619719907
-0.924165643956700
-0.154878372740263
-0.973365616713948
0.505754827229741
-0.770751325202138
0.928941562893594
-0.277770900996083
-0.598183061639136
-0.643651299680021
-0.838986443381405
0.523229036270449
0.427856539674194
-0.878711101442317
0.596652526733531
-0.797807849346881
-0.503149241888266
-0.859989373351812
-0.546820561098410
-0.692029125714671
-0.764887806023686
0.640867627510461
0.220393349387113
0.973175553952043
-0.462536203901470
-0.247254841941281
-0.259894700900868
-0.707057997948454
0.043487516485549
0.275742686602988
-0.309228968357193
-0.527687786509836
-0.881304036592186
-0.375761596163157
0.492719404130953
-0.851531743037649
0.473974707408858
0.786860566257601
-0.081883981940891
-0.905798917918748
-0.347367569498011
-0.605310643863933
0.009377189984287
-0.992535122433160
0.450702597893699
0.810091685536007
0.114761117922481
-0.141252844082730
0.977986576998393
0.182829746429756
-0.296742621049531
0.897465259218634
-0.954868805446695
-0.170449640850942
0.687593850476850
-0.701620479053585
0.971678300375060
-0.230025683496286
0.776981891114199
-0.490732429990659
-0.252823314004891
0.731485728707857
0.841124638421108
-0.245589881292704
0.543166724054381
-0.010845869668059
-0.764819773983342
0.566054257330489
-0.979681382298124
0.055980080746384
0.609998974782041
-0.746794026969715
-0.712897109345814
0.399808962160836
0.922402692795236
0.386036297136519
0.812527583853185
0.562019780556705
0.699398472568981
0.602506700727028
0.369025795530925
0.921034157598649
-0.865576875668917
0.176008183903404
0.277102747622014
-0.323592494417015
-0.412260161247628
0.368456803486513
0.707914267330778
-0.286446451267727
0.080008671417385
0.285109439793455
-0.265203891576325
-0.557745834565472
0.817798462604365
0.023844084458687
-0.184889030720444
0.215940976006354
0.812200939761753
0.483514936240336
0.742239615987386
0.417358057534191
0.255009619901532
0.613454920717441
-0.182796220895120
0.473448515034847
-0.648252169609221
0.359514929194536
-0.667871047851001
0.003807590828328
-0.171746522962063
-0.053838973439380
0.303555480361697
-0.157659076428868
-0.347740925809896
0.386401191991833
0.076696776463094
-0.806402108133564
-0.472100001502709
0.204927227828308
0.254896635000935
-0.041588872556080
-0.249342234711890
0.267727576717333
0.158359781029236
-0.059112144342563
0.348680568597525
0.169045291314101
-0.080108012777214
-0.231286846961769
-0.279452097689668
-0.387035598214291
-0.007928142410886
-0.149232261872659
-0.064835657374865
-0.201499179136847
0.021530208249047
-0.083933592772799
-0.058563771953825
0.061882168059630
0.325425657045243
-0.340853494714781
0.036886661969218
0.053616251026654
0.049748675744828
-0.043372595007672
-0.515471818167401
0.677653383295770
-0.657665220307874
0.000435864851135
-0.956505080088943
0.084692611595883
0.762248120699138
-0.211898201001633
-0.005685607021336
-0.286485761963896
0.107982907591725
0.143041850729561
0.383923559860656
-0.093814317613976
0.376990331450121
-0.175218788352896
0.715857187709842
0.021983696009350
-0.044072063185897
0.113330279674630
-0.357906037896799
-0.111901283792089
-0.672189710045051
-0.717661837888342
0.074564701600743
-0.067495513233031
0.048785042134619
-0.322676223190071
-0.154600693282317
-0.187806043446990
0.064092186895878
0.175600659844835
0.045333024924713
-0.029569957109812
0.045001983508370
0.391734150306531
0.568767418691849
0.278410890639949
0.013325592853582
-0.481681825921113
-0.146388180694698
0.826693883819199
0.271582546084844
0.144486026120769
0.090242799870748
0.170137758329988
-0.239661031715797
-0.112971332311060
-0.179805419354143
-0.547357759087362
-0.005837040244019
0.010732128326334
0.044709391448573
0.148100513358316
0.337280776865204
-0.184578248188710
-0.123163535481893
-0.018622199035407
0.097605647883250
-0.458553081995480
