0.248341177279107
0.515856204590411
-0.646026479361133
0.646139661433497
0.738819111395096
-0.668642989670446
0.917749975591885
-0.102214471270732
0.944587581842855
-0.311103238954156
-0.799321882740446
-0.600819299132269
-0.802404854174887
0.465683516052585
0.399495488433038
0.032306467786070
-0.579140067668623
0.560636620705711
-0.491989639224365
0.734089520333224
0.730918490790893
-0.596245671654315
0.475911468694867
0.609186634403443
0.162627087546018
0.713281213693646
-0.516770709800283
-0.807498846149669
0.198489111830454
0.441344268509274
0.956170460225028
0.244154760850126
0.994486712464503
0.095211646047989
0.211723947660868
0.926934509141214
-0.708237234284529
0.487903078949115
0.557469321648957
0.783952775698794
-0.631151071644078
-0.413088370929242
0.467275531437601
-0.877664659285359
0.910968871581058
0.412401129513220
0.460864983017754
-0.100543629279058
0.184129411601314
0.877805603659265
-0.049782556400572
0.253525408456297
0.991899206876512
-0.099910676443123
-0.322292735685194
-0.075580588120196
-0.567468562139866
0.332918483428283
0.311482039393866
-0.882407187671107
-0.144710774887872
0.156873586741956
-0.545597449326181
-0.342018239293483
-0.167065612779707
0.773639226706324
0.275845435447599
-0.961030259274087
-0.685442541156776
-0.423240426029137
-0.222848512632591
0.873878446636116
0.656857279367692
0.418638624341770
-0.139063280679597
0.958345156792464
-0.672406688019500
0.333428154624260
-0.377998392943680
0.828123861194139
-0.316916773466249
-0.945733010594771
0.676658634577006
0.716495339189962
-0.226001624206255
-0.747897678572283
0.152412575191887
-0.844816521241473
0.798676459433585
0.403682239574303
-0.861864969924936
0.507035917963975
0.623360293664143
-0.698354698138174
0.388776779763695
-0.579948095553078
0.841653889694792
0.481936767393424
0.867487231924434
0.447317674928617
0.102585467185116
0.964801229662387
-0.093642250290422
0.978052473110428
-0.262298607599908
-0.713455152282072
-0.232307091354301
0.678878626716059
-0.593119293367922
-0.725803307035663
0.594401286135279
-0.083742577717044
-0.664798180841206
0.733442807176493
-0.078223269046731
0.628727146429707
-0.303373183474655
-0.907762986716503
-0.465173734167829
-0.879795575990820
-0.948824424484896
-0.239929062890955
-0.404135204564023
0.715194866920993
0.743662721893896
0.182530853123310
0.085348331611777
0.995388065185545
-0.726469264289123
-0.078791046175254
0.107630007748314
0.731316079749276
0.902335763768731
-0.326267424064212
-0.549853564993072
0.577337416571467
-0.790794502241481
-0.167836716641484
-0.427894985877405
0.729409520615710
0.630384845059645
-0.524246109162796
-0.406382773311691
-0.002523379155806
0.002663621368090
0.083998679293997
0.338947814250800
-0.180004342665791
0.104614702907810
-0.004983861556334
-0.006018533712083
-0.008029621064175
-0.372180483493351
-0.027694775321998
-0.454920432641148
-0.795240244722578
0.588886821722298
0.059124214551005
0.198039296617006
0.424074531218578
-0.331919787491029
-0.008860785821124
-0.058202208909599
0.631674300020939
0.663125773023834
-0.158261017750931
0.037034240399063
0.281996652458020
0.873451145335925
-0.053855416163392
-0.108432784755690
0.119870075237327
0.038840155554310
-0.020551484250409
-0.225897043736734
-0.211980922210087
-0.466156815169654
-0.207481153832970
-0.237577712439276
0.134917869263229
0.648427040232588
-0.102706845247831
0.082880685443053
-0.067000862246039
-0.001070781083962
-0.007738011012133
-0.602098000760411
-0.644183548004570
0.436228642443676
-0.072513815783587
-0.965031409813299
-0.044282529501456
0.009343790353143
0.077887827754153
-0.059166345388579
0.941761281215850
-0.753048996528651
-0.007869129679737
-0.135127769719756
-0.325694611763796
-0.743689884145358
-0.633541494800403
-0.594378836156174
0.481726837957968
-0.465011452680444
-0.396655740918753
-0.004389269562529
-0.017631529003827
0.436219179378927
-0.400935022278165
-0.304048998211127
0.306967763143137
-0.012888460483212
0.626988121368561
-0.117042292069357
-0.220311294050503
-0.588021537201613
-0.301538693035503
0.326503783023693
-0.254407871584437
-0.026954171183567
0.066530474392559
0.161777556787085
-0.050946474769548
0.188538647525850
-0.595000425740560
-0.502486853004363
-0.102773610030030
-0.023582026555010
0.445646104686742
0.003600495592571
0.009507257344075
-0.290025496434742
-0.199017263796571
0.130023353816383
0.703993429971665
-0.022064459129454
-0.242629021016300
-0.149861375628753
0.157842859322800
0.192807476227612
0.146492615087234
0.088544466291910
0.163720390581631
0.618344540815192
-0.199577591370787
-0.672958501197095
0.179677714703804
0.264917781097148
0.226357311764821
-0.647833486441607
-0.469026721587314
0.059139724860534
0.128870168366109
-0.771541145707991
0.057511355414399
-0.287809037414998
-0.033121435328792
0.091664925132253
-0.034215245254664
0.078553411850558
0.189725111062852
-0.437899166426327
-0.365260672403952
0.624118294449684
-0.155320952407125
-0.043787123778097
-0.000974560672332
-0.567632245845931
0.379246638168005
0.638001169188845
0.215747725471013
0.138908900721241
-0.245038884095606
-0.020451531315577
-0.603261385601500
0.034627711036076
0.587601747274509
-0.441667454768759
0.299662296083813
