-0.814328745789748
0.404374732438357
0.946062556830974
-0.281136470243512
0.847067760927364
-0.494410415717709
-0.953101181597261
0.297160918405777
-0.869584152937925
0.210889094051759
-0.978348583720592
0.100803491716042
0.872155977285628
-0.215233560591215
0.280356228776721
-0.542466424828940
0.167399157866697
0.287524887799289
0.626211510877317
-0.591431946597683
0.610781487254800
-0.659771426888706
-0.532025036009722
-0.259121953563898
0.776177024292225
0.151414048096232
-0.919617772685588
-0.326481856834005
-0.717628226138871
0.667187672951760
-0.545798591543090
0.827922609812400
-0.764042933271703
0.642468047495365
-0.608583795505882
0.766886130530169
0.431943917047601
-0.890778768178867
0.331726563275657
-0.277469075878919
-0.111646332376469
0.815506696484184
0.878655723788190
0.166945501004038
0.788368967472328
-0.049288393642514
-0.483328153602484
-0.433714504686828
-0.465656018390557
-0.228599554601299
0.617404323531900
0.161673206285369
-0.117760898703834
-0.698827762461067
-0.235008310753395
0.803023337832337
-0.086513393812066
-0.520586335891277
0.067260719751543
-0.981849767820837
0.265557416380897
-0.948903512471954
-0.206918075226228
-0.858793441296330
0.153964568310917
0.984254242804087
-0.125902096333786
-0.983867383613338
-0.317932680487486
-0.944591776566024
0.256611573876181
0.922078796669830
0.440255508091916
0.873537456031233
-0.462713221505094
-0.640078120350369
0.155381954867064
0.743954033458673
0.498537146082625
0.865803389357767
0.615789752484075
0.773720849388586
-0.663556345942984
-0.738357800576277
-0.404196621714785
-0.808042075635810
-0.641884569993457
-0.636785868532001
-0.718498133394275
-0.630921870242290
-0.223755169839181
-0.494041749010731
0.355654505924118
0.661035701503476
-0.526715230892284
-0.655544894849629
-0.621701247857967
-0.715904856068226
-0.326137057307859
0.849287989004286
0.184803348021322
-0.807381341028363
0.097867968022718
0.754872256648877
0.559122630992293
-0.081400239103709
0.695819875712233
0.313735664375031
-0.850664897953602
-0.293150078682740
0.867295734743796
0.426614229893272
0.875082269526233
0.330833784363230
0.958901579952356
0.283594260493767
-0.983013686282448
-0.072552707072988
-0.765062187905826
-0.629335151506857
0.864875614049659
0.490056496294838
-0.919169383359606
-0.102806885596382
-0.932559898504349
0.156382334261172
0.657962745074176
0.027525779428929
-0.839822311944158
0.202804663225872
-0.586551845620721
-0.491584328199284
-0.992856945989757
0.108834714269204
0.995611400772244
0.081349694775478
0.527314793825651
-0.288392216550727
0.579445995799774
-0.498623172991262
0.743273737929312
-0.224102648664764
-0.042072790073856
0.665964264793559
-0.659091757235152
0.701615593257828
-0.760306351533054
0.571623693362028
0.220126100592829
-0.730515366907247
-0.342918826668162
0.236128032775514
-0.006703608993997
-0.160881898571328
-0.032312436470408
0.192329029729500
-0.001713511925247
-0.057363665216081
0.271977998810275
-0.354086372418394
0.059677449064891
-0.170620358875702
0.305145038616822
0.316077476400513
0.787317759418285
-0.085213312480939
-0.753434344436279
0.567136358793369
0.316190831152250
0.397606280739719
0.073495342624236
0.431562363628481
0.802989338214846
-0.070804639349182
0.340291058530521
0.508748472709408
0.148414313573414
-0.160268340122279
-0.001709414472917
-0.199668264909957
-0.100920733851242
-0.080393128499460
0.017097429487746
0.056399308240223
-0.063415349234838
0.193623139447594
0.026958033132263
-0.138603402328209
-0.250712745309430
0.866089786620087
-0.524863927917034
0.216798942866053
-0.110554604262590
0.433440882041720
-0.002486702658187
0.613220059757218
0.422135896156877
-0.632524236322454
0.104899927769491
-0.848470813479578
0.065225237663662
0.767084965323428
0.328931601264871
-0.624160340649301
0.096019800439895
-0.539170483888845
0.115540807798185
-0.841519828232084
-0.087533323056104
0.154223689371731
-0.169244758239431
-0.020435127402783
0.220094048262926
-0.413784177138659
-0.086457500376529
-0.007974826369810
-0.127076181607749
-0.002297317696030
-0.062547258414533
-0.052469293750821
0.280154572406865
-0.073719796827135
0.207233055310533
-0.012722471924610
0.111086086825946
-0.603205069447211
-0.346549727315412
-0.549810995433772
-0.042202869993880
0.008007666119018
0.146798881484909
0.024680282652067
0.046025242197124
-0.111366113192721
0.394687946306925
0.167076389823786
0.242258677641644
-0.351850379493302
0.276670675191209
-0.095662758940738
-0.171858158221706
0.822387468081378
0.292132919983040
-0.592621321600785
-0.197356864443654
0.503867268672660
-0.179151443385252
0.262435812729057
0.294241791247378
0.292858839489541
-0.551710659423435
-0.097971633639085
0.647825662825675
0.030193501973294
-0.459871833913761
-0.685035605613978
-0.374062125883229
-0.526765753862843
0.039128905156215
0.434627647002772
-0.159747675453156
-0.200696506036109
0.333105360075653
-0.117562101774299
0.006152003424170
-0.006648927262189
-0.029649187335969
0.165955183613196
-0.123144574589913
-0.058758228901685
-0.017858403625413
0.107312068666130
-0.002718645818731
0.380198629578285
0.180122881684823
0.270984037770014
0.585393583710451
-0.472907717966117
0.205171718882362
0.459862282325337
-0.548429238935886
0.336937903103805
0.013873894262278
0.046878618023928
0.006627108607205
0.045784792713041
0.563149341208867
0.567125962323706
-0.459321500041526
-0.452372665959536
0.174689889133265
-0.605644777076987
0.610365295811049
-0.426820435338874
0.155552301730393
0.221668888815104
0.298152166520146
0.079283608677924
-0.457212839585420
0.456999144275350
