-0.014290716417420
0.961587115956787
-0.976188222199094
-0.163795050440781
0.479984495394884
0.283991040885120
0.915135638183879
-0.297417417817271
0.762726170256179
0.637179228467604
0.342820549299728
0.868570791551310
-0.779714115204430
0.252723537786297
0.305571402473332
-0.569969736113229
0.061043427196830
0.902217004615962
0.081498838154977
0.990251782849800
-0.209833518349771
0.836328671937235
-0.272855188688690
0.890412467641086
-0.451026157478709
-0.891844299477502
-0.765415846490005
-0.232978550735667
0.488867047372971
0.736464705169879
0.903739338202743
-0.407820186950838
0.942076153501321
0.208861253853985
0.334626812505906
0.927355344241105
-0.446487356691415
0.546354897616486
0.854161196019543
0.516818139911197
0.960509187134252
-0.223543239154561
-0.518608801438189
0.212851215163603
0.971535634224470
-0.074807660066970
-0.612149903474463
0.787982102957512
0.828062722417815
-0.465292315478613
0.394395445989258
0.282182460414619
0.828636713386344
-0.559780936140201
-0.998034149582280
0.058562102353820
0.906132055040369
-0.013324839924047
0.453889457193915
0.832019535511194
-0.712409258600487
0.098718601147160
-0.717179629979870
0.325367529552926
0.154999639771678
0.929226047104006
-0.411423683307892
-0.012687664923183
-0.770132191235713
-0.389939664664137
0.703720109027765
0.360446020422611
0.928702953178213
0.246965190185194
0.063295073716429
0.957184538036334
0.423209399270945
-0.242908162257730
-0.858003186230883
-0.178599303392092
-0.634097215396976
0.360233377723054
0.159964695745917
-0.971832826212664
-0.520407079513667
-0.839951229140720
0.417487708506164
-0.513560576449419
-0.823127029203064
-0.386441851245762
0.060965842514712
-0.996869408637499
0.545086205496062
-0.709797164313890
-0.476901580270897
-0.422644903405235
0.156346470669957
0.980764585920188
0.452908366835928
-0.891525152961131
-0.597671574217110
-0.324961780522134
0.919813238555591
-0.083219714732322
-0.953275292893921
0.038545341180156
-0.850181128883364
-0.326536447983973
0.866576507047827
0.461810673678289
-0.152407386252915
-0.919752075179439
-0.632665325628793
-0.228052697754748
0.267824730098626
-0.810926141456282
-0.498118775943053
-0.188125483378931
-0.667193191135549
-0.732858610613085
0.872093154578051
0.417347968318249
-0.516157697511421
-0.401251206270381
-0.566895787805231
0.811220207188554
-0.538504650230318
0.448420521640807
-0.759778460706967
-0.520361629109266
-0.363095638420697
0.378564291415635
0.266095214418475
-0.504010559934202
-0.270123584287443
-0.959418362203544
-0.785321142091960
0.574617830339596
-0.272024988449229
0.961980905364303
0.933090187823308
0.349636279319814
0.450468351963409
0.247900193055483
0.316820824555058
-0.926517246504841
0.479206656553196
0.775919383338687
-0.559294396344662
-0.580941411417861
0.331331611025182
-0.894329637628187
-0.187804017847342
-0.424393514715394
-0.767652295557888
0.306789528599799
-0.483317918102572
0.810195684470534
-0.846424577180679
0.230035462455246
0.941511949953754
0.116062449820682
0.713375327134436
-0.668219223269805
0.912541897947644
-0.399686122678123
0.416930578239748
-0.664284156413574
-0.437749725633612
-0.720199252023921
-0.931772318506319
-0.118641960072938
0.095751322972268
0.678382265623245
0.271289848460164
0.039342241581363
0.133752737207489
-0.048352265514437
-0.321382029019572
0.765295736497184
-0.108795659307388
-0.249465724741020
0.028887326546745
-0.106850093031093
0.319326609775695
0.161522033577234
-0.572642487946435
0.016040355303669
-0.749972010236235
-0.138933803545853
-0.406294033335712
0.131161484642655
0.087128863505463
-0.071888156788352
0.482872284613606
0.152835217880874
0.273149754699105
0.241049569555290
-0.028874669880028
0.018852166952223
0.322756264105647
-0.505655980701962
-0.448388027200608
-0.132577996270206
0.009041165814788
-0.129831279054632
0.031878499452763
0.260486581065775
-0.158835572374148
-0.052992667494428
0.708615428375628
0.003088823921523
0.034760247477194
0.045819064465773
0.135027991100204
-0.096010224863958
0.459729285742719
-0.688758488226978
0.076899324717030
-0.211208000050724
0.037302344904401
0.054453982035251
0.002728674595673
-0.312742295242424
-0.544401627281094
0.684435650321477
-0.002261236754364
-0.001177951874650
0.010433058974795
-0.019734936430185
0.166340215163787
0.388687638456103
-0.248680887038179
0.199713969460962
0.534042035906331
-0.444439860873070
0.556296479281714
0.265185927592949
0.302444791125764
0.145055897415465
-0.553058146569875
0.724359208186697
-0.090337373269113
-0.496671546331110
0.271630608426460
-0.548701637574852
-0.217757465319875
-0.170589290086805
-0.217470788367016
0.180271877991079
-0.696643478923286
-0.525906163066149
-0.132067153316189
0.463131826006883
0.244287559682520
0.639121446349910
-0.109121124927217
-0.134331061579372
0.153149617540287
-0.014268808790979
0.493641185366826
0.564161260343927
-0.383908763147283
0.160432699222475
0.049117476500842
-0.011046341991070
0.028298636362520
-0.445273176027804
0.551074459004222
-0.538751435259253
-0.095118960962095
-0.067889552799698
-0.007544055312854
0.000010820366791
-0.128993736431480
0.721490919231956
-0.167673712025096
0.344824029837644
-0.223335688510083
-0.199753955828267
0.155558134567038
-0.382580270007017
0.009464332103684
-0.188908669804814
0.326970384910226
0.154655993127743
0.435843021376222
0.598136617765073
-0.504685394743805
0.126338273625669
0.186089289074591
0.825746488971132
0.121161174875998
0.055601009480849
-0.038963856450521
0.252499546473327
0.055612562324908
-0.754642924619274
-0.091430593883143
-0.110414617328604
0.470095959283661
-0.536601869654667
-0.175845558997488
-0.347906316380377
0.257859173269992
0.811393419609353
-0.045452971308127
0.820427156874796
-0.080267828284519
0.010331080333716
-0.214476442023417
-0.084171899444948
-0.018096729867005
-0.016360065458106
-0.054433278820434
0.064297680581167
0.555189874064975
-0.653749158238955
-0.194313667958181
0.058588015002892
0.407932946587907
0.043598187605992
0.513968837493781
-0.292460063602836
0.254422681702057
-0.160196634892332
-0.576774815444441
-0.672272718334562
0.178633190755908
-0.533554422178826
-0.280983345349411
-0.176167824935688
-0.046488788022012
-0.478004093858782
0.112633025356827
-0.295632470197150
-0.211068841639620
-0.005353165179968
0.005360300074345
0.086542215200174
0.143996103016902
0.603457185542207
-0.529155151935193
0.098402440377895
-0.333829877259132
0.079259351653689
-0.644838064865353
-0.338840753064978
