-0.113129190832812
-0.970221778990305
0.169730229724643
0.985463945940504
0.164085586613701
-0.870095144728815
0.007349892731061
-0.931719002609767
0.209352226018072
-0.977299382188176
0.192131623211978
-0.813766345610980
0.313766042211811
-0.936702001938682
-0.228255373520079
0.904215672295680
0.053264881972937
-0.946261333070147
-0.477462053901327
0.863911758527349
0.393550520191320
-0.918497071357827
-0.315698840816368
0.925915345234189
0.083372762522717
0.730059072584264
0.118199252306439
-0.845748656598914
-0.508528904681178
0.679097326814095
-0.659807432325390
0.201912732626617
0.316726203887958
-0.796807276928949
-0.705066813412232
0.485956152846400
-0.245171048164278
0.796298621277068
0.396725448826270
-0.853767766660096
-0.059783634049441
0.905612910108018
-0.056836908283291
0.759370246979224
0.590091424910723
0.524751793570443
-0.265930731418700
-0.805705941980054
0.690605411111271
0.461072015714682
0.317300097360662
0.640034747148172
-0.520303183596255
0.840322026552562
0.625875240126988
-0.725594376671389
0.601207266460418
-0.042440680270668
-0.752093246482027
0.343164871384364
-0.844595307382221
0.335640679998477
0.771036964134281
-0.325802556741988
0.814789401595963
-0.277384092438413
-0.921835566318209
0.078487419123374
0.676180627312046
0.373199171036959
0.610217294406660
-0.779339645563347
0.722430441180181
-0.671846872333800
-0.755186815856621
0.652266556313893
0.679394098698199
-0.615547091167159
0.829210626865612
-0.519105888971272
-0.858024150135792
0.493153404505408
0.614918917757269
-0.552750221690975
0.710710473690244
-0.620435136606462
0.242156356487565
-0.580458004664514
0.075729699352086
-0.521353798946122
-0.216380616776898
-0.834795025144931
-0.112922511796567
-0.868997103667961
-0.125636728812652
-0.970181518102619
-0.481767583283191
-0.861132837017130
0.647189483023723
0.759332466020676
-0.759747845058145
-0.631255982529722
0.882501862898827
-0.419361384396849
0.471304076452266
-0.160580710825528
0.640288119682801
-0.041937218600418
-0.759225813313567
0.498543542266838
0.391246659795560
0.394523100684476
0.782938577612717
0.116533140123968
-0.531802358197750
-0.579033015230469
0.782280190762734
0.531958065508575
0.871522667160576
0.459980586637237
0.871538580247256
0.359430254807616
-0.960461316326783
-0.182466237370233
-0.992876799439144
0.001984060176673
-0.969997406180666
0.199684215607334
0.959988180009529
-0.239242191492846
-0.948729605665570
0.154240617913083
0.976954050008997
-0.053354480478150
0.316757696284905
0.392446450010669
-0.922260099567821
-0.056167700973191
0.972512435862278
0.103915398560349
-0.779425953705861
0.067254096236376
0.183194890834752
0.701276305659044
-0.034418553469741
0.498058316907744
0.307588749780817
0.390532847765384
0.927602178909134
0.309992468008232
0.869877591122414
0.440050698385875
0.728534645173010
0.224454361232789
0.880844528531990
0.472000615075075
-0.772938811322840
-0.621643761790324
-0.623693861398265
-0.644272387190920
-0.628396482287491
-0.756629207782717
-0.513385061053207
-0.857495389192249
-0.346763168107416
-0.933314050900609
0.117418802428294
-0.231154074636996
-0.672172245271409
-0.586261015184392
0.807279638110380
0.418263769105496
0.989574987854409
0.142545997880706
0.945386382580445
0.315539775341580
0.382878931197491
0.834594482299714
0.420199227513714
-0.402821575128312
-0.283391261534306
-0.628473347177691
-0.171187827060007
0.128709803903486
0.007019701125871
-0.001784422902537
-0.071149354861091
-0.459290897675788
0.032769875555137
-0.361623857770479
0.031058731485278
-0.009639410480531
0.116648719375400
0.535969075955844
-0.126052221567719
-0.090835388239625
0.358672413380158
-0.040590667820737
-0.318695333551925
-0.013624472721732
0.159778696034576
-0.012539093109181
0.008939354406640
0.037432685009601
-0.158440119324972
-0.133834763627925
-0.399698450360294
0.547999892140787
0.502290430859567
0.135803054760348
-0.323440945976640
-0.419059814684548
-0.116025955775658
-0.714439205417629
-0.465839628893636
0.218577481356238
0.003340550216472
0.516445783078629
0.551348009077357
-0.042603236739771
0.331399934070636
0.062157884164473
-0.346702307618950
-0.236830496425660
-0.520579899507042
-0.386164423644576
-0.326428512293903
0.519492147922397
0.477657824006739
0.227951276176064
-0.015988993531842
0.556974967619257
-0.581175704990987
-0.389757579254233
-0.115096087531736
-0.099480548174428
0.193710292910539
0.210402725170937
-0.405254593859181
0.687398956625180
-0.212766286770848
-0.520887825599354
-0.030547196703274
-0.416017991740337
0.534728803373820
0.115843863891787
0.346158358848033
0.373297049156093
-0.240326414054333
-0.293772239018469
-0.572143185586338
0.275960709472076
0.082583368250697
-0.115950669461549
0.004249364373923
0.163395167290581
0.052635179750127
0.038350365362348
0.398326689344978
0.029347670523898
-0.126044267288124
0.164473873342497
0.134017389613179
0.051318775216739
0.230021826606679
-0.513256150756456
-0.327905530326957
-0.049283131313943
-0.361630818052932
-0.688223768310806
-0.362939725089581
-0.768589607601085
0.250793571558350
0.439771848964358
0.367742298194035
0.311220407854657
0.159874456520177
-0.131921918033859
0.153311694925545
-0.053345636254154
-0.052385690498129
0.042611249001641
0.134374221463757
-0.079010537626006
0.118224711641197
0.177057642631471
-0.800830951769089
0.332800374877883
0.646142133276222
-0.413246581467260
0.325273394540410
0.263111610664649
0.636172951988160
-0.535314439730327
-0.079841528640302
0.605848612479226
0.601522906292193
-0.141694079954723
-0.153246092723732
0.285611545189447
-0.087265243280437
0.145776808366027
-0.181522839002389
0.279785371293859
0.029172914624057
-0.208252426425507
-0.025941733636760
-0.116270164258144
-0.122310205413522
-0.065356405131902
-0.126506014590317
-0.071986778815047
0.092523211577116
0.259925801795242
-0.193528324137750
-0.072531864310512
0.807791143879844
-0.305161946493327
-0.042559035754646
0.380092392173501
-0.013778955303167
-0.207921361158527
0.076504765329577
0.618157819744281
0.627632726431503
-0.284127323229225
0.844754381320101
0.192726000779786
0.859337854202481
0.120048774084571
0.196132009150784
-0.070647734908266
0.039215204889814
-0.219386706567696
-0.060584452297721
-0.644350087022577
0.035932448409500
-0.006098776541783
0.063612928781914
0.109900057642374
-0.435645043143416
-0.078309991329378
-0.179570236710774
-0.019612064308508
-0.033587949385403
0.003047336133785
-0.050697794943619
0.078165985079563
-0.517817315479426
-0.815258147094956
-0.102435373900200
0.440442378678171
0.058690061105240
-0.412201991835923
0.016186156470576
-0.012648724831032
-0.068548699626384
0.044500714470420
0.375158909092274
-0.126931347935150
-0.427311375335766
-0.691789257156166
-0.409675376516019
0.597391605774405
