0.216062150426462
0.621693166708375
0.462119208356306
0.870525606395010
-0.379377614684632
0.898578828553921
-0.673995836967977
0.630761262390759
0.384654114245041
-0.593330609689373
-0.936676769909742
-0.035742329010475
-0.845238670819582
0.479797796623366
-0.899258702504989
-0.402910901064760
-0.414615252202905
-0.672399624670751
-0.145402248265672
0.738696784763880
0.146610762083153
-0.084476566692413
0.211636408253245
-0.061957606898002
-0.150212664298562
-0.353985871330170
-0.593330609689373
-0.384654114245041
0.234119546522356
-0.257967347865047
0.224772576309220
0.069591325938118
-0.051151169555631
0.162419671300365
0.592671882136216
0.157203617987852
