0.326890086360263
0.510463449835112
0.682964220099319
-0.319148892194476
-0.017055766620738
0.187046116202506
-0.257314235005394
0.386324869652681
0.378076115255646
0.008003036200844
0.229409802256955
0.267938357998455
0.529709708992228
0.289835433321651
-0.004177754353857
-0.063277187469423
-0.392222097013217
-0.261164778288003
-0.055568866848896
-0.084306064128622
0.547142522468652
0.248759520233402
-0.516585591303087
0.158148303016418
0.612395350694394
-0.293569571751850
-0.295791911478692
-0.535941927002724
0.201835260449093
-0.744997890932203
-0.303048597847532
-0.587207118649806
0.035502852881836
0.118186686437723
-0.728042548940673
0.454246491418336
-0.641719067053395
-0.124256667758311
0.156943890597842
-0.468251326846510
0.407807893001729
0.783856638222677
0.397644760619813
-0.085711015562994
-0.025730877340601
-0.640756047415075
-0.574659439271982
-0.349378093769769
-0.714707462234806
0.284411038604929
-0.223393229911242
0.720533848168018
-0.587513148695223
0.105713783904923
-0.564522408321888
0.195357938942505
-0.527764453476900
0.071910434360147
-0.852574203517943
-0.204687321708437
-0.452131707650464
-0.417135351214364
0.558582730129795
-0.526127220237781
-0.606204907270773
0.044191636426064
0.171488449268464
0.615844140986480
-0.206455060178310
0.283359739012541
0.190722456995905
0.018415312400632
-0.284064822234097
-0.094661472338724
0.687339273583770
0.155914498995951
-0.355771910783392
0.314265963183013
-0.702911953135232
-0.002712609888399
0.232449914151285
-0.000596286283015
0.001303006833184
-0.000366936068019
