0.6310938037142906
0.11430646936106206
-0.2222071597911032
0.24277964214669667
-0.7125550169261359
0.13411212171063153
0.2135579200489391
-0.2877907291815325
0.0760654434588775
-0.48036632708418925
0.04939495956509095
-0.4495411110338957
0.23967117687835598
-0.6659378639650774
0.3127773266233236
-0.29025728402319956
-0.41922797516902766
-0.6418424965249624
-0.30023936153597025
-0.8541957795605385
-0.10270031325235893
0.0579702040832351
0.04474433989023192
-0.6963198119311353
0.2620410354878877
-0.09895527005536058
-0.22829828885786593
0.7239735845552399
-0.16532482031838336
-0.6552444777856103
-0.02491660293228095
0.09015678205442865
-0.9010218239527412
-0.0682387098864971
-0.14282416465899278
-0.4635852896883612
0.2304762670427703
0.009202083227552667
-0.0037197154035507034
0.3968958366871757
-0.5904053072961537
-0.12778955698629427
0.6202116766503012
-0.23956900209752716
0.3118056918881138
-0.4224162427886483
-0.06867024376526075
-0.48185708199872945
-0.10892042475532379
-0.653508748803263
0.653334688809381
0.4158222935094752
-0.39381536442967613
0.48654126055583474
0.39373499443447096
0.15557007363825912
-0.4711958601342064
0.49049764739018087
-0.24837015520359956
-0.16050279583419744
0.1373751530089713
-0.32852256614770364
0.20702543923584324
-0.5619031261898897
-0.3862754509070548
0.21173632613017596
0.04635947168917735
-0.6715235299035014
-0.6452357628990495
-0.0006608394105315066
0.12567286770315644
0.05822817701879706
0.0363567772118609
0.1609931655247901
0.3900897021376692
0.5450753612159717
0.6481034372946542
-0.20709466629823636
-0.7199254024474876
-0.4554303590371359
-0.4701837711892531
0.46451067154562375
-0.51141895001485
0.015671332046436573
