-0.5127931479567907
0.743543869354972
0.053971915342597994
-0.6813935107863776
-0.20301985116065427
-0.3131792793481747
-0.1793696456520705
-0.11130440445837712
0.4210281167810584
-0.11766583204195662
-0.03288143845613698
-0.6370155927777287
0.011441997356221738
0.006145265102482982
0.30153800020231036
-0.43253746481920563
-0.4858368568006793
0.47364584656970576
0.1943146273519585
-0.32983544335651893
0.631133589116513
0.352755629390561
0.5558561080781541
0.26453738784076775
0.6251984342019171
0.39261492769483525
-0.13577064467557
0.021979919067663313
-0.16019494509065627
-0.1331108432399699
-0.132498697873799
-0.3863611893038044
-0.6159774515142864
-0.587827914608758
0.015773045889316856
0.3375674060529225
0.14896886405891482
-0.5999182071165037
-0.2511445613002636
0.5714471382977794
0.2935111415799083
0.6575966463303435
0.06765681806626583
-0.2692440310270041
-0.8026935197212492
0.3702146245957522
0.15054295965307327
0.41735461983869526
-0.42262685608766437
0.06010131194274985
0.37461019719064326
-0.2866500688068654
0.29901818658954393
0.09845098399291456
0.23561796246953778
-0.5799896465978112
0.0670876149593087
0.1890073616087867
0.26092766409820095
-0.8211980004923015
-0.6110111496703649
-0.429272277407979
0.1472256239940397
-0.002474017042917989
0.8801276726571827
-0.3664359560824161
0.23993381115420342
-0.537520929522018
-0.0776950366489533
0.5018830186246943
-0.32935844537411396
0.3078266536034499
0.618697328059245
-0.3221247936487025
-0.10028288512498985
0.5686969510812498
0.32793969893277897
0.07474021783350274
0.23489130533694094
0.8913135262413636
0.3263774482917267
0.5751926719037486
-0.03881006372867767
-0.3484079144179493
-0.47689616501901133
0.4227974116028055
-0.36615597323124643
-0.2517917410430652
0.19908210173766908
0.6721607453211091
0.23601351658494876
0.028114771941542445
0.3136450353866675
-0.2612017916479389
0.44868605319290755
0.09522483831999064
-0.04894028659798813
-0.707758554223892
0.40345476525160856
0.7269939029806354
-0.11524317112229061
-0.36829397159832156
