-0.065327958617604
-0.441108588082985
-0.439553043121071
0.295272527687798
-0.073313773724410
-0.231689093348141
-0.489740039131480
-0.766990616884198
-0.041335737488850
0.372598809560970
-0.632019757242421
-0.039982755277630
0.579774081637688
0.166672225841003
0.524462881641564
-0.174825926457843
0.151054234310778
-0.094207037886912
0.627594383652549
-0.095684406565862
-0.561999408817941
-0.685802066532431
0.606601461658292
0.145336377308902
-0.580007266200545
0.044295193855188
0.022269209527111
0.287652575010797
-0.615806819706703
0.070254397878642
0.313626830810501
0.407719618726215
-0.776418601903313
-0.242410394740932
-0.314425682681583
0.331914604260678
0.487353039466436
-0.350699574879122
-0.513529679061258
0.318432529199190
0.480711251244505
-0.316442381443069
-0.166020266873169
0.488615550923998
-0.403321860649339
-0.405050401259538
0.204761979290482
-0.024148509718472
-0.022004823996783
-0.416479511095843
-0.399611365936070
0.076322983952509
-0.121414596907306
-0.685004903923168
-0.030357247399127
-0.611267246336866
-0.355227517473090
-0.412216923419954
0.028868256132278
-0.558378347724169
-0.753865814755810
-0.198294932638124
-0.017721361626551
-0.249797825486906
-0.859423275654748
0.229678184953508
-0.032880859407462
-0.098005518132147
-0.399355996561493
0.403230060719941
0.162220819499294
-0.520780622433438
0.259334091099911
-0.435104152114455
0.323189225038138
-0.660441856826628
-0.409314866633846
-0.577945881074888
0.286507756402646
-0.172781839860400
-0.411322488774656
-0.067342030810655
0.231012616980357
-0.287551302147598
0.696699894464482
-0.283749881776046
0.308591722034469
0.247654739353518
0.664351888217480
0.174373091871116
0.203602797082841
0.261114450946262
-0.151466902810788
-0.849039122448165
-0.093156681452424
0.051582820041809
0.518181857038884
0.256986230478977
0.203051058124825
-0.692624568298557
-0.292859933846241
0.043426985138294
-0.283125194226076
0.563610764539022
-0.416180996196536
-0.197310600519036
0.117882559124950
-0.860578748826555
0.028712808688141
-0.108071054460351
-0.808620790344901
-0.050671139845120
-0.625402009052321
-0.341330253625063
-0.319870374681505
0.629423554184849
0.027443300720304
-0.217849491954997
-0.186465469638213
0.659719394981265
