0.507657286181377
-0.070655708251123
-0.858657004093306
-0.730138559608730
0.079434770840230
-0.034643244823776
-0.267772468917008
-0.461489513685488
0.032018604005841
-0.164171269892031
0.654932982468531
0.468257286933206
-0.186203973672482
0.881071520651475
-0.376545907082551
-0.028071056710713
0.020239625563638
0.751071693579147
-0.531797006293144
0.533265828132421
-0.282128038704620
-0.510421273622211
-0.164243023500412
-0.277964648625980
-0.218181381002878
0.305043257588859
0.442469904319413
0.505723384523220
-0.229734011422961
0.412069019476576
0.187454547489922
-0.293877549392297
0.036985204775757
-0.188380118613031
-0.298076782851559
0.278365160201034
0.188090426898211
0.692661643557437
0.118705425446975
-0.511562721340734
-0.242925736753593
-0.745856175696592
-0.448945688825449
-0.433191519486272
0.331514148214777
0.019107653036033
0.637878474311012
-0.178809739436864
0.098786182346246
0.365014485483988
-0.319343233705293
-0.421219249804382
-0.260605996667713
0.388212407861931
-0.290420804067073
-0.931746041970998
-0.140644543708488
0.353960543969174
-0.212046554713674
-0.285064307478656
0.381275124944183
-0.714705670582491
-0.343600726503701
0.549223229203614
0.214698918220165
0.031640143813669
0.000000000000000
0.000000000000000
0.000000000000000
0.539589094455340
-0.150621020565668
-0.381503032557739
0.024603310077645
0.282310630437044
0.796238361121468
0.001929458988919
0.272560600008672
0.500552387230136
-0.164910528329585
-0.125996471293651
0.064681082338339
0.082643214074496
-0.536305649413814
0.374486360246410
0.153500817424768
0.543234342164792
0.185895720669656
-0.587754697173267
0.299983671088017
0.446972280808192
-0.514362532307615
-0.631630937255744
0.006278870467778
-0.550925260929039
0.361141128797911
-0.296181882447844
0.013518209990943
-0.386216617768418
0.853101902104541
0.527699464697975
0.549591130041234
-0.466539242465119
-0.566807440980953
0.010401745469480
-0.386486725985283
-0.290266219198401
0.122494018075794
-0.154045354556231
-0.467014561491873
0.044276849927758
-0.529932264896823
0.655542164259916
-0.035750938626684
-0.360221276375184
-0.674497154042518
0.457569622468216
0.301179754355766
0.442850220793585
-0.226194708674583
0.597218234975957
-0.147552034593031
-0.011387664034236
0.076307931152315
0.271543533290542
0.261461605447243
0.778709490730568
0.261974045721737
-0.330567745504243
0.218765146407251
-0.704490249078175
-0.374308515492271
-0.121834906744495
