0.622683082390305
0.677453013712852
-0.391565056045968
0.213196036266312
-0.055631520851431
0.870585141391112
0.848693859629322
-0.270718091798814
-0.433334206636371
-0.526230779689133
0.004966337209335
0.350179229935278
-0.332339745839053
0.265017799156589
0.218418730886622
0.053970985865724
-0.357516424419333
-0.614703435848344
-0.170967004709932
-0.150971607738725
-0.402413517756349
0.262777661526248
0.366547039772652
-0.732113430509992
-0.131819217174133
-0.668095557405856
-0.380234460531658
0.192897488487002
0.462658601764548
-0.238220893868127
0.094142766683989
-0.031357710951227
-0.002803563009610
0.500590874038681
-0.078176216127048
-0.286887300757920
0.161252404042662
0.196498062489194
0.255648817216696
-0.157900622122330
0.330080164072877
0.489092623266724
-0.230378445684705
0.492710736377652
0.811611424929401
0.157975003079889
-0.151979286552154
0.698549162605300
0.692766760323881
0.335140695795374
0.188102011986500
0.178130947361599
0.028617703525600
-0.702057786609708
-0.081050768974113
0.608431273369578
-0.728376766541066
0.235902997879532
-0.490898533685076
0.355053382251630
0.287670693827668
-0.717434908555682
-0.299838125815414
-0.138318743852173
0.168541254744249
-0.501035126068868
-0.247124870792062
0.754418008570565
-0.282949122928906
0.000000000000000
0.000000000000000
0.000000000000000
0.318398086114532
0.158219354534665
-0.259081821450954
-0.007148664471739
0.091853390202776
-0.100815495156491
0.649182212251297
0.342312973032982
0.248626814149761
-0.001406292230678
0.840060471220431
0.256720751983118
-0.563416960813473
0.380206446407022
-0.171502802570666
-0.404658589669044
-0.594722790215443
-0.518263877083555
-0.248053951632056
0.388840102563478
0.218800605167673
0.257024572489869
0.545345024689460
-0.168020678385754
0.442567565661084
-0.114544327584218
-0.694983402475522
-0.732071141989788
0.335589733155887
-0.584463298715636
0.531812903344451
-0.584997136656115
0.189595144098087
-0.890536331911060
-0.207423187269104
-0.184256665588194
-0.386848201136197
0.193273886168306
-0.663246981816101
-0.111526629650949
0.041389153285714
0.176911124057108
-0.325151046812031
-0.324668548111433
-0.502834359315964
0.097111081830118
-0.571022247973145
0.192030187742078
0.635448595031591
0.147378191032521
-0.221472365720910
0.215491020730698
0.134459033331989
-0.167910192476901
0.723667079047715
0.211979845753697
-0.093145073223210
0.545626601921702
0.040607418718485
0.115206210884252
-0.135383593267382
-0.822590890253307
0.080256357628716
-0.265893268306676
0.466744963049258
0.034241345644302
