0.459408399351968
0.444785360350137
0.435628126305059
-0.251076384395402
-0.592533248311317
0.250236613603386
-0.703155903291269
-0.195586053780875
0.556556235153657
0.107071333869544
0.017612745233317
-0.956096558472699
0.108951545080548
-0.092059778428814
-0.510223569352515
-0.654522879985659
0.463520757797764
0.366200722763983
-0.571300880582812
-0.075279147010389
-0.022637135640113
0.125462738070820
0.366315634174284
-0.105613594483618
-0.682964673614525
0.283932242006640
0.458042969472284
-0.162194628014568
-0.805246479258518
0.261794135051611
0.252078368883549
0.540739386147571
0.145970090105908
-0.914845441459188
-0.018074503360558
-0.235519602010266
0.293971276643961
0.393925560324235
0.224689641681020
-0.220872387486539
-0.142055157874842
0.140608484466893
-0.490645988376402
-0.203344003495657
0.670411168393002
-0.194113279603572
0.024973814915596
-0.061491271756130
0.432240653719796
-0.464313595188259
0.512156357660978
-0.375083353836072
-0.297405523422057
-0.431157557665318
0.421757741768138
-0.596186585789335
0.195887716956680
0.380761625804123
-0.607171998662665
-0.212098359454927
0.448688834218727
0.313443201558117
-0.307493929576247
0.601765489994021
0.248735716019213
0.662582902666539
-0.479158248320777
0.407654167545981
-0.529278302820520
0.404558578812167
-0.483647738497297
-0.061280198685503
0.048694976184087
-0.353482846897709
0.629225962830844
-0.195955239721378
0.187451991551615
-0.289872943259150
0.013203702361845
-0.068355494166617
-0.263169299513794
-0.058363622856917
0.700169558161443
0.475060779951791
-0.413123944680873
-0.227855492487327
-0.007471157050578
-0.187560047187239
-0.264988368745726
-0.749692141541649
-0.215431187147629
-0.767195333729444
-0.451573304883543
0.026116411076499
0.098191872651545
0.482508718966163
-0.410381546034506
0.283864541257240
0.087992897603735
-0.664507432967161
-0.419720422811949
0.070815134047624
0.290269502695716
0.143532181030320
-0.049028322957246
0.705497701121460
0.310956071990657
-0.336893783494574
0.128574603045695
-0.941443563445684
0.091747277678455
-0.022640721206940
-0.487832443100558
0.173128567337118
-0.703796461860611
0.673306228078029
-0.096147960205840
0.039466631599011
-0.090017383152952
-0.570627745227307
0.156413745604115
0.608717223731874
-0.435848224155456
0.378779804534957
0.279287994136545
0.454790106023251
-0.231602215275914
0.130153920063585
0.608931363326677
-0.692382357942085
0.222578016046961
-0.277389383180671
-0.036135567579880
0.035035355242763
-0.366687169616476
0.053052543207031
0.223469268654827
-0.520900033152361
