0.24001746147259284
-0.4869540467561739
0.5812511319220081
0.19748624122586478
0.5181318387611175
-0.03882548468570489
-0.276670334162611
0.2054711786065436
-0.7551410116056717
0.5284973475036643
0.39617395627726665
-0.512378309204874
0.5818415588457793
0.53290065079206
0.12579473319402476
0.4651311862988107
0.36988230479505696
-0.3740004386028057
-0.19350519390951598
-0.16814015074992733
-0.552390412875516
0.07860484772640007
-0.4941049504058474
0.608650533562612
0.39810849433489554
-0.05812279554253936
0.3075944988673559
-0.5123709673320449
-0.48316683562880824
0.2853609190892915
0.0006015591624197537
0.5491837319751318
0.10076636011287718
-0.7102429724915369
-0.24279076573672595
-0.005754410514502384
0.3394356252777802
-0.4809166113880752
-0.5331650962007459
0.2163876184485758
-0.4712646084314371
-0.001094842888362038
-0.7756459741334677
0.3993764193804178
0.20141894303065155
0.020446369460859096
-0.5549865329947097
-0.5441292770461311
0.609110415891682
-0.5830217954187448
-0.46649952790514193
-0.44425265944507314
0.5404290174689752
-0.09008656681208532
-0.9461702400933383
-0.02448083512035209
0.25642600752145406
-0.12600697280805268
0.07920090870215564
0.6237557814425239
-0.23873072401600595
0.5865816228440237
0.2843010965669078
0.1261874050006922
-0.22126074062977935
-0.6118416525886684
0.2937739843509187
-0.7480307815786952
0.045424858157178345
0.8277732112948836
-0.22592716859442513
0.4291438873591014
0.054452415499486255
-0.5138365873432115
0.31689334503768973
-0.3105729331047586
-0.7336764490619527
0.2372645891024912
-0.2892694537323117
-0.10311904729273101
-0.4654963144541526
0.09712056316643905
-0.05963904850039869
0.536857521517362
0.40889388196819354
0.10709662620981417
0.4277722382640241
-0.35207193130656406
0.42838593377759776
-0.44664816017109976
-0.21769688947523635
-0.7626751225863053
0.009175134866589555
-0.33441907215171823
0.29893600340874416
0.4219327599742443
-0.41445268084217124
0.7443566090770303
-0.13296317350810177
-0.35353720876987615
-0.08557981922284393
0.5387786959384847
-0.7747712188741912
-0.2872564637280514
-0.07386670278750446
0.40825355457841433
0.15974782467431617
0.49435222113883986
-0.35623600981144965
-0.43743563757780535
-0.22579552180470377
-0.2868143884001913
-0.181137818060608
-0.7848639794359491
0.10066600510280407
-0.0373976050116681
0.4321689280800614
0.2225855830610143
0.4908031448959396
0.32413447086862057
-0.0003122591803327557
0.07245082681179742
0.25729177595044966
0.5038697267210026
0.4736072529176769
-0.15579451406061612
-0.15768395792258277
0.04487975215975947
-0.10737711767448298
0.2739463392211418
-0.10082086742383242
-0.7096243653516775
-0.42961061006754575
-0.2441128935797635
0.5233986497392071
0.664734556542518
-0.016072455320731927
0.3444413754921222
0.09344346714999117
-0.536520531774747
-0.23557889468686316
0.13910696528987596
-0.20755988220892388
0.13096601315242143
