-0.702611587644960
0.526306370261260
-0.478893058552165
0.853733800558469
-0.162275010454635
-0.009130308861418
-0.013696427088470
-0.124760170927737
-0.565476790512510
-0.484122309127622
-0.211346933245631
0.319264080808897
0.070799690219239
0.214232909947943
0.011488834575345
0.187226075840309
0.168386414565510
0.052978636283424
0.019584481612810
0.073260285948742
-0.139630516679347
-0.087793634776158
0.044559834162488
0.503180014332748
0.498031814828976
0.430226769775463
0.001074967773782
0.328697374579161
0.024327333761978
-0.582834846957746
0.539482200902696
0.485763795772003
-0.075951094222666
0.684886198494874
0.384367607304241
0.428442125651677
0.712801850779991
0.042179307500674
0.443651635632148
0.679002655440047
-0.591794515898537
-0.188283488424648
-0.637198190404584
-0.074572650877076
0.389200142660636
0.254056317640123
-0.858619828666373
0.197527228147762
-0.357122595118391
-0.794964951489137
-0.378437429178164
-0.435170916433876
0.143689851323324
0.209129535184839
-0.557541191476536
-0.092112139971621
-0.436756576936770
-0.047446192012110
0.318293231775843
0.628635097542820
0.126736512704104
-0.312988271501232
-0.566342051090013
-0.072814630072650
0.130598428413735
0.780842326463024
0.014100548405338
0.285418582499247
0.200599318450575
-0.504849712916314
-0.172389089960661
0.443665061948826
-0.096117311264478
-0.024973229221721
-0.460940260991034
0.000000000000000
0.000000000000000
0.000000000000000
-0.478827996791213
-0.108763630490916
0.060135500308758
-0.296431186396169
-0.608793650647851
-0.453852563823743
-0.347674450809966
0.627555579948720
0.322993778031515
0.302269795573832
0.035134598212781
-0.925396240284332
-0.591977345219837
-0.633909311304770
0.426036951214735
0.029036366853960
-0.665603950355066
0.728615789059074
0.763381433747620
0.371133347111782
-0.128939510311356
0.349218219475023
-0.571525854243700
0.343908295260112
-0.437879086572644
0.337830127155017
-0.495784699922530
-0.247326850337346
0.622888007974592
0.134401932785178
-0.441904568012295
0.014100562856776
-0.064430655983887
-0.025974713348088
-0.381146071417473
-0.383875813582744
-0.141538505680350
0.328674228191172
0.158820892760169
-0.203432561293219
0.169579695835366
-0.605638963909436
0.074316234743843
-0.172116808377450
-0.352226167335406
-0.043192672861508
0.131066021999439
-0.279705883107815
-0.069064599134015
-0.497795442957432
-0.702619467241996
-0.024649550756554
-0.601547259802247
0.356987618624450
0.371178727269984
-0.486587886124332
-0.355970185697986
0.327288276594508
-0.563144746307194
0.375477373656301
-0.181056421133970
-0.465856449142674
0.343691260443724
0.155067389629943
0.913286055326812
-0.141279887297876
0.575785839410670
-0.195377821135392
-0.385834492988032
0.397191539689367
-0.029250570642580
0.786800585289130
