-0.342936851042515
-0.429279516156830
0.835531814597865
-0.439646856379708
0.135105976968879
0.316184430021957
-0.391150049962620
0.596063550396345
0.199369699453099
0.019723046597508
-0.064666439975168
-0.582459263022815
-0.068702306732940
-0.195800680890605
0.738080163377371
0.015157798147853
0.165690420997725
-0.145418728024071
0.635486613955814
0.061157435305240
0.008421178114407
0.417966889776067
0.517056430127437
0.096719792140077
-0.345043856309956
-0.285122628007065
0.559930752148696
-0.416130897070712
-0.534895270632548
0.282875035110757
0.137373024836171
-0.399272395215609
0.721919646387379
0.494520764284892
0.501830007933202
0.182334088647684
0.653949655368102
0.399970479044596
-0.308335265596159
-0.614876505601412
0.315101384898873
0.350618341805067
-0.005426584283683
-0.175543098232230
-0.373134903793137
0.174342934790247
-0.867568858926064
-0.274402753102157
0.312183261395537
-0.786255322615250
0.512001394532984
0.313428922680814
0.286242706216814
0.533739327194599
0.519251111883172
-0.574116342625291
-0.076525648959321
0.329984067224659
-0.034278964584256
0.345917488677987
0.126070869409072
-0.383395459081218
0.151550319900269
-0.215232251594715
0.132316286018747
-0.865174260431405
0.007100590190162
-0.787189512894785
0.076771535147111
-0.648902509270419
0.519172855284608
0.240875990341769
0.667243513493042
-0.243105327485652
-0.296327483863095
-0.261289203621553
-0.370447475444060
0.142718099778488
0.000000000000000
0.000000000000000
0.000000000000000
-0.033108359931588
-0.581133026453784
-0.591331264979048
-0.505978595731564
0.318541285487980
-0.307373901534117
-0.538077826858373
0.220515408984561
0.563928777893550
0.021796982791318
-0.608500600547311
-0.203547708206057
-0.887889239877236
-0.234573112477558
0.328326775785318
0.716461927896448
-0.203711648206882
0.193725283865494
0.203134698446223
-0.629143400550810
0.333940840200323
0.442308661459414
0.361950711746366
0.399352109401686
-0.117717139979441
-0.662114993999410
0.091925242155618
-0.518703424671743
0.162761777053380
-0.070693647453679
0.582677534581508
0.335832334184422
0.134438353739275
0.201863883315033
0.122093207445337
0.511514466496509
0.370936892906755
0.504972924445407
0.084338280405817
0.671121204436732
0.154181079064006
0.596447852063680
-0.170083809187245
0.328200599734279
0.070624424860126
0.130934012368446
-0.040609307232957
-0.058360256434272
-0.036664709906566
-0.499440316473980
-0.533071124240016
-0.388293791260205
0.008192302751473
-0.494037803041841
0.225760356147184
0.807704976745932
0.258691884534030
-0.031825107238383
0.220867146591511
0.874271939665376
-0.312938449265336
0.108990056424947
-0.278983282629157
-0.218290843479546
-0.303702936385801
0.484254084011905
-0.143637442354921
-0.404299292642068
0.259372712901556
-0.323300953099547
-0.010300253683175
0.550678049549743
0.754990762901999
-0.204703233809309
0.402757616941287
