0.2684910835214015
0.4023741591001325
-0.3111803054202499
-0.43695914062325036
-0.04370672874488078
0.2785931071382878
-0.37074925858122454
0.47765160730655104
0.06982436940498421
0.6167109235503396
0.3196090768755043
-0.35489642516917697
-0.3831094720569985
0.6774200199156539
-0.1912907869893162
0.3094115208359068
0.4643745646474757
0.3684963177026181
-0.06523564635938747
0.12590543981557273
0.18980924769936589
-0.08549290612108595
-0.1523412364235962
-0.08242707469634589
-0.4949850748333056
-0.2627042519255648
0.7330412866985678
-0.02995024533034728
0.8815027554979783
0.24586649917074346
-0.08602502046503659
-0.45637809509443544
0.6549452993249648
-0.23059064102819166
0.6422980506197812
0.3429933868771843
0.243549945042955
0.022392940516147496
0.1614330589242393
0.38557313332641036
0.18172649037106173
0.4602612350951753
-0.3401325081806829
-0.3718515748246923
0.48418546739980456
-0.38421857716297736
-0.15577981612360212
-0.37584074553382996
-0.2747613286970012
0.40048323772718736
0.31769096175713435
0.33951917978724977
-0.2879960729448783
0.18129154585955887
0.17471248188425187
-0.02322275604398115
-0.10220797715420087
0.4624487980040313
0.3454342204411555
0.2948609112298717
-0.14359159921933892
-0.06986639221798438
-0.8336958985136071
-0.28160369430187837
0.7137355411280258
-0.07866876149257529
0.08351695030972983
0.5009894836165774
0.0776768542801088
0.26273534264380594
-0.43668246980023445
0.46898525395289803
-0.5333417455176541
-0.20258233952903923
-0.2944980207310723
0.15023628451661894
-0.34373173953982544
-0.7343004424799022
-0.6003112359447801
0.24348339392853688
0.4995164147012755
0.5928424030757838
-0.461162568977959
0.40670539956118795
0.7326915157349537
0.021816535605816968
0.303653862613854
0.48838203323730656
-0.2854032047946436
0.26757092977107033
-0.4002597493765844
-0.30470010328090535
-0.32355380377966575
-0.7298379626620379
-0.09599768611139843
0.10465290650848189
-0.882182261261456
0.4021175300574203
0.06261413652574595
0.579611826948551
0.7193675858180995
-0.3305288105150691
-0.20038116128206632
0.09964446131721942
0.31391893099948004
-0.25954797326882295
-0.261728244011365
0.16043289967590788
0.07850320136527478
-0.4431331500203784
0.3909419954322082
0.4313386006143208
-0.42060393478956554
-0.2316809199273199
0.9126839226990421
0.20136009384534703
-0.20145351281191168
0.4333507459901437
-0.19382575747317968
-0.6173387592826717
-0.2174092330584169
-0.18559315601970372
-0.655659303417212
0.4076675338177473
0.6767079513011519
0.2504515888643601
0.5469645811001972
0.5957714222775028
-0.09527854317401108
0.016229951918072992
-0.8581342747511876
0.17961213512110852
0.5870683393735967
-0.47745890309621886
0.6211872040221821
0.20573120316127091
0.46180916939641226
-0.5694561569679787
0.0926509359955026
-0.13915849123750515
0.5014997577759367
0.1950598247417494
0.024527853081356712
-0.6053447049792211
-0.15580201593841184
-0.5380897119080951
-0.6497583830885864
0.1110585480644183
-0.48294018015305523
-0.5241814315342569
0.5657899535020143
0.03325606141515494
0.5162883466435632
0.4560242650402887
-0.21836538507584932
-0.25384806187270265
