0.744293920407359
-0.469607870700553
-0.474863146412454
0.246488777510276
-0.882561167300783
-0.207669965764879
0.466448093354911
-0.220394170033952
-0.377706629448124
-0.367670333051827
-0.186982428634224
0.353654533871132
0.198819192223241
0.000724118594834
0.482931918806373
-0.542640868249762
-0.108719733169915
0.025665197972665
0.120671197614263
-0.124566627549339
-0.163820905611604
0.095598950402857
0.256343780538683
-0.299345029517054
-0.265194484600566
-0.180229072986091
0.553161646782151
0.537335676755835
0.501021230596363
-0.488135403588928
-0.016179908922217
0.154299305688815
0.221759446282347
-0.016293714699743
-0.552564297176433
0.193792044011934
0.710233932504360
0.059213498665018
-0.068662525052912
-0.673462065051276
-0.074620150668081
0.299277655507004
0.295525029491353
-0.294011842024487
0.273201621552000
-0.165822244998223
-0.431329676293571
-0.423980993087677
0.439768757814333
0.097620101310264
0.673117005082368
-0.432349793957201
-0.257825080341818
-0.046021646695993
-0.505302928827142
0.235784839249105
0.104820559156560
0.002143578465811
0.322159842415969
-0.124340247266450
-0.828701067376517
0.300237468925931
-0.211051860628117
-0.266546728439476
-0.255629082396887
-0.272318855369203
-0.631692485721543
0.025708955375311
-0.177377013345279
-0.340192012801496
-0.110584508773698
-0.438565743365773
0.159241716208459
-0.399923171654713
0.337690061500923
0.267808562677928
0.260047137065735
-0.580614406666147
0.149405808941038
-0.302395699366183
-0.816815469576974
0.000000000000000
0.000000000000000
0.000000000000000
-0.195801694590924
-0.087498979920229
0.266848044327900
-0.196181847414428
0.710865229628047
-0.217654763656753
-0.830979428405972
-0.054910400887977
0.106031154329300
0.300481688177303
-0.616850490462339
0.506412276451157
0.438644208141049
-0.393351701855282
0.588156359014758
-0.489715183223658
-0.169582831943162
-0.821282552281658
0.006481865975375
0.243707510270393
-0.880968725333496
0.704334509849799
0.075672825274266
-0.298978395318002
0.006574852095122
-0.461811874248375
-0.093051001409227
-0.219220846686483
-0.748932041477336
-0.563733714108369
0.369099986027964
0.312904451463599
0.650159873102990
-0.436055644929482
-0.443374908758310
-0.317208362369740
-0.049028122298899
-0.537427948945996
-0.400101247037445
-0.388083595057811
-0.774694502272271
-0.028677849831968
-0.369094056415031
0.130794593242304
0.673320252784882
-0.345124587916567
-0.269856129621912
0.389940945606456
-0.432574319337505
-0.746427387759235
0.014405023426154
-0.133312776815314
0.538061912536557
-0.608936935891053
-0.196105296804673
0.233773178494316
0.887491271786609
-0.279534792054474
0.311283239709809
-0.059431978043897
0.598960869677753
-0.654766671121707
0.044447022224365
-0.592486917626506
-0.271526671192191
-0.379570240543021
-0.373489452091676
0.673650006233142
0.293941912407401
0.039807870042201
0.783202535316618
-0.292708177392514
0.303457234705290
0.590622749483617
-0.287435985098328
0.382571772253690
-0.251861133344203
0.096187538197538
