0.678270637463414
0.459261573250736
0.573609405161939
0.202839544441399
-0.024057446335387
-0.437401666822686
0.632447996703819
-0.362051080599521
-0.221664659423104
-0.359111029295972
0.226265870936425
0.389258804891355
0.790239544840088
0.135993602682891
-0.231530842169486
0.664978842790786
-0.336486489429484
0.339659075416278
-0.473256756577253
-0.172785402085596
0.637002335813686
-0.804503576576367
-0.237186915081986
-0.134683508048671
0.348401269129352
0.022559074555056
-0.440335472675230
-0.018644040377576
0.757749790530822
0.194396747910391
-0.171594681600601
-0.800800944659177
-0.447136356515240
-0.355892387539407
0.370840992408138
-0.751963364630752
0.454034512320763
-0.716537454123202
0.048760672847901
0.174165934707453
-0.708706833962083
0.409575770888874
-0.384523776247498
0.362049902424742
0.532131121661792
0.096774925469585
-0.220448036463678
0.873042605685636
-0.717041134861782
0.537707221089691
0.177351912572516
-0.350513910581838
0.365357292266792
0.712721748954816
0.142174581456603
0.289790189247601
0.888870945818819
0.137079223910027
0.575543450047390
0.160307516074818
0.464728149978900
0.422967466170853
-0.501130126058919
0.195264112887967
0.645518490132744
-0.555163013369618
-0.397861479740032
0.156604735722696
-0.233157196112048
-0.216792538590210
-0.209315570175924
0.349051739430341
-0.045464796410438
-0.127899205834235
0.544351938172205
0.533410981042569
-0.426240999561706
-0.047209279605708
-0.584122252879061
-0.248347280290831
-0.284075418959481
-0.068024298335362
-0.274178085357389
-0.099204214923577
-0.190767865947712
0.098534436913077
0.023381263746913
0.000000000000000
0.000000000000000
0.000000000000000
0.383905595472910
0.785471035154981
-0.051077265436935
0.535039178515771
0.349340630855554
-0.107179878482381
0.290770303179752
0.047220994558985
0.762589939327512
0.401309686844465
-0.216943453976385
-0.308717903507619
0.215067318523364
0.396124335220400
0.355025707673084
0.096737058367381
-0.449142710947616
0.359602611349053
0.183443662828123
0.377522849931896
-0.319689905372266
0.476430575502470
-0.393607280146108
0.549817725314969
0.339877541989788
0.167200047212486
0.494170982326847
0.211466378503409
-0.287991790230990
-0.041047417505079
-0.057452823809156
-0.301821391915279
0.275629616538432
-0.455356373604091
-0.256039130995567
0.071719395290771
0.153508138318621
-0.525358540142933
-0.009066110110849
0.116576213971962
0.565662156213322
0.323007916896197
-0.188856858546321
-0.371301378386508
-0.079386768832060
0.216025001168032
-0.153925287803372
0.308073788330006
0.049055091317063
-0.472649635210565
-0.099386500059553
-0.092245550032707
0.257677808986822
-0.175526013848523
0.512183629681467
0.598775491727258
-0.058278330130441
-0.144706816903753
-0.190714952060423
-0.544685790283301
0.323895789273924
0.248345823705634
-0.265306809637025
-0.304662852604082
-0.790812984082101
0.211220955493936
0.834860213556979
0.001783726507492
0.300592935102499
-0.131950150701275
0.816909547947440
-0.022442393916713
-0.387705319770960
0.394537523526036
0.474960363679110
0.232521035504627
-0.207636853288013
-0.647492767226895
-0.730293670556469
0.246833246942059
-0.562229578585417
0.466488889478813
0.022335452753307
-0.857462037709370
