0.735286931064650
-0.463201311936358
-0.494770324116116
0.615236756482580
-0.538221789087985
0.079916264034911
0.093290169470644
-0.395502517253612
-0.263438110583903
0.503402616335748
0.291478020494741
0.025090268238160
-0.080442176178768
0.580675901108847
0.726424207641330
0.215087257844426
-0.206127376439928
0.693242764451768
0.291413697289965
-0.717780476128814
-0.199825980002461
0.044240284500914
-0.587968533860097
0.773767087187320
0.586238666673260
-0.564196449266776
0.108762996457698
0.377335930641554
0.368096192205092
0.316691352056333
0.012017073290308
-0.823019320812831
0.189282023893429
0.458749613604113
0.463845969295172
-0.553895455534504
-0.467783640349838
0.078891607037800
-0.151769016894268
0.080309076840275
-0.314169859151472
0.209909385555915
-0.465614059735865
0.195420325881670
0.601977800107909
0.144373623183557
-0.412927357354368
0.354065751298356
0.090940651339186
0.037001074573323
0.975708339801175
0.355127566837977
0.323152404383770
-0.296213231781723
-0.083803168592196
-0.751393890409176
0.402687426604318
-0.514638671775668
-0.478249717910239
-0.203425965528574
-0.359728345848987
-0.745929554990076
-0.453049245508685
-0.130245655263096
-0.320020818275401
-0.109149939562191
0.331180973647502
0.714982836203713
-0.321796197289363
-0.148962621878250
0.705959287043009
0.333234648038269
0.284299691287919
0.316072032049099
-0.362633849644142
0.322792297446189
-0.056203350034836
-0.756811941367991
0.552648470981843
0.053519081725195
-0.616318090883906
0.563407579693037
-0.534365293876226
0.367115212973653
-0.412751072972276
0.431678535872294
0.375111270935836
0.530101953040298
0.414509539554104
0.638172261493270
0.000000000000000
0.000000000000000
0.000000000000000
0.256336479140031
0.182835081903049
-0.475686211965433
-0.288609670483156
0.820707241024443
0.092839364775021
0.513488306596852
-0.120468942883664
0.618719516956850
-0.109697563059016
0.323956610778522
0.108032327141113
0.100405704264775
-0.640218452301414
0.103452760302003
0.590830347139917
0.035087818204367
0.098118136694106
0.196398643494891
0.117257779976690
0.036034442851823
-0.537814639115551
0.100104850929569
-0.164047662911857
0.762295444228877
0.174575212761327
0.101284387054233
0.149206734742192
0.322568481232871
0.400442290688461
0.085188293475633
-0.071325505334719
0.505223871237673
0.486079544688272
-0.146160927719583
0.703053628903790
-0.879088560897940
-0.087458229813878
0.265217197348808
-0.482284779263076
-0.054479363583832
-0.383497799759657
0.749192190804731
0.342040362753255
0.070740014981272
-0.083611871927101
-0.081408409575924
-0.157275807993551
-0.243554275783607
-0.290871430584054
-0.733341517812583
-0.371996828408217
0.345609300302827
-0.091649648351106
0.604931031796393
0.231833586655450
-0.212964213540076
-0.118832890571956
0.100214279244982
-0.291147453505594
-0.561940081298509
-0.585461822935496
0.458439565007506
-0.142440614400721
0.503571871116317
0.041133393096728
0.544542721441958
0.153651300324761
-0.219660633935147
-0.223104976473054
0.494632592556285
0.627161554175815
0.076945067673662
-0.481116124656869
0.287208517827966
0.091613065832209
0.104362944653666
-0.540909242122909
0.128451692702737
0.032802521845055
0.494647560845826
0.248816446188839
0.172711830191001
0.640970145687239
-0.311158176235944
0.161665884218906
-0.130210049164083
