-0.18627663959702387
-0.2685925054906359
0.3838453789364203
0.6003532552589435
0.2166889934390845
0.13390006579128277
0.05616265390566122
-0.3912016001085198
0.48006201889869654
-0.4305012008414628
-0.2695833560623993
0.5162873848758154
0.4533761311486596
-0.17667928607719657
0.37541975642377073
0.09032516394610889
-0.11990906309493786
-0.2918424169927564
0.4977768305854377
-0.3832324279611926
-0.04104733569869677
-0.6036986481257575
0.3750022911321916
-0.26207240541050897
-0.14523238282894768
0.9409855751650433
-0.0022232650245217053
-0.6382664006943083
0.2076334236642029
0.45204995002048326
-0.49061451268193174
0.6413084754072793
0.18182619085857188
0.02213837027373573
0.20008824963157376
0.04622947549535251
-0.36817543547968223
-0.05620687177426809
0.399701529712291
0.6298271772159111
-0.3792393971859495
0.3383110707420958
-0.5335075024533246
0.6133535856928558
-0.04760808561936047
-0.09719596494455628
0.03231766179812024
-0.34318566744660495
-0.3610680858144861
-0.09072283421152008
0.3289760593304096
0.11053521273704667
-0.626311633023128
0.4451212795218223
-0.10609431388588557
0.25962454682804487
-0.5725046393980251
0.28084308845321443
0.08067243658646647
0.46395275871400615
0.1056058178711947
-0.5341960798239928
-0.5269396761270393
0.38675114293518814
0.5151478458562287
0.34334027326291433
0.5014986973850662
0.15365087093515148
-0.5858222756645665
-0.8229035986592351
-0.501314130025237
0.03502187499142491
-0.3046934450138591
-0.5253933057600041
0.39385272161727536
0.47340660755953706
-0.4067559416325896
-0.03260438521037165
0.48136432271344937
0.06707510318812884
-0.25126899518094736
0.15911433659544696
-0.4080141414666765
-0.19962753949161008
0.2241642503249332
0.2978060412949967
-0.6129291494801645
-0.1636696301808569
0.6635654605379938
0.09092735816402304
0.099940024781147
0.7632084221253301
0.3915950720419844
-0.6900016742152766
0.12257443209451227
0.28907753212634824
-0.2944110451777464
0.6238263022680534
-0.37082395211963926
0.3001652018078741
-0.15305715482933102
-0.6015939040627593
-0.7076711015791525
-0.306896817178439
-0.16525881416171107
0.31817832486368397
-0.5180668820649117
-0.7229525878535257
-0.3528454737380369
-0.6625306028417409
0.20054805230683262
-0.5092547310878024
0.029743057079043924
-0.4074484601018546
-0.06282455498988133
0.29206316371064484
0.06481468271481339
0.5059481846570139
0.1477549808643201
-0.2594997223134349
-0.45039605301426217
0.02162620507276757
0.3341194072750765
0.42429125387993394
-0.19558154622742235
0.8596872752185557
0.7820520442366716
-0.16583637353333366
0.2498383892417406
0.24208373628040553
-0.5325478649035366
-0.05318892827285862
0.3697919671093969
-0.2664240646484757
-0.3594060555485116
-0.6467225849283273
-0.35540132452526413
-0.5719894295027992
-0.3537341534565044
-0.35921732066555223
-0.7064057066294122
0.4767601366999082
0.3434269015335741
0.22834291528065395
0.32406233410754676
0.6702650598365506
-0.19825711157037165
0.2704831434013673
0.04296809805630339
-0.7901642658397462
-0.6308341248314895
-0.09662459865727935
-0.13611954722953587
-0.24720229985175274
-0.6252694274074594
-0.12285305531940367
0.4098457505579226
-0.24296208710408623
0.39331744519761574
-0.17393523559960958
-0.05927457617653285
0.19110294884905893
-0.3058667536777427
-0.2639401394199685
0.5592717982344839
0.20787380093584099
0.6160801511659265
0.431979712665381
0.2952318242621589
0.7791050963622577
-0.08053961867848647
0.21457517286533523
-0.047496129784521994
0.8485620463907344
-0.2940428939092816
0.5445946540536099
-0.3198988084999215
0.0490682391875748
0.18164416475810574
0.6994448173995818
