0.643051312683439
-0.300079939404690
-0.704582883146464
-0.260356384840769
0.111401030010763
-0.739113913039147
-0.731994683931281
0.314513821572696
0.013075247697445
-0.135587601693035
-0.561729928310227
0.234104597239153
0.023385923033006
-0.520427213585377
0.755779111646192
-0.038491507388666
0.769187693149953
0.533345710042423
-0.082890545519092
-0.370924486992680
-0.144141228040954
-0.454640688463547
-0.485696848080097
-0.543329008108320
0.375119911073284
0.155271835281836
-0.634561747846154
0.294773642122217
0.036440265994954
0.397002559953524
-0.591481542557664
0.162649854193091
0.238523315361237
0.232331904611846
-0.661735521279589
-0.245699102867070
0.105983124590057
-0.738566399377646
-0.045025824633651
0.047925937906555
0.085375133860542
0.518342580649515
0.352591315381602
0.243919026339929
0.532018575435677
-0.818143246826398
-0.174432281450843
-0.008459136230077
0.274950334133865
-0.379159317251507
-0.531644992502890
-0.052397968489896
-0.312003674452368
-0.610321366239973
0.151022072305504
0.287793775146116
-0.456885022839252
0.481839800601043
0.095326655930965
0.034036172902905
0.516759146521023
-0.427990785538847
0.153779804315348
-0.214150709885663
-0.299434929202027
-0.024405933799589
-0.396231954987321
0.194280344808395
0.053661311750817
0.046863579835521
-0.239156967862147
-0.307398469106739
0.443804537581237
0.743301603415864
0.327264084103541
0.490959171378016
-0.550647387053455
0.236701217406977
0.550111206040220
0.680496621802144
0.312242394288424
0.159160342328387
-0.487421886282461
-0.613035252109228
-0.031412755307560
-0.462216486208492
0.631279116046374
0.215964719135213
-0.064089753218629
0.411872851033632
0.498805467199774
0.313152094204863
0.325497607061505
0.000000000000000
0.000000000000000
0.000000000000000
-0.407048666443796
0.279976019087528
-0.359777429558017
0.458543610853309
-0.384807056527740
-0.082189797577300
0.503934559235034
0.550973322980841
-0.231838057340149
-0.164918442148273
-0.142449337757605
0.331536788267537
-0.063418036949566
0.236567830416462
0.249849683502816
-0.581907920589919
-0.308093675544716
0.633426355494997
-0.315137437479570
0.385996485683876
-0.117852083753272
0.547673079880683
0.319655247869887
-0.174303808731375
0.412357124710309
0.358992171253640
0.674726460866782
-0.089904050949457
0.704089261211583
0.250951811396256
0.535752630274552
0.194887713994682
-0.350353870985330
-0.045135733758131
-0.551350415349419
0.367743675894862
-0.073312501219725
-0.798460809289285
0.280750375375850
-0.558312447713104
0.269349135905433
0.385846293248808
0.306831058712681
0.446783731997451
-0.079890225347910
-0.470612173925741
0.499308560313090
-0.164952330079352
0.115808655264903
0.057307815157846
-0.714646877573039
0.630531516909727
0.045800064567181
0.534748083529090
0.056212484159245
-0.280608396798209
-0.821999913887389
-0.489956169687226
-0.096542069161975
0.526078154301035
-0.557248787477880
0.659516318000512
-0.344085108904894
-0.308736013519371
-0.307934643287008
0.782453946573924
0.579900718526484
-0.429046481269336
0.570743553937918
0.240490550241410
0.147840496334041
-0.252479624773701
0.047062227863142
0.531493691038866
-0.339144046009229
-0.219019285808250
-0.066578637246120
0.290524583160135
0.023094310768134
-0.235273517752355
0.552619846303687
0.425295334947879
0.257867327817045
0.373475776511462
0.876594977973676
0.052459940427647
0.091878710506353
-0.138743848734026
0.725584228548333
0.038181819028806
