0.1955503425932414
0.18536306607838218
0.2535142930973936
-0.2775099320421827
0.6099980864928379
0.017750746713072158
-0.057322579660224464
0.35104026009636663
0.17222901652262787
-0.3498767820665316
0.03507793611313459
0.4336835607299813
-0.3953195054307298
0.01756621118841069
-0.13802924697952462
-0.06141567258598535
0.04908449038185206
-0.569836990776986
0.1937200356126663
-0.19354128442618446
0.6979361617122432
-0.5138467930647219
-0.5039140108519976
-0.2741211455855717
-0.7216131116623812
-0.41312217305257165
0.5047158608208608
-0.5859368289687307
0.368337361403815
-0.6381845367124249
-0.1114404921083448
-0.0709885473116747
0.04058408064928336
0.7148184999633774
0.5635088892216104
-0.026451648747855192
0.3159485554346276
0.2542837385011493
-0.5692890545613621
0.2912472401233497
0.3800860005197052
0.39615012479222905
-0.04438028125827914
-0.20219213349565174
-0.9109192478734295
0.169391200514889
0.7744426062369697
-0.20656048029510707
-0.38016178476009704
0.1782216964563894
-0.4408061266417683
0.06001629715577828
0.5588012161082929
0.1035682675819431
0.837286469213616
-0.10927492721549353
-0.34893722431326085
-0.05467967743737742
-0.0982045887426519
0.653612652730586
-0.5671156108878191
-0.5467867451030147
-0.01320935375677507
0.20709695594413183
-0.7430397624851243
-0.17310654809854245
0.14526885131029085
0.47451286866456094
0.38989148170625515
0.440769567710552
-0.6251999493135901
-0.5078257513417884
-0.021460612082537755
-0.30452782770999304
-0.009992635757901139
-0.4134968818958115
0.5998747671878151
-0.37617196582226425
0.25163175502461327
0.08451389142046732
0.34292295830843406
0.11097852059003391
-0.12785105406700617
0.06845519370324687
0.49115151298385457
-0.1991834495438688
0.6000497048826523
-0.5767911388465725
0.3795445188347812
-0.0975314731385259
0.1371765313283083
-0.32961496935330376
0.3726053087463177
-0.5898536155666629
-0.40916920149641806
-0.5897324623850506
0.6963758500724152
0.12573912129087164
-0.22321700628999652
0.2747530705718983
0.7753637579234512
-0.40883225977209553
0.5457241278817745
0.5656428701340132
0.2655327938986238
0.8932051231816114
0.1432616660939083
0.0776050692859227
0.10879277905163777
0.7004143008235804
0.4082751159880194
0.21334721369053278
0.5612487166131719
0.2781767023131619
0.4591337721373569
-0.0034389069186602475
-0.4428025447861994
-0.22370082913722417
-0.034168933910792426
0.051545223288221045
0.03351606174787456
0.19039249649874992
-0.27632135030644606
-0.04398515831644669
-0.4582395289765453
0.8769130032097321
-0.19335557699961242
0.3190915219922429
-0.17772668790216914
0.28068877925579006
-0.32098602116648695
-0.5741150114958532
-0.6889755955398105
0.3324175330001645
-0.16907385504925337
-0.33160933664892267
0.0009214408553281224
-0.13194413376740127
-0.2665249472284072
-0.22361716101057508
0.45589237394338433
0.6291331944447922
-0.08792331419701815
-0.4752524776406846
0.30361385184552336
-0.7443542237933328
0.16482802367991561
-0.05070803453079598
-0.006517468385115304
-0.40328574247334215
0.45988690228207413
-0.5741260290419867
0.13798489664305724
-0.22485732384090215
0.3385729084240728
-0.4626415695078503
0.5206186803371999
-0.13843498860507056
-0.2912538906589887
0.6883036073093384
-0.1902311415110125
0.3029346262281484
-0.11151098316267821
-0.27372998611987703
-0.2638132164346406
0.4491670861637327
-0.040637631752027524
-0.8386297771380731
-0.11678167408272142
-0.5393151655472297
0.15220524725652715
-0.15583061371782386
0.49023138868012806
0.7398193780013296
0.19649198259678172
0.9078941501935393
0.3221348711583255
0.5892284681691666
0.0865639548528907
0.06597719614352894
-0.5878405239347593
0.4090913435040828
-0.02886768449511963
-0.3855319116956699
0.7161335993436109
0.268737172866841
