-0.099036728789723
0.520840189270813
-0.847889865248414
-0.491995749259034
-0.380298976307000
-0.560462742520645
0.138016943418063
-0.018333616923024
-0.263823367134482
-0.397615062486674
-0.550152022248806
0.133281333982438
-0.004016101522146
-0.766738777352571
-0.235203221465242
0.472504065288726
0.268603071048039
-0.181556225155528
-0.306056740124307
-0.087771137074131
0.057152460576915
-0.524563372892772
-0.327277331420761
0.253787074012125
-0.614432319162624
0.553943394443318
0.049511951031807
0.650560255810046
-0.208719266885806
0.456743154413145
-0.379333626610549
0.517882276112169
0.611483590143334
0.178237226905763
0.815555385421184
-0.018601822617387
0.120198519666431
0.014028059409476
-0.807345693408242
0.013905543075426
0.007897797748638
0.170800584169920
0.331917084645065
-0.564119837252536
0.202645217135360
0.285188386477897
-0.399170581036596
0.099636679346622
-0.168606292860349
0.021298891541984
-0.297364534281707
-0.051078712899734
-0.662074601572945
0.037435314105427
0.150391975937666
0.022045852706789
0.806229134184079
0.441338759730688
0.302609833368565
0.058527086090215
-0.387041747356049
0.260706164392513
0.598419113244806
0.077205329850563
-0.826133807391838
0.309860030994958
0.498710828517266
0.028681917201664
-0.825442403243926
-0.006932422985705
-0.415023720286736
-0.412851858526700
-0.225683583389502
-0.628754279603135
-0.490196675865336
0.133892658257230
-0.083400558529131
0.405765290277563
0.041543596861191
-0.224130392293329
0.495637644922709
0.657206181865391
-0.527699016809347
0.353381454667164
0.462974183467380
-0.344039995370062
-0.588006409962348
0.395171573779636
-0.420294800859293
0.542079123710255
-0.567926340201280
0.315908570807335
-0.136383509691406
-0.295917356932560
0.426096534797810
-0.545993505903463
0.000000000000000
0.000000000000000
0.000000000000000
-0.302849073371673
-0.451456632226016
0.060528782857324
0.793376157713620
0.461229186925947
0.262362997149147
0.347899743786764
0.269634961646211
-0.572480441798914
-0.015202206156958
0.502489007909212
-0.322565733925967
-0.780787005592453
0.075667826376441
0.237224930321206
0.446300347286455
0.833775692441318
-0.031514921500626
-0.170202273757452
0.465109295857014
0.554995014515458
0.156498810046829
-0.537232303869393
-0.007601431390814
0.039581815669988
0.490081196872995
-0.287831569546409
0.381267071698288
-0.256529210410601
0.053103211216586
-0.537639395625072
-0.116805609703582
0.007430091819091
0.563502301079999
0.054192836513913
0.114353635283234
-0.020510515690085
0.846138740305483
0.504182478880505
0.384207588714836
0.179764081602600
-0.592118381618543
-0.470357217589334
-0.409641121465592
0.600300927075621
0.605435688561463
0.040153023912028
0.717306050905207
-0.527486309309855
0.522721012387812
0.078534839385397
0.567420143528676
0.000665215169130
-0.070176601167765
0.827275866163187
-0.156596698913991
0.036250286274794
-0.458521850024302
0.450423570561740
0.104889783522159
0.036255016278985
0.190740620042164
0.421702051428821
-0.187123506870502
0.020601287089175
0.183494076795152
-0.050977043825043
0.094867719197620
-0.803530990615207
-0.490993583870466
0.026031716578892
-0.267749594527765
0.524656474215790
0.574054788217960
-0.453506688258615
0.026769595979700
0.291821560742188
0.785179334396175
-0.081394476462859
-0.150190131697949
-0.368175492415739
0.222422807751358
0.495453812013530
0.163075024528393
-0.524027163360594
0.314174546283451
0.005640728014372
-0.240169525414399
-0.450887083426059
-0.545967418755062
0.488439954167105
0.433170480703056
0.080966031342240
