-0.432582778195806
-0.177244774450343
-0.459006701585068
-0.323113222887438
0.292508904848940
-0.516633261061575
-0.226398632957129
-0.525573235156438
0.586968852712319
0.320109508179512
-0.112412817756723
-0.355771961454303
0.843124898538681
0.272759711400887
0.175075137584384
0.629198309007887
-0.039772836301824
-0.172084923595648
-0.097450320288632
-0.287692665192185
-0.744611455927513
-0.882451484397354
-0.079597217712757
0.376221206204853
-0.323596208737670
0.069711200373729
-0.096033809745856
-0.093431335706538
-0.819112963438712
0.158834303787305
-0.713058885730970
-0.501146456913021
-0.222193126683284
0.023649870793681
-0.764778409186885
-0.408055950756240
-0.455332305605627
0.214179024190229
0.401937604547996
-0.009812223487932
0.534860756363512
0.649167195061335
0.081938530868167
0.031362345337312
0.041105584402715
-0.833695896521198
0.357612345421606
0.095640828843105
0.607034325276696
-0.114652168289385
-0.036344249184128
-0.056508184026466
-0.515725405093015
-0.114162326185292
-0.065222686828750
-0.278196038921919
-0.786706161659646
-0.382371227286754
0.211267723692506
0.554521518052361
0.606499487079391
-0.046448809948816
0.463068471738343
0.035644596079044
-0.175302781906493
0.131136670443705
-0.063751110405655
0.872732541996463
-0.179102907432009
0.275370015516394
0.092326293109191
-0.840703978313901
-0.622238952694696
0.214120147020310
0.532121064593019
0.412475263524639
0.146474317105161
0.344315311346445
0.287081198138240
-0.655014579579240
-0.480622436171095
-0.371231312236833
0.074454998240699
-0.405981448802064
0.314011195000960
0.216019942490338
-0.062618070977593
-0.282059321610877
-0.456332393192903
-0.037223103797643
-0.601922202277365
0.091306423026610
0.421585993383972
0.429836081924008
0.592097420949943
0.128721858050345
-0.253039090325996
-0.251179602034485
0.554653955123137
-0.439062732620433
-0.339862577637940
0.512334483500393
0.069740189486333
-0.323196678978894
0.658640017013598
-0.253062574103529
-0.121095253803763
0.499278752324011
0.416997321564617
-0.519014450646303
0.561299212941078
0.013092629689503
-0.383441588669196
-0.192073872838318
0.024867691814675
0.631193085865055
-0.417002727527247
-0.471625096760357
0.028128279904378
-0.360650402948861
0.266349885892248
-0.017560218267989
0.046375010928590
-0.606108687409641
-0.070530736079983
-0.713344954375746
0.216603920911635
-0.152431338989309
0.474282227070316
0.279384295440066
-0.299568559321145
0.152422315905677
-0.346465819111902
0.320999574028465
-0.158005440305404
0.459423436611904
-0.584160209062353
-0.181474392570796
-0.174454477543305
0.184308359564921
0.477499432762233
-0.654958019290427
-0.712597804406693
0.232049937528418
-0.108362526624007
0.390450742855435
-0.061017822079112
-0.611722381803754
0.220986355704523
-0.440458922019328
0.078142497079573
0.623272783639198
-0.568529579076106
0.058521965459625
-0.286184574995540
0.462730968113336
-0.512591853237154
-0.458382739769022
0.169702490737937
0.130844880375230
-0.573011408645817
0.264775402086407
0.499991762131135
-0.795104788060708
0.261950729899889
0.396230278871831
0.132300750344807
-0.166414939759596
-0.347509315120509
0.177547341687999
0.237861826206722
0.096700595721696
0.049741330327735
-0.521529688368838
-0.683953533204946
0.445884662433524
0.152482228486700
0.166481269064553
-0.459001765351295
0.138360856162997
0.781216557935651
0.212897170513448
-0.190258544289122
-0.004924770037004
0.898769727763941
0.207364544083116
0.225288713919853
0.607025840288623
0.539983658235274
-0.023888266543855
0.478812055779101
0.470942051280434
0.305450800268265
0.245677972414621
0.542618109287210
-0.221898708146771
-0.040507385340513
-0.717188351418733
