0.297303695584062
0.608017075627298
0.438703385060002
0.628906942162925
-0.368589393107820
-0.214332614893705
-0.715052894608374
-0.000851095167496
0.281126593606479
-0.315887645045934
-0.185245233769068
0.148754599051884
0.161820011800762
-0.620505742815650
0.053388927461018
0.172078376025128
0.695228915730948
-0.582380276789115
0.828160007521795
0.084193091298652
-0.064379219806687
-0.056596156142539
0.021406728042762
0.286222299834360
-0.263083392215775
0.306005311908549
-0.516668060146454
-0.566795814144575
0.494092688433532
0.474439919672945
0.288605195520747
-0.743801357601061
0.206282491110751
0.483902671876416
0.047625815995575
-0.374724334666373
0.796435935711685
0.292130019899829
0.194794823960285
0.336080622493612
0.257433957170336
-0.417113437730724
0.278666730234760
-0.109556614913075
-0.178871455817199
-0.027297056902478
-0.374175353811998
0.522877678005984
0.434013045083617
-0.745947606573221
0.201157424340304
-0.708874022014571
-0.191465921789162
0.246628670465956
-0.599097355781567
0.186375807395553
-0.532198613289082
-0.289703416011240
0.147935085451960
-0.518088630006440
0.223769518563586
0.202769109789245
-0.030823204947794
-0.340892446274400
-0.351960624295928
-0.251982634028029
0.239586606827635
0.068869802511746
-0.147376661045820
-0.183590701225920
0.451264295673111
-0.387326439763588
0.773707848474675
-0.145857023090500
0.555958122197741
0.333468727157309
0.529480179166769
-0.656015336932740
0.180191349154774
0.181351142466164
0.130867163474755
0.193596274608893
0.591740162770636
-0.489147529690518
-0.016696490714787
0.209048642367575
-0.291091739382370
-0.537005758432733
-0.077000590464516
0.646174626208475
-0.545373097746563
-0.185557661568419
-0.327125366453939
0.056407177741102
-0.223867628776163
0.641389761432149
-0.319305931663422
-0.652270930310964
0.034515109919557
-0.298260728666993
0.261155878979229
0.136074510830894
-0.033153381972867
-0.577999386672768
-0.119510043696125
0.151772337717714
0.170795256377235
0.608665413411383
-0.292135153819993
-0.020538846337088
0.569123606618219
-0.343166860550521
-0.230197095651584
-0.820376176706494
-0.555968878881485
-0.506084321733030
0.143922876393732
0.184185434472557
0.245614583122819
0.231577638662972
-0.439235685387104
0.314841853259239
0.104232727561780
-0.147232835776283
0.440841533810062
0.835701296109554
0.182205597004130
-0.228056375224666
0.696414677895468
0.153266461568379
-0.416741906692809
-0.111163203848185
0.107727181872891
-0.535284086183782
-0.150930171849472
0.236687239004249
0.695585779802132
0.288602204842705
0.476090668381121
-0.102597600154140
-0.072223515988139
-0.338347522864079
-0.619809657422631
-0.384903748074459
-0.470694891951557
-0.258085503273782
-0.768235247546949
0.709880943397975
0.136603046660611
0.251505989929942
0.402662066150984
0.137215836035275
0.183754211929593
-0.309317061231473
0.248123951349289
-0.492717140972838
0.143736188472968
0.546809302214949
0.058741364138334
-0.673430776710622
0.413024780813368
0.040900270351034
-0.737017346331144
-0.492933963401989
0.348831420095221
-0.520292780084173
0.508948475848586
0.408274029409484
0.776263251364359
-0.559828602851977
0.011942693156725
-0.244938226170119
-0.257485832265100
-0.697380477556890
-0.235267857688313
0.122956160354430
0.023308328036899
-0.006942748848301
0.043605208311970
-0.419694662383420
-0.469849434595651
-0.097096101286135
0.829053968246489
-0.495469230503944
0.314662721699990
0.169104611455712
0.197195701551770
-0.851313900069471
-0.328121913964068
-0.256762469156781
0.460644245394187
0.100169808526677
-0.409212952592168
-0.537992209759888
-0.322853952706834
0.139063227508255
-0.537012455017744
-0.477074135671005
-0.065938076646580
-0.669411021774843
0.137608563096832
-0.172231799824660
0.682401625234948
-0.573573100064511
