-0.580487432789545
0.530663827830252
-0.617600390386816
-0.196803250522010
0.596801035334485
0.044221896071439
-0.052386842436991
0.123800823541969
0.123401716047386
0.182008168686781
0.180887385946196
-0.351010430922760
0.448008048433941
0.027768537248010
-0.577464128744908
0.201010678576778
-0.172205344340837
0.399182283448770
0.382064230292116
0.048201432968761
-0.502113310853344
-0.518043460853422
-0.477387369932674
0.027281558230941
0.194306504644049
-0.173729918059367
-0.573038805696462
0.424560177631348
0.290269123230538
-0.019573683315402
-0.362485505698496
0.577636061131857
0.629898137454690
0.391282826377299
0.072821505050908
0.056997676017532
-0.118623950767517
-0.712916233380900
0.592108734995310
-0.433607129275016
-0.872550301654519
0.066710070372474
-0.587756694241305
-0.338808706831240
0.477262878438232
-0.372180932756974
0.264079908025325
0.096118504126168
0.589545817449155
0.546625997493218
0.377077317552651
-0.148004904245808
-0.262796877179099
0.550573701545849
-0.504018189485747
-0.151933428758857
-0.139592749047157
-0.161147846196242
-0.227821137403090
0.807882406224961
-0.204929856953668
-0.277942767536597
0.599885899168702
-0.138254650301573
-0.061848459159545
-0.782858315841207
0.579543112821984
-0.291810616684159
-0.594059100194808
0.268441458773624
-0.639453736053195
-0.074792325422448
-0.475356122333694
0.185019393186481
-0.423666972908521
0.532960211440304
0.055606636021114
0.600984854914990
0.024063771199436
0.499879826325161
0.378964506431090
0.011157173831569
-0.098084960879549
-0.257963780531485
0.186772845205478
0.628310679485154
0.127842255758072
0.403605756330970
0.085071749811835
0.184966980605181
-0.476964666513851
-0.088535943495800
0.864249571626322
0.172869594086294
0.275852072428879
0.030544641145643
-0.392514161554584
-0.115284409114998
-0.578383382933503
-0.039634700920094
-0.386032051798623
-0.917542998943842
0.000000000000000
0.000000000000000
0.000000000000000
-0.351541947189742
-0.031353342394013
-0.691792350349636
0.793406456879975
-0.572656276708677
-0.096291091143944
0.403679522385202
-0.796771379531373
0.114641482399624
0.371886555993048
0.288860633033233
0.493267474141233
0.196878059069137
-0.853253511675962
0.061571143638815
0.236048446453635
0.727158123519157
-0.122914454731195
-0.064793941087432
0.450168387963241
-0.544185773383686
0.537688454187224
-0.464665351951135
-0.314112498827971
-0.765407588064394
0.188237785990050
-0.337382753929557
0.043726896904319
-0.338681367260471
0.146806217264082
-0.329597763438139
0.847480214362493
-0.107185090910975
0.116881848236411
-0.224241062796227
0.251277988963237
-0.118294640970237
-0.154871576113017
0.090618805252445
-0.495000609803154
0.201296511043193
0.162557633936624
-0.504738764494363
-0.641384710215314
-0.341128746593944
0.057986021819425
-0.159821548447554
-0.427250674084234
0.431268225771718
0.007660571524501
0.647958318037386
0.743074454247837
0.388548762366398
0.016308801745241
-0.311194729296707
0.295742936998036
-0.291802800542707
0.584549427795656
-0.420198920831419
0.051218288506028
-0.093115927205285
0.401076472524166
-0.441203314103737
-0.260917583336384
-0.295965461611144
-0.265323557352066
-0.615830190660977
-0.356757721612746
-0.083194441263523
0.725094986556270
-0.132406674246867
-0.130446963388029
0.473518711376728
-0.339143170365184
-0.111536806416110
0.284594626610078
0.431315368386744
-0.582151138891187
0.039938003444638
-0.884771457655875
-0.373221073163893
0.268738214277161
0.374606419314165
0.584335310226231
0.630287739434988
0.423604366351968
-0.467919985950313
0.054977557528757
-0.121303052082874
0.001345092528492
-0.867486449956654
0.090739785432605
0.363761340655743
0.533301328110399
0.123788909149114
0.445399595585652
-0.005223788689911
-0.062776933909321
0.059623478235752
