0.13537952241184137
-0.12564627774231987
-0.25557783575912335
-0.6068719313364291
0.13740223121665984
-0.4848567890382786
0.7615596626502011
-0.25613397239483704
-0.07173879608429887
-0.058785681283531385
-0.18812836762058044
-0.8222364352127279
-0.29739268272498287
0.3059846399049701
0.16508936178967362
0.3907227980866219
0.09627412638388178
0.4449145229371687
0.4063691534297014
0.1790706069678558
-0.40103849794526986
0.5521274897937047
-0.6569868659992619
-0.2875330522875296
0.334330664359004
-0.23081624179375468
0.19259797121233577
-0.04326537922771621
0.13255944103619563
-0.25355740633534274
0.07469456582130088
-0.8889612213738063
-0.053005224331029575
-0.296917539248384
0.6210025160181543
0.08090002354537874
0.3347910018079671
-0.22949839847023157
0.16413750451028314
0.17547723164083015
0.2229043871256726
-0.39102508646925094
-0.37597425456795447
-0.3256390310659254
-0.26077425290886574
-0.10542800859256789
0.31927973876888355
-0.20499796094132547
0.018386092661040427
0.21716581284592323
-0.7176414918055251
0.12125687903953176
-0.40430009169055026
-0.5007589049247255
0.7521176545224522
0.022252394178960796
-0.5792007777511377
-0.29755354062359735
-0.07080618482506804
-0.008697912933259215
-0.12490107229598979
0.4835146018894734
0.6659930061946618
-0.7619929604139296
-0.2145073939222561
0.2127859139259
-0.8717048278640755
-0.19125236430204726
-0.14848408617600123
-0.10281475239845206
0.05635291193504327
-0.0012815918068877022
0.3315304463031438
0.43391102613306126
0.6511307012691989
0.013851417476087953
0.3560837826440953
-0.3373658196806441
0.3860756529443543
0.5465429844340823
-0.48081847985201437
-0.4869852319528544
-0.13469643549586682
0.07126482581889909
0.08468913048108564
-0.4971177943161337
0.18002257033234767
0.794351570828864
0.08669885778399043
0.4550550817947822
0.11235033617393012
0.07668333783241757
-0.8505912979117856
-0.4938121063450285
-0.5626245476346038
-0.5509713491953051
-0.47478415653202405
0.057731801976302004
0.24929991861591863
0.0772579021541837
0.7688032514816326
-0.3314388258723799
0.495444718957108
0.3008523858325712
-0.28892092020501897
0.09899312204033561
-0.6317021940223869
0.7012261172587156
-0.3423844781113088
0.26962030720608293
0.43338059373570303
0.17797241347698634
-0.5513208136339678
-0.11682034942973159
0.15675398965240453
-0.46979756902451036
-0.1994934496363892
-0.6617830628183108
-0.22235106547890962
-0.5507083406622341
-0.2781531022393577
0.2031006362377971
-0.7221489030652863
-0.2371509813622047
0.5538474475026387
-0.5281840294448029
0.32057612224833987
-0.12306499875438638
0.25086688240297406
-0.13226866936498474
-0.7925209634250294
-0.39021585374590545
-0.5004240208322636
0.6299671902613955
0.5186346322925034
-0.22608492131879354
0.025207338464485533
0.3867936314933159
-0.6723918905890218
-0.16109002456248667
0.20393671967731145
0.7205605374657738
-0.3967071538244869
0.36293290808724377
0.5064288884344814
0.4658135770424917
-0.541450135773746
0.30547703016150096
-0.6941111787757487
0.3308970019667591
-0.3438739081500596
0.8479316114361061
-0.08765806891981211
0.6376714396119756
0.007143605966599444
0.17554416698869343
0.21262677587397188
0.5954721010506675
-0.4138617587249854
-0.24375357327099412
0.09687699683586684
-0.17189929250323396
-0.039107636892350445
-0.8312472388369511
-0.46246225967761506
0.4956782990939213
0.13497979115184852
-0.2077261355408452
0.34368096227699974
0.45279516875996934
0.07025234788249791
0.13304506369436092
-0.2357559268045459
0.328973944838965
-0.34075705501100484
-0.9175989683398622
0.16777543410754256
0.02133774017264387
-0.035802872428170464
0.525452614047252
0.6327641042761479
-0.18407036563026835
-0.5700214649636683
-0.2579900157354057
-0.2174838664694364
-0.4551833316462987
0.3286329854000736
-0.31626299732537416
-0.7291101810805688
-0.3451909769327782
0.25732897831947127
-0.7265800095549052
-0.12672629297001028
-0.3715831083891986
-0.0167392575496035
-0.17258028332418007
0.04976883551604635
0.47511116635620215
-0.26919947634004954
-0.251483430222713
0.017930997005459578
-0.8407957417067724
0.04476152051626498
-0.012470819286259883
0.5334104318966267
0.05967736239903006
0.07094367717627341
0.5324967285725068
0.47067915561625273
0.27469153753291436
