0.603239996979806
0.559628660797102
0.568258099861538
0.398017149113650
-0.201598884320955
-0.372332414382718
0.293533042474120
0.326446216375286
-0.565921419406175
-0.306488816125603
0.172026558134266
0.251290078070572
0.333707881623559
0.036707852341215
-0.304082469846434
0.105367675346938
-0.234472752675634
0.515959850547681
-0.094883056316611
0.204949062763566
-0.170859393932518
0.281069590219674
0.576677845681790
-0.244220099262665
0.291050165831357
-0.100150389303940
-0.650748454244269
-0.368787659030287
0.343535310500165
0.032578655657968
0.418754270083116
-0.374965478144187
-0.101199487265825
0.144482683603916
-0.655193810945836
-0.130040791882703
-0.233446386140885
0.668907803680448
-0.536022286414433
0.073080881500494
0.373477266670008
0.683200975272985
-0.343674366742460
-0.080612688194914
0.018265771404750
0.201350852325717
0.141185485768082
0.762274114525967
-0.662088646469170
-0.581773245257626
-0.045818534341913
0.766945007778546
-0.330660468378667
0.058501863087273
0.017370917344016
0.189113381217381
-0.250880306886850
-0.323379473759976
0.612105145534671
-0.434142002490813
0.167810389752049
-0.198139362134001
0.078820984895291
0.535677032242928
-0.109864047785362
0.376662761604276
-0.390863985132943
-0.141359383534038
-0.690024745574754
-0.334903781784832
0.386927692121221
-0.138955279358397
0.243969702279110
-0.279933387090734
0.151454937997048
-0.014770707316849
0.133854916405077
-0.304614531581033
-0.085685328235272
0.424797753017791
-0.278523608308692
0.259200950353410
0.123866876263181
0.758539251039873
-0.030157822502297
-0.273058946573717
0.802179983840382
-0.222502347035483
-0.492716228343520
-0.271575719281312
-0.340622717231471
-0.276234054978892
-0.607261398519812
0.038771364529455
-0.059001172929728
0.051368810055679
0.427345821223901
0.064595812887222
-0.196513334225972
0.197291595377288
-0.007065798711634
-0.121840749592706
0.528997397455098
-0.422566425992977
-0.034433802541456
0.000000000000000
0.000000000000000
0.000000000000000
0.646187068576788
0.490141706311485
-0.067172853074200
-0.647659354187546
-0.030641743398531
0.258074819272078
0.676686567816001
0.595513074319149
0.028004156870842
-0.530806308286092
0.545962029757081
-0.463676136972913
0.084169593398304
0.197295932682858
-0.788476637803222
-0.720669975667301
0.475142379534446
0.417940976865638
0.181997842427828
0.016907843365519
-0.703839471082740
0.411694853921306
-0.084672363251347
-0.552380383383271
0.778088826903022
0.011633636845695
-0.373309817878472
-0.145878812645581
-0.751640244978555
0.295906622795242
0.252262222083689
0.245378068733460
-0.639600337224301
0.272628027441961
0.244246874489460
0.277060763002341
-0.120898082065490
0.024219773477335
-0.610907030366688
0.502985110393933
0.525825816428745
-0.587851235637210
-0.381696632849785
-0.333476483291312
0.318690732156720
0.193145171371525
-0.309367580259427
0.296758858823257
-0.237553663897394
-0.331767873172562
-0.364053398294761
0.416821582615994
0.851026288932022
0.054840456814339
-0.286415282446038
-0.221539431417292
-0.448508968408244
0.958848075574720
-0.049142647442872
0.067550623783165
-0.665392956680401
-0.341111081785891
0.000784369324904
-0.520303095458285
-0.141678204794617
0.245602718735091
0.394626122189328
-0.544719456391923
-0.516109277060871
0.175648146358344
-0.858078584124156
-0.268377266299558
-0.131503479589916
-0.887699126751647
-0.289433532834959
-0.172290976289362
-0.724045415832120
0.425092399923484
0.129566584174777
-0.472100238070397
-0.320037395333287
-0.443506539659076
0.290189945514968
-0.011328537658006
0.181216293404132
-0.512256159059244
-0.582000287884992
0.634080803365341
-0.191813174955641
0.007331163654582
-0.626295133647775
0.119578225737397
-0.765396852448138
0.177727864414065
-0.583128150322341
-0.634791151500839
0.709576600938774
-0.587855720334711
0.311620975049295
0.063548886913134
0.732313294409962
0.009615620329458
