0.502006991475479
0.697108683923031
-0.511887158765327
-0.291589042021353
0.617396993590587
-0.312817966211004
-0.244652630472507
0.360740283709653
0.255873295200202
0.034803502424422
-0.780443728123700
0.466547523834716
0.295342216861051
0.427843955302468
-0.036822982755919
0.394239984409647
0.709138470993035
0.126950251362480
-0.716284318714373
-0.558614966921883
-0.056134824935374
-0.657211468937530
0.345186821950106
0.099334228207678
0.576757947588124
0.368666311003081
0.159673104562626
0.752539479958216
-0.129715978943059
0.267784075276814
-0.158433822029594
0.280206127767355
0.791603226070305
-0.268864715731783
0.123140264004405
-0.357381724320975
0.015689811194195
-0.130841611328116
-0.455559813668514
0.225178568790902
0.231270142875928
0.412961053093437
-0.028374941019496
0.588362395958136
0.356312655219894
0.214272873030368
-0.606656475714426
0.329395984483371
0.172921328662891
0.519440067246632
0.094637123433544
0.224875411235446
0.015254195990730
0.579021000641347
0.579850104665696
-0.078369791113238
0.160874225615254
-0.452127538971294
0.263642660329181
-0.105346804419352
0.451134604276435
-0.583082164082669
0.154708475553248
-0.000791703900747
-0.349087147411442
-0.836763103245967
0.280858105030652
-0.797163965322857
-0.241412545363143
0.291795647572209
-0.514155514059221
0.176308944306242
-0.236451351142386
0.372803756323749
0.358764890727593
-0.560760104490523
0.331163995115347
-0.431328357954651
-0.586167975975917
-0.450421701733535
0.058875897072299
-0.537865634026376
0.053555279375715
0.084353742300046
0.514538519614029
-0.593894883956749
0.441904610318079
-0.291529763367131
-0.140837049899228
-0.074754402961487
0.156583912564979
-0.178994642229299
-0.296110831068758
-0.033965005707626
0.350630701497757
-0.838406866713141
-0.218195486747610
-0.875449625832744
0.099984016517907
-0.212678494784390
-0.554261286052550
0.148858626822943
0.327126754221224
0.371713736475873
-0.476424011119305
-0.392349027354119
-0.062565307266570
0.668454267067511
-0.866097363263803
-0.145325409001515
0.323812359736866
-0.429038024626661
0.112914549730955
-0.567504961953830
0.000000000000000
0.000000000000000
0.000000000000000
-0.129027840872978
-0.587423179600860
0.272447292593006
0.602982482313616
-0.375904164100971
-0.489539150987755
-0.301122475500379
-0.117315768663856
-0.259984569977530
0.757286128003784
0.051568128086283
-0.390160276412670
-0.519471826342493
0.223769078806936
-0.075216476490426
-0.344975743463289
-0.206520640913659
-0.100378963048972
0.591408001093135
0.076995496921848
0.288721533405675
0.005568422921924
-0.530576717110042
-0.473705879878581
-0.347005225309433
-0.383031113803559
0.279328345152366
0.221005951578655
0.417757746626347
-0.215365774844323
-0.235183724395973
0.731137950247099
0.441534207762512
-0.505286663363038
0.447450655459085
-0.565307754675934
0.093306982388530
0.676620744679633
0.508674824132387
-0.571166028390451
0.144454069454393
0.423046374887475
0.268066616768956
0.186352829939958
0.609069990650261
0.508331059082360
0.144884513625560
0.641819334068545
0.545740891887022
-0.159828664260158
-0.539031276222290
-0.698968690608253
0.316473909469535
0.207457344211271
0.183414177862585
-0.264797066356444
-0.781803709357379
0.546443710847258
-0.201861125832716
-0.305302150496902
0.077454694948777
0.102416247437764
-0.401841670629632
0.316498492586079
-0.335998068879494
0.119592316101867
-0.344987555389145
-0.300069865526378
0.640590529127332
-0.190836470077349
-0.515646491372705
0.611625709579394
-0.596785228107627
-0.107322834694554
-0.148874315584715
0.089473855343730
0.003516095188131
-0.664863211176745
-0.179209632736629
0.817448196648195
0.019472834292611
-0.355996276509865
0.245043613612539
-0.021899145231040
0.396093574298543
0.147321725591603
0.843204181235349
0.734049612853706
0.217838027600438
0.519113216652488
-0.225602402375640
-0.221208503195727
0.270460292018942
0.014665513759382
0.274963761555670
0.316483382139662
-0.158708095575787
-0.707084930595739
-0.316616542813438
-0.580084521186495
-0.340531232977257
-0.274549766096511
-0.398863565303380
-0.061484625572595
0.482124686146466
-0.055146588152479
-0.317998887811956
0.140488432595616
0.003602090537509
0.215358058540516
-0.659335064748349
