0.5461457534874109
0.7727574961634037
-0.029296317625487265
0.8055017889758116
-0.02084929214033466
-0.11448217313066442
-0.17255585633135453
0.16896848722548036
-0.006197145271241779
-0.052200247548409406
0.17197836003341965
-0.7838052321785854
0.08636370463640128
-0.031370804120782525
-0.7448335669883406
0.7605155069857308
-0.04797629828728851
-0.24983147067508893
0.07772108882647945
0.4214557632870364
0.7380765848573565
0.10461936723130329
0.0956096411804614
0.6818004564154313
0.15433527806681738
0.18310229424103244
0.5151395155546522
-0.36125041919805695
-0.042321559377694176
0.5686326352576114
0.628765460176105
0.4128744066893828
0.5228678568137887
-0.2707120052979505
0.47630590694699837
-0.6021431179609178
0.022887731772826186
-0.3860721113448046
0.2793349933959901
-0.07233542901263015
-0.538738720292931
0.009697199657617561
-0.3985884565513141
0.1120554129399649
-0.39457358418926297
-0.21821958583373022
0.35833518989818886
-0.4317089388715667
0.05176787906814119
-0.8344083381003744
0.06011235498293228
-0.0417232573298419
-0.11611880248169246
-0.6048540143619255
0.6521248697392779
0.15754981968397747
-0.20546489333981097
-0.4597544382657422
-0.08511867327034386
0.2957779705767522
0.31951433669910767
-0.719786661798672
0.36525527324661133
0.3693014052532709
0.610865160717642
-0.5546104088160616
-0.3137411789962387
0.7000653974530637
-0.5924604429736658
-0.2747881208189241
0.23958492307050056
0.25993159440187913
0.4451945225666709
-0.10165210703848644
-0.5912570900484764
0.6943145155631321
0.27143842243837996
-0.3417808385429024
-0.3168198194922328
0.40467582767419236
0.5590450614613595
0.3495214347707885
0.46582990625346926
0.19007215594503057
-0.7930573559591323
-0.2024630811978312
-0.15095795504196738
-0.20261815857320412
0.09589704108389192
-0.8297662062352883
-0.3717263043043368
0.028946073511790335
-0.34671129740112294
0.8953720511508495
0.012434218149113413
-0.015708344029292616
-0.19060921819406038
-0.39110504926539297
-0.41709324761244243
0.37108995239630016
-0.17274152402973092
0.02495409996582024
0.28563735059610734
-0.466735699840756
-0.6589602317779981
-0.09474422412349079
0.23320385985140776
-0.1628997205782224
-0.31872409094249676
-0.6618508428554839
0.09663490794949954
-0.18669877540735488
0.04547774623859358
0.05309417077368923
-0.10830391183923113
0.12187561589649279
0.2777210664942301
0.001059320370084266
0.5613877931936063
0.14989539853798414
-0.8243484161558893
0.15456440818211153
-0.48805251220085233
-0.46798606202772497
0.2443395582496244
-0.27319436646412526
0.13767070903822942
0.5718055524678513
-0.3014387611067359
-0.10867669764702692
-0.4505042261251677
-0.3770066210679973
0.33403781717167824
-0.39898452833367115
0.028416714775073505
0.48117424024260197
0.3906803808051038
-0.3618036936324843
0.6704296594238485
0.2217344175390443
0.4226622423936991
0.4789076154668075
-0.5545465975007223
-0.08654197484065779
-0.12929827829769167
0.24176476695673974
0.2926254899850362
-0.20749878399480334
-0.2738499805180875
-0.46821127869604456
0.11310417270107818
-0.854185803103937
-0.17311989467940686
-0.06059232692840401
-0.7429283532756173
0.3857721777190199
0.4101890981205655
-0.2808534582831441
-0.6524942544945276
0.49186604161933634
0.5304799728206984
0.33802705760848023
-0.54128468461366
0.06404716455779848
0.019446534358613217
-0.08178382572435024
-0.45923895251720726
-0.6335125927391315
0.3073829785075994
-0.38519364937717376
0.5146231079083293
0.48141167956960695
0.6152386818994505
-0.28917160847106554
0.4927859255912931
-0.042474993227524786
0.04200288079942859
-0.4132894887832451
0.038149078643425524
0.10297557085149671
0.15143858970317817
0.14949906411144104
0.12321492921272688
-0.5398164494093984
0.655763934892443
-0.27946016203962587
0.2853168634043231
-0.17442792189580544
-0.5745023300204342
-0.24338647592568105
0.02540523551909581
0.5172542818112814
0.10482593030061577
0.5535497428037953
-0.3254619828908496
-0.15056902958305332
-0.6862149938503266
-0.36214332819406664
0.48072006880655727
0.2757779031830441
-0.011627135636963482
0.34828045723700596
0.05761375739718219
0.36962015689490757
-0.6680136124427904
0.5416365250270233
-0.03406822740771587
-0.02157763373205234
0.18953660602618097
-0.40189278279585966
0.21895185273002668
-0.7597505484852772
-0.10759823157040502
-0.8495171072318219
0.20378811655090184
0.2619560918826029
0.20418168895649155
0.44793052136149863
0.15494705321939387
0.20420458740773026
0.413667245727259
-0.8350347711773696
0.5570650529724505
0.1625818495404189
0.3380470073625471
-0.4941542229595654
0.7366409170918405
0.4164470123384568
