0.310480033269223
-0.241488973590777
-0.919393944169318
0.611844194285141
-0.263058562777073
-0.266276518434830
0.073033308528513
-0.068752086774838
0.352062124201512
-0.441997404674995
-0.632595462678428
-0.419289623390465
-0.392446321760571
0.498195756091793
0.133098508628521
-0.477260850558505
0.685435722149132
0.504224168708284
-0.328128827401849
-0.621928063142041
-0.160166169247665
-0.152000869598653
-0.546274500113322
0.071166675155214
0.418698783655576
0.679509122180407
-0.378044992784434
-0.238636478942184
0.560673748022143
0.613020588860572
-0.625932387876949
-0.214826068907363
0.118532138934857
0.271913856322009
-0.301029616519490
-0.172283695447693
-0.587752270310134
-0.280465805914282
0.237105537070464
0.132309486332277
-0.521239184260511
-0.592054608707193
0.015107538324354
0.900771592018182
-0.009770434457539
0.432205455076199
-0.159517906480718
-0.116484288988441
-0.233329848583820
-0.293061335483060
0.069570429041999
0.328463467847427
0.076166025655860
-0.044127073038267
0.932308696055242
0.192879420418344
0.245986107595089
0.205259436223584
0.135513827892676
0.350642124919645
-0.019910850350579
-0.102034777436047
-0.596945054659629
-0.530641342200859
0.240176198752322
0.505418464709630
-0.529401857549731
0.470785975722761
0.542957568770164
-0.023244837586601
0.706826285049139
-0.509449753978411
0.335965668703693
-0.714747888851734
0.279036640385908
-0.012815534170767
-0.628459210595881
-0.356712961496769
0.185432732336066
-0.295273274710471
-0.673692560374441
-0.032666090838919
-0.089415345015092
-0.422196190673076
-0.092548159795987
-0.403580055357230
0.891210990139413
0.754106598094215
0.187933714310960
0.108138719390276
-0.127122623442882
0.004000757965196
0.437190313887118
-0.656452735409354
-0.089521984455031
0.112551229615543
-0.580377212511553
0.714036482566703
-0.090454053053994
0.172204705197851
0.685613847798581
0.698161928453141
0.556127698172887
-0.483735195331431
0.089617085333522
-0.154319354057491
0.179377946521854
-0.844594086981900
0.098858687796510
0.498236024617472
0.141293951285641
0.205495312479906
0.353886921307240
-0.370954427223217
-0.604434644248258
-0.303925225243128
-0.490539384802105
-0.192920912582016
-0.213488229682514
0.032060236823825
0.000000000000000
0.000000000000000
0.000000000000000
0.637910756093005
-0.266528609293426
0.087040553125639
-0.594288928335399
-0.657122824203204
0.284608170440292
0.349602873666454
-0.044605225859475
-0.323180585936871
0.493363365793451
0.580203572326056
-0.005297556288370
0.141600994084421
0.167506894900299
0.006966896846824
-0.481930599884501
-0.062290334532746
-0.493706963948828
0.046373418318719
-0.043207338260551
-0.818167368274011
0.178116438462840
0.047833371004352
-0.431308668864011
-0.407424544887892
0.140658609121756
-0.259082482489154
-0.410103651212574
0.429471094881047
-0.442015963385699
0.465981824694070
-0.389504140993708
0.660991540191437
-0.672076192465254
-0.012412950050340
0.260435548535750
-0.418350556274848
0.189195142032894
-0.386604789445472
0.031889696983985
-0.228005517287460
-0.367808878661278
0.339875826956420
0.791172671964540
-0.180870445126953
0.563410036547602
0.702371476268407
0.209941970195617
-0.754650061891956
0.353545218455569
-0.435743446128773
-0.037200380075864
0.042484503088323
0.172916332451927
0.420479476712339
-0.434979037368050
0.671226424715959
0.410840515027289
0.135092944590455
0.667689322576974
-0.038663529074545
0.507881673403245
-0.381901390899978
-0.170057508444252
-0.413286779882664
0.059714304792125
-0.363805644434209
0.063787998994517
-0.322325569452112
0.240916571743109
0.016039009775595
-0.490003095685712
-0.009104965627853
0.687966183517947
-0.065194138831573
-0.583659985512272
-0.270831956675068
0.102751163845641
-0.688952904184785
-0.238726365588288
-0.530133773074907
-0.181099539110634
0.027958287230497
0.026874508367826
0.264871488134208
0.346300589819277
-0.440714387522211
0.815285306869574
-0.298486138752441
-0.197241870208201
0.185816385797579
-0.027418879678988
-0.716315794179574
0.333241967329107
0.014390613293244
0.184051510471571
0.074700648640199
0.072882015903388
-0.044239549316515
-0.122760725662011
0.656631788183270
0.049553215042924
-0.400943173334684
-0.003041615339192
0.264395986793549
-0.058087499356808
0.057627176106702
-0.845771123852701
-0.558754088087481
-0.112424914709558
0.608344510945928
0.166623985302361
-0.515097987971435
0.092573433344052
-0.095810001244516
0.852888566620086
-0.423766415706352
