-0.09517783454159408
-0.6404945236014062
-0.016603414028666528
0.025646790204240287
-0.46145302422088685
0.8402047236184489
0.06187185883234552
-0.30281704688619737
0.3794320866564892
-0.2853378785916738
0.3810692279898867
0.7378953710355298
-0.6062405510834672
0.3015715767669924
0.4441732975772966
-0.49655874630492375
-0.24457600066188126
-0.2319864655335666
0.14836401777988825
0.1959020001109871
-0.9117598156220295
0.11492959617010295
0.7430707172391334
-0.10448095671850573
0.8004921688859349
-0.2690463830352133
-0.2555645739256149
-0.02108693420852147
0.040981280417725766
-0.33291854491922596
0.21526449829312558
-0.6057264065322219
-0.2899173500720109
-0.06324694688540855
0.7454871561097164
-0.06684600842302119
-0.4551340759702391
0.5475498475505185
-0.06390621964564976
0.15009169952807894
-0.5945000399142344
0.542865153788695
-0.1417415315651876
-0.07839594751032102
-0.034459438209509766
-0.7743238353259626
-0.45745965871066124
0.03617521083016676
-0.13558746357926618
-0.18750316160630315
0.5191092989754356
-0.506330422422398
0.04489925812015727
-0.614649283805058
0.4167971877182543
-0.654957907376221
0.3017667067879579
-0.5948672222644595
-0.04273865514802391
-0.37368510785481895
-0.4570391567103582
0.726867650911607
0.22239225012852448
-0.42632954091061787
0.4520356563158688
-0.1905050802291844
0.5817462657913558
-0.5331971423613112
-0.2415429460787563
-0.39308942452034623
0.16976043083316683
0.6265673168849317
0.2254592836250073
0.3589534743257752
0.5470001064401742
-0.3347533613555834
-0.8043209102720611
-0.3172087800624986
0.036899313076856996
-0.4768959243555443
0.13390567520278238
0.60990343503343
0.6337044894948312
-0.17617000027201027
0.05494780941032077
0.09691673628568473
-0.3289158983713751
0.5641328678018551
-0.032509899932069014
0.35862167688024427
0.6374139425933623
-0.3465714391744783
0.22686899017214346
-0.621433132030865
-0.22338335808170995
0.6702931590489928
0.10334134924364381
0.2130081234491447
0.38503280035719634
0.3379771713896126
-0.03193459195202418
-0.268906915029836
-0.0057503191573804804
0.054040476363608765
0.5092800017902257
-0.1474284546487701
-0.6292329242403122
0.3206629515473629
0.47742061474934067
-0.25623803650162275
0.7457872409151366
0.6012420034838959
-0.2793957870505148
-0.22486668437879317
0.7272467716750646
0.07146364193141407
0.031144149166618767
0.08022456502833798
-0.700716138377925
0.31524182314258503
-0.5247041894067491
-0.5447597048079386
-0.06309912851991283
-0.1992363744078625
0.0775263810664121
0.7721001428049131
-0.35379962834424244
-0.2629778829650385
-0.35613328564229424
0.1272857421387115
0.6212662624370786
-0.42220710877107887
-0.19129590538556587
-0.1382676241290057
-0.15731278301301485
-0.3932851504679709
0.6915910767506188
-0.3571184310499256
0.39746436937179946
-0.008101489720472317
0.2661492079051143
-0.10131709072589853
-0.5228449152529145
-0.24618103450226816
0.16209200063531828
0.7059529884884155
0.33933881674792293
-0.22895028159455647
-0.136695372762903
-0.19287484755817955
0.18138367763019508
-0.6041794416171836
-0.16058639607879732
-0.1461127313161623
0.35313571232382907
-0.274698595393302
-0.7772897506461804
-0.2540549621347919
0.46724494439743575
-0.11863247775466339
0.39808928111343206
0.5745919472249622
-0.4486407620417372
0.4842392172733835
-0.003765903889041581
0.5226485327911657
0.2571422150026249
-0.3868779198448889
0.46089345020994427
0.2731617028720282
-0.2056684728254443
-0.8226442760019976
-0.27509528933941707
-0.4692067110626301
0.08954493120261955
0.3792462176683784
-0.19493235878108311
-0.7275770491821825
0.10099220466024501
-0.3706971161557978
-0.5641358233319318
-0.09475346775335454
0.19129132507790872
0.0038600730165606304
0.023521940330810287
-0.5528823714943778
0.014211667535456957
-0.42949133961333963
-0.5656863557679621
0.4090154334581707
-0.19375135519245018
0.0921254684037611
-0.6834851762259011
-0.26724879214698677
-0.19758744734502048
0.43228097358106726
-0.22596925930528095
0.284605250380184
0.3053163892428064
0.5733897774878547
0.045624153662089426
0.35068233207906807
-0.13622667651986972
0.6160970644493681
0.14773890977525136
-0.33134987091008195
-0.09363294184108026
0.4366496530985967
0.09364018842153668
-0.7442086963596088
-0.3708675422368896
0.15990254016995797
0.17969138737024076
-0.3376816044569993
-0.4727316247021222
-0.7361373250183202
0.05456384991671518
-0.7114018233151489
0.20740766333434055
-0.553314859035407
0.1871733040841109
-0.2844837177120221
-0.19612365143306268
0.04436643639339911
-0.27238750218922064
-0.18855025512085682
0.18346625415202866
0.852341939840787
0.6533773801138066
-0.342179485867943
-0.5181234245932518
0.08417887393111874
-0.7881176594439517
-0.3308548209967725
-0.27442306438745817
-0.34187183393013637
0.5360239548884334
0.18052785475999672
0.11104708954805091
0.3244861385467854
-0.6526434567502165
-0.25335066248809185
-0.14053818648166774
-0.64083720247405
0.05653707064855998
0.22619982871455935
0.26578846324411737
0.31585835177204774
0.4824660609272509
-0.05227154156831628
-0.16305403260565685
-0.628189418893463
-0.2857678582517187
0.42750281554163394
-0.3061600410347334
-0.5713854061063145
-0.5859892714585184
0.0947250248696904
