-0.446100332979635
-0.186127477361805
0.536456599254163
-0.443295817918617
-0.757512219929161
-0.124743442862313
-0.109824772960562
-0.082194921451661
-0.670089145570496
-0.531864588006778
0.092675831793760
-0.641115805850151
-0.012835841324928
-0.095698901262205
0.628537755758002
-0.313365118021494
0.466893565136342
-0.758093719018902
-0.563691361115807
-0.575559764161190
0.405512315373395
-0.105479174282359
0.859363300781460
-0.170157158452169
-0.262943605532643
-0.543552101792386
0.368502737597646
-0.157666886051335
0.477923207393664
-0.558192529587990
-0.383490670506890
-0.091913263998967
-0.255492751293233
-0.152791019219118
0.231141983065403
0.228514892740625
-0.842776332301603
0.124160973721791
-0.427229513041244
-0.345581959580040
0.136108684945426
0.138088706773502
-0.265518700871034
0.341714173013737
0.746075470517103
-0.539991081337388
-0.131078429348062
0.506479085762579
-0.480106393113184
-0.097625783033501
-0.514846784482430
-0.319589142866380
0.100160998280030
-0.304350257123133
-0.704993163656444
-0.174446088940126
-0.037371204632722
-0.407202987162265
-0.185430577708131
0.169743000115111
-0.793364785590331
-0.188226993879677
0.099126913184847
-0.619128969587818
-0.428273861181183
0.338103716347869
-0.058086577777200
0.286165104637579
0.593897476597399
-0.313353016546223
-0.464934407320938
0.671793258524743
-0.121687064249216
0.468227689053059
-0.531011210423589
-0.678062117233687
-0.135376634155637
-0.045558123248593
-0.414235542983235
0.199198070149718
0.209914427851315
-0.274899322773778
0.455862170198135
0.535961026518945
-0.677334999488007
0.615549243096679
0.393201363121881
-0.002717085932974
0.653476249393510
-0.209525111903992
-0.747419991535297
-0.258977305700329
-0.183925269450638
-0.347840129656188
-0.029916573797549
-0.847469142533746
-0.875977277956837
0.312591162194403
-0.200220335634631
-0.172740820303577
0.654051803787907
-0.088759714699993
-0.159763026765122
-0.769892377118818
0.244909514273429
-0.543169699480956
-0.309889965608495
-0.414971577545436
-0.313556125495657
-0.072940547086918
-0.035202551108597
-0.621148912687155
0.611379442286124
-0.143927127117821
-0.119757840894729
-0.270087872176830
-0.118907570047746
-0.176384136041353
0.101068341597761
0.554668234135758
-0.105431488129411
-0.572836240600525
-0.788344294897584
-0.254572274232363
0.144258065235412
-0.300370794524083
-0.434822512176798
0.303374623921982
0.287559173013431
-0.842749702367427
0.279805065006634
0.150136557989329
-0.526533482205734
0.423575337194286
0.148026342385738
0.222046081526537
0.068875513858318
0.400068530637163
0.396647598592841
0.610655485475016
0.043972851967136
-0.069597637051097
0.339058189322853
-0.421541797316517
0.672830237512725
-0.309301100454629
-0.217369620249722
-0.257791279032082
-0.054585050933026
0.199175157826936
-0.185626064741389
-0.389273285784938
-0.023495583105253
0.427997778901522
-0.179713386938008
-0.077048051895050
0.442345285044324
-0.514387493758478
-0.198377570288434
-0.025968792838047
0.659054502035533
-0.011155533820470
0.462248306421733
0.530218577478226
0.533296423088561
-0.387824290771059
0.602693507559147
-0.597797697670620
-0.206229026788868
-0.071474439938662
0.210114355645747
-0.651017720829323
-0.206225283001368
-0.613698707815218
0.300079608617991
0.008969223508332
-0.407399579360744
0.551275787536238
0.076182715683685
-0.353550863424465
-0.425733817027502
0.559525058622735
0.024130314947498
0.158634803397603
-0.008516371750295
-0.877475894676189
-0.578320455093300
0.279595944322790
0.241925925552424
0.402897476873402
-0.397767373187314
-0.671150714791833
0.133499328836282
0.065263484910050
-0.550668119269974
0.099796072522112
0.548439588974152
0.090561895921364
0.173202390072785
-0.703979584003278
-0.190879404443710
0.019040559701606
0.080306509263687
0.476998976274948
0.404819721263923
0.383369229147586
-0.416090388523334
-0.209304729562221
-0.503691669173797
0.471503575904919
-0.432816269103875
-0.701309396215003
-0.255930038755552
-0.544112224831310
0.301761395744020
-0.205542620887410
0.043108775932551
0.051508610170651
0.056547434483520
0.134471075189083
-0.393075589586909
-0.597050874894795
-0.015625337753358
0.537652082790282
-0.226167401131221
-0.078220814889055
-0.391946129232662
0.012962683507879
0.044630332687707
0.141292403158357
-0.270012927900794
-0.638075753166062
-0.020863085864701
-0.356262017171034
0.072307849877116
-0.449889318486946
0.337834291789681
-0.339281393867199
-0.016336250789402
0.566881591953789
-0.849070514477939
-0.407111760234872
-0.091990702100220
0.199246420798502
-0.352292810002287
0.236357415193099
0.274691230314438
-0.896236219773027
-0.140985662348551
-0.208563739535678
-0.417071920132758
0.658459685104572
0.185047027713074
-0.070654302869136
-0.004656445912955
0.091984323336832
0.209086222598061
0.878624942386459
0.180291945262280
0.680858946477775
0.374337884744522
-0.363774085224387
-0.235311469758337
0.035185307028571
