0.118530146143547
-0.070028583719872
0.073939766385253
0.028167211963636
0.099045815944763
-0.448611384663843
-0.353650735475104
-0.636078840620011
-0.215243894902860
-0.350283416159209
-0.253886798121762
0.154668994551571
-0.850097157857087
-0.003819653495247
-0.050268156411047
0.146551706575870
0.382228672476334
0.301007080037584
-0.305336132336289
-0.744079270844033
-0.108014385220223
0.526223388799844
0.165996223114312
-0.521211026192124
-0.574870241735918
0.147479569328175
-0.061934529915226
-0.566046639881881
-0.189593214124690
-0.439228976265816
-0.296022585847316
-0.618511445734284
0.146741176319208
0.239683889508786
-0.073735917701521
-0.398346551091082
-0.346954241084714
-0.836160406263093
-0.209964065800685
-0.139336216698456
-0.447997510354759
0.235852281761459
-0.422591745317420
0.160743771222347
0.380866638489296
-0.270088291692949
0.118243492494903
-0.226952785501053
-0.779577467621855
-0.533615520680855
-0.076257712044412
0.187699821756618
0.276878771021263
-0.171414932665410
-0.161898135221634
0.943138915832810
0.138452856502804
0.588720212312563
-0.497386046523649
-0.244507426946654
0.207371166248985
-0.238494204692107
-0.857626322107476
0.269034803871092
-0.426316366379312
0.045187574912818
0.054659618671540
-0.563459822475420
0.730181149285679
0.108068207376743
0.208854579196342
-0.368367333096343
0.586393424508668
-0.273065850012984
0.112230933465989
0.182834027658459
-0.578862442524298
-0.179491936736212
-0.132672749402121
-0.065244167860555
-0.160096558227834
-0.138773000215319
0.056875266921945
-0.837631089224012
0.018324495585515
0.077803321875236
0.241230057620692
-0.632240228547263
-0.155032112240205
0.219234884013707
-0.115327215183062
-0.407375481839655
0.434178980712827
0.225572695050675
0.071719296787396
-0.325320803558070
-0.601553725864412
0.060711123092780
-0.179661905394718
0.040598551026682
0.030058275079770
0.691827689271337
0.129239128074528
-0.319030370051983
0.553488159047269
0.196780435439825
-0.177957294791432
0.279903020981545
0.408156438647170
0.480174865478748
-0.469299175362863
-0.414802693808045
0.119047697464593
-0.281592944333843
0.151292030046450
-0.139948551847317
-0.215336057121188
-0.224385090991584
-0.268129321983942
-0.144283383699354
0.422840291721868
-0.190648640218388
-0.331133700389783
-0.466122876297074
0.308753603011060
-0.645600637298608
0.386341496796634
-0.101585981092435
0.858969428305533
-0.309621571695782
0.423616843430792
-0.614440770225414
-0.085809503279378
0.226050382379493
-0.626252672613467
0.299479889074043
-0.450961558293914
0.382575789638038
0.387492684357631
-0.817050476821269
0.397312787057913
0.550424311293880
0.522599131247946
-0.460507964773218
-0.612894406455808
-0.160582851515113
0.150261524865567
0.093127835040221
0.845288281585472
-0.256389257931611
0.386667678937348
-0.227495814277408
-0.271158819611270
-0.701486176148237
-0.024577638642838
-0.499130906031267
0.370650185181653
0.307864249450905
0.330585573960000
-0.344167456776482
0.406854471736429
0.374020675486830
-0.525470468984343
0.318912006933310
-0.515862398184424
-0.190159039867517
0.287364810565181
0.576180983936720
0.679939871899280
-0.214284967060523
-0.006706029367049
0.131455295201224
0.847724022732008
-0.206199319666958
-0.197819794041284
0.001791434708297
-0.311829665860810
0.004788730946207
-0.155217298920251
-0.836744888715693
-0.337588273008752
0.727224702858356
-0.087730553219516
0.609636176727473
-0.057335256389543
-0.697581267470795
0.258987892359579
0.089459121310452
-0.163158041922708
-0.611218449014546
0.382434933374434
-0.582133466868850
-0.014290837276733
-0.245734212204973
-0.067225402204925
-0.235665627224598
0.495840151080163
-0.211745146881316
-0.211919300869077
0.063691852273823
0.340041708086392
0.059746916310689
0.213218955826282
0.833547056862656
0.158376940370389
0.069911836052064
-0.341159674799411
-0.822475401251196
-0.277725616131498
-0.235391655951624
-0.579175812006037
-0.384036279469963
0.293348812271419
0.616003574951134
-0.399148260638005
0.245953038787388
0.480162732939596
-0.636249678698196
-0.563152136125123
-0.333264214266343
-0.361036810206477
0.185657754900142
-0.320830024799912
-0.508820463905798
-0.757356419372417
-0.604506071347181
-0.127137790193551
0.382860020400981
0.518947543333979
0.549685875431046
-0.246520483044376
-0.022605643493727
-0.737204858608394
-0.542363031386395
-0.178201952419736
0.750232808664707
0.086969368965497
-0.670869917750403
-0.209178376847564
-0.158115989793036
0.025011052576801
0.757615663217995
-0.023678738337463
0.168733487742073
-0.704442737100133
-0.571447635890903
0.282059508881941
-0.269337798666151
-0.480102372224938
0.671683747057305
0.322773469644913
0.423237540716567
-0.913160130457001
0.225395656158437
-0.162760195724949
-0.685402783938801
0.384082806137436
0.489534191471780
0.326456513922709
0.673644052555643
0.338879759087875
-0.225724597989872
0.409033337562141
0.228780743431235
0.054742278853280
-0.057390611787529
0.310325084579851
0.376236938392085
0.452468730847353
0.029387173765129
-0.675128819545881
0.095022089439301
0.290718804611427
-0.191945524851504
-0.270087364904913
0.671409684896157
