-0.529328584756827
-0.314495118533104
0.787974663157505
-0.539929966570310
-0.128520687972587
-0.417153691108991
0.351663873296990
-0.379228227615868
-0.727607833517728
-0.169736633870999
0.252006794831864
-0.033869037778467
0.238489421915123
0.518186185693379
-0.036646126917637
-0.633494070219611
0.423761117901471
-0.383308952463927
0.161656503107045
0.491570492530510
-0.056350769392964
-0.173078255455888
0.507842616000597
0.498138859152483
0.357151679948760
0.007560633846187
-0.169536876544718
-0.269396675126656
0.378614898648498
0.405376979665737
-0.333973325172437
-0.228765061985579
0.041763041690212
0.628985015051406
-0.434442437515356
0.513925723233603
0.006226782595813
-0.639751691951864
0.217033142751329
0.042978427794677
0.541953872490227
0.401972266448906
-0.005215551116296
0.036820966563072
-0.412670976304903
-0.770509072195601
-0.227872614824409
0.011912701406629
-0.056072489477033
0.873951020351453
0.021740410520332
-0.211121707339499
0.688043527205111
0.165066919667894
0.005102363153303
-0.275155541663228
0.594114441221528
0.471502305138702
-0.345824808503975
-0.403730702837980
0.265011860316882
0.587409019959695
0.434074675709598
-0.388070437772913
-0.009328386642536
0.746670900478149
0.626172802682033
-0.656139502779890
-0.188382988910448
-0.601105296207751
0.285933922483559
-0.310643067285262
-0.781779485287384
-0.177483143678754
0.308114842123795
0.142516621476181
-0.251070060160938
-0.378225068283837
0.041233455470298
0.140769444880063
0.592804631356406
-0.471289086561887
-0.320426477242507
0.563176204211748
-0.563873957950477
-0.281649284903021
0.147872912299103
0.812303052627400
-0.136403689420210
-0.471127051446347
-0.245680976539098
-0.425398378795660
0.426070387806156
-0.541668241956329
-0.453978116483888
-0.373594253325777
-0.213473498350473
0.516343403673853
-0.206390428777503
0.122147372313210
0.585337706622420
0.107864988136178
-0.033252164736918
-0.378450475806392
-0.848846475940649
0.135373648116344
-0.146645023385783
0.243506016276914
0.013722454327589
-0.148534203963319
-0.625626228824985
-0.810236860262019
0.122589009516034
-0.466019183541489
0.068083476082054
0.258982727515368
-0.749432756056418
0.414517675334055
0.087112125302717
0.695063034505479
-0.325873709999684
-0.285604211546484
0.521730619968235
0.014449803747370
0.343280742144351
0.390515146232191
0.227450329098169
0.635954640759512
0.212161057602323
-0.068733008969363
-0.245034257888938
-0.461027711461203
-0.177074497542254
0.599752428929256
0.095704958632312
0.634600038293540
0.188157296326180
0.471922340272070
-0.206208736240627
0.481817107045423
0.150035999182945
0.000000000000000
0.000000000000000
0.000000000000000
-0.700968830924369
-0.098958976798474
0.129578859927474
-0.150025964590129
0.420027018708948
0.064612891159570
0.895970362343491
-0.286650463151901
-0.146981497262576
-0.489853233072678
-0.203547367470559
-0.625999371578857
-0.462634468444572
0.184202662575782
0.155643029460023
-0.093675945731351
-0.510149395706866
0.678249679628816
0.644667547656198
-0.210530160920239
0.063861382745140
0.292052828885979
-0.863552150966227
-0.112363648562974
0.573849793369442
-0.026862486376159
-0.538256923582703
-0.216641888555063
-0.839603909522679
0.287255600596945
0.092624069601182
0.338304109092924
0.168787090225157
-0.417402601131685
-0.402120126382352
0.455686391389362
0.327816129154976
0.645139215867874
0.138524833363217
-0.556099620227340
0.093258634022572
-0.714405850568656
0.262334576411578
-0.496005827224955
0.198511254090046
-0.038146207950564
0.350936667019392
0.328604879849985
-0.421636094878066
-0.468804816150892
-0.239210554203323
-0.373823001984966
0.344885100361560
-0.559108267914046
0.347361822509831
-0.441396669756364
0.423793631203526
0.020919762803824
0.301308587106103
0.552335072152167
0.467268085027247
-0.146560967364531
0.227985311958207
-0.051275440993625
0.371595129112183
0.034471912236807
0.140517072122785
0.628072616270966
-0.214929850705632
-0.129542874445190
0.254917455421801
-0.424995939696464
0.465109356355801
0.087927704845675
0.741310083950266
-0.545051460043359
0.129531473817034
0.559648941548113
0.309340944941397
0.413752515881246
0.301932224123179
-0.610445782572545
-0.403633146941366
0.212813699974099
0.147449425026722
0.256476578570626
-0.109888658669711
0.187576394634176
-0.337593223154916
0.654207164111988
0.563995729566272
0.194101820731980
0.071833275793151
0.241327344358309
-0.684551626128805
0.344051929107983
0.771681683498107
0.131041912507450
-0.134760266760212
-0.322648835575103
-0.143025007370669
-0.102814237117315
-0.515153660318464
-0.796971645064737
-0.018081365327249
0.021340875996911
0.179268651509288
-0.744142744306604
0.323937074122243
0.079543860935839
0.007199429594524
0.108969388687704
-0.303676559604504
-0.512395697443652
-0.364051824457223
-0.396636047244988
0.218220227431302
0.356331857727793
-0.640909398025324
0.047921502027704
-0.835184411512683
0.177549652543574
-0.019762981951286
-0.513131076877428
-0.182263096591569
0.449769262945015
0.077912240622028
-0.815611141529097
0.226705941206974
0.334735656594482
-0.194790597503048
0.670664499235996
-0.133094208764981
-0.495357125106617
-0.275819104103620
0.142170429167452
-0.506839002365443
-0.652473161254272
