-0.08273805301619752
0.1099984643725188
0.5705118271970179
0.22999218296790372
-0.24365028930190694
0.22049703258220432
-0.46017360747908087
-0.5524076914586368
-0.38886254867506254
-0.15716298713325474
0.9343838456993238
0.19026675338492277
-0.5604970743979725
0.41667949088465106
0.25245229094877464
-0.12207550863828684
0.20070548111603845
0.12956994613813547
-0.31638598881106794
0.31175450455665144
0.19662724928557757
0.17215057778613566
0.34653428795591645
-0.1813447316625115
-0.5960411484503976
-0.07121255903614518
-0.1421190539649382
-0.33237547383407406
0.12076564895553826
0.11122961407266885
-0.25932405426516975
-0.25335974170169917
0.5941891554881156
0.36918189602637
0.7928796924471669
0.08246185995082175
-0.15899446182166516
0.7385671834436592
0.052396515169269686
0.012764089402584305
-0.625191362183793
-0.053729165771243294
-0.840101332715332
0.07364231740650738
0.16702839208472553
-0.47184462999985305
0.3647845595148908
0.4926397202630556
-0.34677572228245435
0.0916658897736806
-0.461053841255747
-0.15427034792137867
-0.1521620143372118
-0.22295531420652856
-0.16673053506162974
0.14263986173567836
0.08987353939634155
-0.10015062726390185
0.04949601136606747
-0.16551187049748586
-0.07011358882072431
0.6503543587243639
-0.10259588795309783
0.552722826076925
-0.2184735753119206
-0.5234013718287325
-0.2820750406270114
-0.0052828849508609645
-0.7744926432539831
0.16854250757070938
0.03384125150149816
-0.08041803218057647
-0.39085812955153054
0.3627467452981814
0.8083658565514721
-0.33144445680743356
-0.4057497298660587
0.07750102366795455
0.7486902641038525
0.03558348044602565
-0.28049704953977217
0.44680491578587356
-0.33914537057667515
-0.6258614674223572
0.18228199151581773
0.1477679380320861
-0.8091436713708106
0.47583825959026677
0.6853458168109036
-0.06488172155770558
-0.2575979376666198
0.2516926150157548
-0.19042365801147637
-0.560420242847633
0.12375699441766817
-0.7997162101744567
-0.06201210712755138
-0.303083775202072
-0.6843343354925024
0.08139418687309337
-0.13049516061326036
-0.37688596561629023
0.6400395100147879
0.11512300325540939
0.32300739263323475
-0.07667983229298073
0.5479925088356407
0.5021032361214041
0.4465655876276663
-0.5186387057456324
0.5074676139012908
-0.21409669075989915
-0.02964329444381077
-0.09841473494721181
0.1607131380385222
-0.6731038649521195
-0.3598741698270575
0.2128687066751331
-0.048221355134381236
-0.22295591145297916
0.4336892802613496
-0.5909764006420629
-0.5345839232032569
-0.16592100943981936
0.16761966848955237
0.3493818193509849
0.5467539329660298
0.30995029210905667
0.5965482990769502
-0.14639074357897353
-0.3442419928634911
-0.8637084055201004
0.12982818651404276
-0.02858005600736605
-0.6571328991472841
0.3868784101562243
0.21865292938450298
0.13216359272560058
0.03387564187776559
0.6987885441760514
0.5653892165639481
0.2644717447791854
0.7325005314494768
0.22151450310709764
-0.7678064631361184
-0.49887095753629424
0.02683642696826633
-0.18121014583028755
0.05946499931301788
-0.5435979291165778
0.17991396913271376
-0.05857847393560752
0.17385256118373432
-0.6691032025307743
0.024381049216815727
-0.01398359983287443
-0.643322949135332
-0.6125851064361356
0.37269502221909434
-0.6568707482434416
-0.5266655379631546
-0.23492762935667919
0.08783078314013798
-0.18260197988586746
0.8810984761147808
0.18521388067580474
0.6474617190237233
0.4073757922280359
-0.3112581053557122
-0.19399255779084518
-0.8532616566747304
-0.23707011922988236
0.2567077949478572
0.6272144690980767
0.23023351175138804
0.41408133332878516
0.061447067139047455
0.49479974292919254
0.350219426081563
-0.2429268405108034
0.09778008049078207
-0.6544605378647079
0.410129827804655
-0.31722347701107567
0.40011283109295837
-0.013677138673524578
0.36697455754182895
-0.5159772345938662
-0.02642241088190933
0.794961277959985
-0.025909178010467097
0.16167436280948083
0.09641403114337004
0.8449731670748204
-0.42433829727513395
-0.6211492225095496
0.7376356331092073
-0.11766418988725766
-0.9542754406913868
-0.20540684882748467
-0.08539453840816194
0.6355883125421793
-0.1827667609768225
0.35245025828879917
0.3520859582785501
-0.2794147000729242
0.41325619385315676
0.018834875213755268
-0.49480268857922777
0.27455865489504117
-0.7866250297948153
-0.04773072533478344
0.5855971083416609
-0.20536615709255088
-0.12468035802666874
-0.06684993002419408
0.335198274048754
-0.7771715518056435
-0.05614103877209059
-0.1833120355920175
0.4699320661183671
-0.32415838782263084
-0.5289348107179388
-0.10953991560174381
-0.04326871089670882
-0.39187427024163457
0.18582835334922412
0.31957285640905264
-0.3502182765379794
0.16594242841109447
-0.38662603834895304
0.4648259330445021
0.46407710971669985
-0.6345094551953232
-0.13587288380566226
0.10528377722057053
-0.03900290532783455
-0.3335013826229746
0.5055773217471059
-0.26296319242145616
-0.7026039665726375
-0.5047074799301978
0.29312283121614563
0.15326061354841267
0.13930607023627414
-0.6556426977980118
-0.2777129084309682
-0.4692764709925788
0.379963008883126
-0.03715894970501083
-0.24411140888721353
0.461625954857938
-0.20950552884920118
-0.6130249651767525
0.7238136828612082
0.4562296744213998
-0.19623430812419682
0.3807093860571045
-0.3846877115728332
0.7003836147641825
-0.5139362148266508
0.05932607113248876
-0.4154604718519471
0.027450769309792386
0.8103077697945078
-0.3189399483436935
0.2529522429829251
0.3323394955478361
0.32341682536143523
0.18458899438543788
-0.18604873652404333
0.08432223069610134
0.2689807053041796
0.6775160300356059
0.29674738209581275
-0.05845678324582757
-0.6733735025766397
0.413486572125986
-0.4008063842849805
-0.18976725042609416
-0.32215848554871757
-0.22601846398815703
