-0.711453244419506
0.117075184033403
-0.535185118697842
-0.239923570710112
-0.646020832404035
-0.095214064178472
-0.616668203436004
0.286246153957207
0.354267673300730
-0.103116467850047
0.625852222647866
0.495417428394424
-0.475184959580816
-0.390231001681064
-0.590058832983623
-0.161585188294860
-0.609342909998638
0.656659136307310
-0.934086527245917
-0.016459098734895
-0.139533053297524
0.172053575773341
0.178119262286963
0.386393348334943
-0.095747595084816
0.160154488603036
-0.596641338009365
0.565786084887636
-0.010853729339819
-0.456789521027267
-0.410871419754635
-0.735971316307294
0.299685837367923
-0.438050462830662
-0.182246183986537
0.546768541864534
0.731140187624089
-0.322092774694259
0.028477079765267
-0.818857603867660
-0.089878504912912
0.245668401321482
-0.131462464497073
-0.225662607018042
-0.174355429012599
0.044691188759325
0.055269111937400
-0.459565838211864
0.562029677443005
0.496934546989485
0.293658601031285
0.336522531569175
0.084421488656981
-0.185887967619704
-0.453107594924860
-0.421408973960638
0.290853171428304
0.230592399731476
-0.699720400540123
-0.174760944759126
0.525601245033750
-0.443171471007173
-0.598581958421312
0.203172148472835
-0.031460187725912
-0.254565876624753
-0.556839804388761
-0.585419767922214
-0.213527453386160
-0.199035276810776
0.075327404658635
-0.277011597826528
-0.098360054485696
-0.839394023530376
0.067108046279520
-0.767464840693876
0.352928705189974
-0.196078405570612
0.238007636909481
-0.134295684777732
-0.740316116963502
0.855297319315017
0.052331011215591
0.238129835634307
-0.092461843715785
-0.508755237389391
0.601267088382475
0.240587078743851
0.339676409267677
0.665526346642921
-0.319291140961587
-0.631620121661576
-0.074142816455506
-0.411544781921005
0.078565643628646
0.412399832447611
-0.210022108833525
-0.117440587567734
0.239593508439751
0.319131350620722
-0.695583931352083
0.363114198173094
-0.096715387896978
0.262017105584955
-0.023095318305982
-0.667601984217396
-0.049907199382852
-0.089967896932516
-0.123095142645750
-0.019337253786415
0.779681424038127
0.037192966920867
-0.505801175078766
-0.563291696092006
-0.412848936596489
-0.516763289537454
-0.628180783104084
0.412355954560754
-0.649394284352153
-0.239622426503834
0.508716015512651
0.535345221189350
-0.370317598171498
-0.540692140428891
0.208723989846305
-0.602611687496888
0.070852181537663
0.260665457410896
0.063435526247912
-0.479606232068470
0.182115204994496
0.210774809338552
-0.416469846561544
0.760810003924280
-0.328928078356890
-0.588011353653024
-0.192395063651076
0.751548396038985
-0.244655908155772
-0.076224530365247
-0.114141492490374
-0.234585157493689
-0.061282949630188
-0.178535047206710
0.301186212987035
-0.291734150142634
-0.282759589315331
0.137721673127522
0.378683814508088
-0.177019435072650
0.320376075463885
-0.102679844201877
0.634699981223698
0.260305907704432
-0.473047813663658
0.347483067604754
-0.486009832649970
0.000111852656994
-0.340634688727444
-0.141728055981581
0.084320138079990
0.496540900223768
-0.344993806131311
-0.050451429548173
-0.223213240310296
0.138632587249002
-0.128539798309521
0.268329108982168
-0.593222361791677
-0.029830501599672
-0.660733415586864
0.071572668239132
-0.505701709795895
0.590207747716690
0.361067469985230
0.578867862140838
-0.075192529453260
-0.176305770054042
-0.395771966349696
0.109545072824632
0.062407578393853
0.650848809982547
-0.220098620547330
0.194791695081219
0.567776606840178
0.023774917691722
-0.259366873955956
0.370217558191063
-0.238136305162071
-0.133093238281545
0.715543133916407
0.609654333228944
0.193267556920091
-0.848795021029912
-0.161064977504506
0.587656590470223
-0.056223615736998
0.049416196053394
-0.406042266819047
0.657811165208961
0.497479054811665
-0.593996938663145
-0.332109374228669
-0.263407321775996
-0.277708609703254
0.588531733286215
-0.056439750643997
-0.208355321372881
-0.106262576792629
0.338139530942200
-0.803903718197300
-0.416241329687298
0.270941906061354
0.511821784042973
0.089993775050659
0.177647786520997
0.704553942112998
-0.594917899526502
-0.166288156036005
-0.415296654493245
-0.103606229764587
-0.313103690473763
-0.263398622074921
0.409822355343169
0.103242961845099
0.451302287343900
0.314955989273863
0.272723396586383
-0.258376504716952
0.174023433145989
0.334633484195490
0.312861604744131
0.037406684110081
-0.521358955590501
0.420493366958914
-0.446440605281627
0.087684609550218
0.091588058570967
-0.663045273327515
-0.213528979365683
-0.401471429223030
0.287034680721751
-0.640949681248514
0.367954967183316
0.826795343079338
0.256343472110840
-0.132905821651405
0.125194638341412
-0.499127839017834
-0.000297693837281
-0.189260450536480
-0.941084570927753
-0.396259932445086
0.277637760902220
0.556433265810118
0.444683701652585
0.294764416506060
-0.303217541922127
0.095168742016397
0.530178734185647
-0.367882780209505
0.178521173854481
0.364882789278903
0.053768972930332
-0.453067281023416
-0.377327492520701
0.056433369202520
-0.417257413304155
0.199332470102023
-0.321933539105362
-0.199472568123344
-0.095662537981407
0.502000829507732
0.199838178748064
-0.100059213758658
0.934378016517099
-0.765155947109742
0.069528185749179
0.319512287726490
0.284867144635738
0.129511255266670
-0.203972715745311
-0.210330085972456
0.001264135592166
-0.090340759157148
0.138112364900158
-0.891548770196429
0.327674827061927
0.644540678143964
-0.520016703454869
0.472746637463274
0.187210902243953
-0.145815739490953
-0.829406362162131
