-0.455378564392525
-0.408159011755833
-0.422409366151416
0.669034312723843
-0.553626026221734
0.611783300721959
0.099936310355390
-0.418225297267785
-0.590334073561791
-0.043935642160134
-0.265332396710611
-0.285804387086568
-0.056412902002601
-0.334967566075674
-0.593958973024910
-0.003840826626404
-0.545865960022232
0.407725089948899
0.292355737626486
0.638364940655209
0.344286539709252
0.156327150240662
-0.094705602932839
0.059854013948224
-0.154011247225595
0.441545419123050
-0.047283362628196
-0.018095338608642
0.391813372308739
0.129741655828164
0.594726259914247
0.487714841762720
-0.517216882901087
-0.368942955370407
0.370953459095075
0.167500669616243
-0.304104615251460
0.075078826827908
0.596449953748765
-0.418617112198817
0.300640436530273
0.878751776632386
0.201833200491641
0.233898688261362
0.000000000000000
0.000000000000000
0.000000000000000
0.000000000000000
-0.001875324855290
0.012156178293420
-0.132630806553380
0.341434518296682
-0.193982037403069
-0.097503104396119
0.143225689255265
-0.655622168823798
-0.032153800961214
-0.472617839660265
0.537833480586161
-0.134706935449475
-0.081767484170513
-0.003848991800590
-0.153201165262715
0.112417065835239
-0.138235225846073
-0.468434997819145
0.539902763441615
0.560750949746541
0.445987349607779
-0.446479617317753
0.575376621999757
-0.222369060537762
0.288225818989259
0.001464014149311
0.000281561792621
-0.393710486994309
0.328849277369329
0.096946114485319
-0.284229083542328
0.482056304093930
0.250763848046962
-0.290249071177456
-0.415619577320698
-0.225885048051866
-0.087328058228193
-0.024947104355068
0.169252727962472
0.071206545379475
