0.238643341608967
0.268890975404670
-0.492152008617699
0.031677837290577
-0.456402069033206
-0.085577956673684
0.258478130471487
-0.375573623391277
-0.204308420881384
0.129734804779274
-0.591897113935435
0.241217600485688
0.162783212076064
-0.537304527509994
-0.019405253767231
-0.349318000953233
0.517887385828595
0.431594752499053
0.165355579316360
-0.161037344831142
0.524527328204615
-0.673599630984860
0.000463878154235
0.137216112952864
-0.401513433891990
-0.402435696450026
-0.544254123130151
-0.325698099640513
-0.175954424420879
-0.060736244920485
0.266176907297938
0.244474639921370
0.448295541992358
0.552288799063125
-0.273271597005597
0.092259230281213
0.478724221121337
0.361544555276973
-0.280937446270015
-0.155984036114927
-0.180438323087532
0.126008532029128
0.114055640456048
0.462599125420586
0.527314805502783
-0.300789212253860
-0.632654208475581
-0.480846751249707
0.470222691460803
-0.165634133588744
-0.331547131035151
0.518712220810163
0.264117014572032
0.127258051991531
0.695363748201922
0.083808846179449
0.486126437835153
-0.347540092657627
0.198483319264867
-0.369323933320739
-0.501559994598494
-0.524960467071027
-0.016646615849738
-0.187036923978682
0.099261111398657
-0.196866066443152
0.463525321480153
0.478307841423719
-0.054142529843124
-0.075234740017307
-0.181812271748743
0.458975773287686
0.341829424334206
-0.271832422093001
0.002824664970642
0.289469290598563
0.497092776789944
0.374128811064951
0.319335093051833
-0.587949535144185
-0.277654020735439
0.448285885609644
-0.109937188053740
0.347391540444750
-0.221097466088161
0.217042767902558
0.380181211974422
-0.544355012720720
0.495482729727006
-0.456633474324147
0.356511122474398
0.378734439519924
-0.000000043159490
-0.000000032831180
-0.000000000098612
0.000000017671109
