0.485712214091264
0.600433696560697
0.000000000000000
-0.399245110073831
-0.399245110073831
0.485712214091264
0.600433696560697
0.000000000000000
0.000000000000000
-0.399245110073831
0.485712214091264
0.600433696560697
0.600433696560697
0.000000000000000
-0.399245110073831
0.485712214091264
0.485712214091264
0.449896366908118
0.000000000000000
-0.035815847183146
-0.399245110073831
0.000000000000000
-0.600433696560697
-0.201188586486866
0.000000000000000
0.035815847183146
-0.485712214091264
-0.449896366908118
0.600433696560697
0.201188586486866
0.399245110073831
-0.000000000000000
0.485712214091264
-0.600433696560697
-0.000000000000000
0.399245110073831
-0.399245110073831
-0.485712214091264
0.600433696560697
0.000000000000000
0.000000000000000
0.399245110073831
0.485712214091264
-0.600433696560697
0.600433696560697
0.000000000000000
-0.399245110073831
-0.485712214091264
0.485712214091264
-0.449896366908118
0.000000000000000
0.035815847183146
-0.399245110073831
-0.000000000000000
-0.600433696560697
0.201188586486866
0.000000000000000
-0.035815847183146
-0.485712214091264
0.449896366908118
0.600433696560697
-0.201188586486866
0.399245110073831
0.000000000000000
0.000000000000000
-0.449896366908118
-0.201188586486866
-0.035815847183146
-0.035815847183146
0.000000000000000
-0.449896366908118
-0.201188586486866
-0.201188586486866
-0.035815847183146
0.000000000000000
-0.449896366908118
-0.449896366908118
-0.201188586486866
-0.035815847183146
0.000000000000000
0.000000000000000
0.600433696560697
0.201188586486866
0.399245110073831
-0.035815847183146
0.485712214091264
0.449896366908118
0.000000000000000
-0.201188586486866
-0.399245110073831
0.000000000000000
-0.600433696560697
-0.449896366908118
-0.000000000000000
0.035815847183146
-0.485712214091264
0.000000000000000
0.449896366908118
-0.201188586486866
0.035815847183146
-0.035815847183146
0.000000000000000
-0.449896366908118
0.201188586486866
-0.201188586486866
0.035815847183146
-0.000000000000000
0.449896366908118
-0.449896366908118
0.201188586486866
-0.035815847183146
0.000000000000000
0.000000000000000
-0.600433696560697
0.201188586486866
-0.399245110073831
-0.035815847183146
-0.485712214091264
0.449896366908118
-0.000000000000000
-0.201188586486866
0.399245110073831
0.000000000000000
0.600433696560697
-0.449896366908118
0.000000000000000
0.035815847183146
0.485712214091264
