-0.313442834158823
-0.088423275250049
-0.083036976695203
0.211746265893206
0.244625183062421
-0.087388108245788
0.292226249015190
0.268336983191539
-0.361377021290375
0.109147670015150
-0.067734859227645
0.585284725649900
0.109763393820520
-0.260131520064377
-0.092644298110507
-0.619686495920415
-0.093446717220155
-0.538670818724015
-0.200231985425485
0.464397839280954
0.707709582820934
0.429045469576353
-0.055866721923609
0.244387863074351
-0.524491796501884
-0.463731002690774
-0.333475952682899
-0.043829937825755
-0.177715447268093
0.418503707136807
-0.544001015673423
0.416450783502298
-0.447117443728630
-0.179739750555907
0.168160820483305
-0.035134899164903
0.031549163824043
-0.158792032695757
0.694587877253285
0.401280841324487
-0.478723539524524
0.008955103545368
0.368157811602029
-0.420345257343407
0.518820156163082
-0.292070452616301
-0.709058685163194
-0.046652254203925
0.439421597126511
-0.438663370542328
0.201277616499113
0.120820214980885
0.222346751207665
-0.327574707270073
0.780628407400597
-0.068746535675897
-0.478720142790628
-0.363525664278370
0.428549530173027
0.531747722663694
-0.458179292034359
0.093481152369430
-0.249605771362846
0.289232138378405
-0.294800447759848
-0.913460680357829
0.161225312547185
0.066681108450138
-0.025500174694932
0.685990610242512
0.548128925247497
0.237138183504177
0.073158703078375
0.157613834766508
0.122968142050821
0.521880346704193
0.214328098856035
0.078933196180038
-0.411789591574354
-0.291405612592252
0.618249563627895
-0.457529362729520
-0.079857397455554
0.352160063577345
0.674988627643101
-0.502527835644761
0.361799389347753
0.056219412238222
-0.476484119272323
-0.135864490156681
-0.396151279100098
-0.610482440083394
-0.299840293465406
-0.215489999163127
-0.546656694628424
0.274177917187132
-0.122567256615431
0.513248939698997
-0.236275483188559
0.439790813904886
-0.038383216572070
-0.239413061917518
0.597181329229064
-0.172990847933625
-0.359935346901538
-0.017108683525572
-0.290396971846823
0.195048842406144
0.373038343391705
-0.238015923830224
-0.353851902820855
0.275162285407968
-0.307916468569126
0.303256009914991
0.037840819211410
-0.368367778201927
-0.664667984152745
0.213348630640186
0.184827212496348
0.465623050402194
0.345848065707522
0.320296107800254
-0.328325382726121
0.017693773061741
0.239372595991260
0.142675828490245
-0.267924096659513
0.555944525913444
0.036601887149964
0.073691190912745
-0.286156431665834
0.227868934466633
-0.160501029707831
0.311380322473637
0.463332752284830
0.471144753733652
-0.365171815383524
-0.174517975381697
0.242924987962635
-0.079563864395978
-0.165794997617525
-0.107512305280154
-0.119365568934424
-0.344921382142737
0.358564336301070
0.366090633565750
0.605947588163713
-0.074910110672537
-0.070896963085771
0.124269854890521
-0.072345531349375
0.150130135866221
0.234461857034496
0.130629181112451
-0.129607358882827
0.288534875088338
0.153624899431880
0.367006454623324
0.059235212757984
-0.721472289923491
-0.223475680101701
0.629731742208897
0.164381477928124
-0.468850083474577
-0.290919109072435
-0.368253549483839
-0.061086852409322
0.232517175148073
