0.251749577845036
0.239845675996046
-0.566818104928297
0.254532594123026
0.281653611554425
-0.277426137113744
0.629963936422885
0.361139899441052
-0.303682062308220
0.318218082628568
-0.160940440345008
-0.698168054137972
0.128107668346587
-0.254677133989904
0.496728410914395
-0.353304630824376
0.000545412151467
-0.415494150288246
0.153825673197811
-0.000847217498363
-0.461170250590313
-0.315499479041682
0.006916938501261
0.501882826822342
-0.230595777948843
0.102206958328449
-0.153814960044253
-0.671691702276603
-0.107112234884689
0.319400791280640
-0.613712273337256
-0.019159912264408
0.195639177506055
0.207920945362181
0.091726581637328
-0.482114630189509
0.268770908712608
-0.090292452791073
0.340621772094151
0.076753325822408
0.585846058204493
-0.377422621845942
-0.132320802413252
-0.514001516309857
0.108716932597002
-0.023595046853551
-0.307904697681078
0.351909875213068
0.279989269577837
0.089399089384701
-0.593637438163373
0.332520679236397
0.363869627228163
-0.086705932426930
-0.145185375943436
-0.071468323320984
0.302361950630648
-0.599150853650878
0.160963665452100
0.185250928137026
-0.348845510360924
0.416243707345006
-0.063451972395161
-0.193358947197720
0.107751359990120
-0.083833670300556
0.305733305798932
-0.477948445163631
-0.678484535141637
-0.295518823512268
-0.186318310058483
0.208580249323960
-0.553253175921408
-0.000462848999942
-0.016042309701048
0.272308013268029
0.445206024603079
0.275467567580607
-0.316334711057615
-0.276442097803912
0.262644622653951
-0.128925401969653
0.110447904653366
-0.273382671652652
-0.380148490281607
-0.120335245758305
0.136627369039975
0.110387362950135
-0.374648096617535
-0.463169282978709
-0.066494837948743
-0.365674789597752
-0.198019921602462
0.424185201923649
0.097865923778767
0.296153135156902
-0.249207990716291
0.055910379359596
0.269635093037903
-0.394005486267176
0.469757552988543
0.310245662463983
-0.178340730415423
-0.445460167208465
-0.218973453607247
-0.320394426137741
-0.162880679519640
-0.791561229876746
0.236914563056567
0.295438859707007
-0.358895241796814
-0.404511357318712
-0.063873934569243
-0.285962527862951
-0.576242395834084
0.208903792222709
0.249394182600187
0.451342135692386
-0.474121802913704
0.137118858003650
-0.009495357103965
-0.622554242106702
0.172378563566428
-0.510164282299348
-0.307095947209274
-0.043994972440806
-0.669846478988309
0.502749861406193
-0.221199069851234
0.319712525886942
0.159491675096525
0.236743500328772
0.819362021413148
0.034952824192782
-0.304375669201033
0.061299829928445
-0.383107639409142
0.473987776993348
0.271143686488575
0.075389832166501
0.040468152577919
-0.058227719384873
-0.771967371620272
-0.482631017975970
-0.181020329342706
-0.586341676376655
-0.325767327657867
0.081725299314058
-0.332285215687739
-0.738863653460923
0.044512589633829
0.072937076499443
-0.174414806204922
0.634648771074139
0.373010354799280
-0.295157038876327
0.350827380047263
0.340644157100183
0.337384196679405
0.145467312225599
-0.637576826580876
-0.098037417151672
-0.046377307741204
-0.448592576493548
0.397528606573693
-0.457157064720594
-0.418009610846720
0.087565531926760
-0.648304674544435
0.442202556908770
-0.397814105708874
-0.231000223034297
-0.206463631788869
-0.508025178548383
-0.691091320000820
-0.178409977927218
