0.20339998892432695
0.23453145079868246
-0.021513179940245347
0.34759358399045215
-0.3334764274019308
0.6419594331067566
0.33531933554971705
-0.26588366411332315
-0.13694517225414626
0.2415999694436698
0.5245651807051541
-0.26986424159140193
-0.007479190818021957
0.17086547653514192
-0.503943278543095
0.3373599648385599
-0.14800649730356602
-0.28585529241914565
-0.5889304382837646
-0.4427574498556693
-0.5493944275970511
-0.40710067469377026
-0.0006800899922245261
0.07007710387693002
-0.3677141956877068
-0.03220105479151223
-0.10296792309442468
0.18112576123511798
-0.4195296649216323
0.34497771904885355
-0.04123266755282602
0.5567379523115541
-0.3844388320259133
-0.13395599014796167
-0.03125965966267318
0.054780888954253724
-0.6952337104411279
0.5324019679477244
-0.07667872750575812
0.3069319183224338
-0.1434502418931568
0.08930044988510562
-0.12307268650989611
0.09419502813261409
-0.4840527017033333
0.20217170100064744
0.14770580387433302
0.4941992512310647
-0.20536873704237726
0.10498596266533558
0.4983027439629636
-0.0777394196039525
-0.3254141521643681
-0.4182178260590385
-0.34484739614616405
-0.3846778876142006
0.12307546988735395
0.2433507198368092
-0.5323004385723964
-0.3965781178138457
0.39718254457152496
0.5741677140199692
-0.5182689493808005
-0.056825038576572194
0.032650233648775055
-0.28434424716475165
-0.176342467165466
0.333781447109262
-0.340256260239574
-0.2748541519734644
-0.023293765855158566
0.12278118963715963
0.598332845097627
0.5191279753349165
-0.014678620698977842
-0.25264185157415053
0.22969076164611246
0.4426825612899182
-0.6390223735755954
0.3902526269663299
-0.7187787282833649
-0.4487254994933622
-0.12038042144614047
0.08321482662918457
-0.03245494450601605
-0.12307167049726488
0.5242983208873252
-0.3882454432895829
0.368745110037341
0.3575802965506873
-0.22237855464298736
-0.23879536196575155
0.11840576282205602
0.5553951654510633
0.13643156503166773
0.10547548484148238
-0.4238723304728405
0.01676853051317653
-0.30202946700037947
-0.7149605523781005
0.052510873014026814
-0.05476290938037071
-0.24714208109986302
-0.4761436786284126
0.2666862850415805
-0.606820919230702
0.3469020290944771
0.12323115039643107
0.5882132929996468
-0.03864099234758319
-0.07660366546933658
0.4996222081273574
-0.049721968200174216
-0.014305289191983586
-0.59224820096169
-0.008530008743723068
0.45531715198546885
-0.4472495958497266
-0.1651389790845023
0.3048060830856825
-0.7794448875362155
0.0323745503851321
0.3237095306123796
-0.32706287371452997
-0.3296410006987628
-0.3740986034010656
-0.33155932917084907
-0.18650310995926148
0.6009577333632984
-0.21803941365631
0.6491991947165665
0.011553674731761611
0.23893541229509652
0.2724709495240009
0.03608493348826072
-0.02187991422903844
-0.18150312799122365
-0.4419592295023886
-0.7229757537530946
0.4432409973520576
0.14535240996631746
-0.22154493462116484
0.28400262330583037
0.5548898176113838
-0.549318660456197
0.24965668983252626
0.5192172749117901
0.2424593892121385
-0.27986549269908384
0.4757526048023356
0.3278222729037388
-0.20042454464910886
0.357104517909107
-0.3925572769478452
0.4455948378747987
0.06953620278175061
-0.2481485982963951
-7.57235830713821e-5
0.31092583280643893
0.28721606411612727
0.21541257700149283
-0.8177657208126047
0.2439352162533688
0.030460613773751526
0.022469733299593668
0.35523992806514954
-0.020697617415149482
-0.8160480167743468
0.16081781733384054
-0.11292427562313781
-0.439714162347835
-0.27658231625199925
-0.1146051795806325
-0.22344188095207915
-0.32023779399514907
-0.1581604599984638
-0.3158073341676906
-0.019674913215445577
-0.39500867065579437
-0.06658219143216232
0.3002959266379229
-0.24545358444210438
0.1355411428644742
-0.6240034293959584
0.11949003116694211
-0.060638633055101254
0.3139571794607541
-0.7163545958383971
-0.16959803249714625
-0.6597267321515272
0.07702083725562432
-0.4217138515282417
