0.439623305461297
-0.536497517662612
-0.442488504011119
-0.568423861792537
0.055802723356421
-0.558534742397835
0.382842500145894
-0.021674583460671
-0.227070210073140
0.407918383036852
-0.504937047563798
-0.296485812896508
0.149162039031277
0.430431744793035
0.481915055524823
0.268777175123666
-0.267947994862407
0.110226063780030
0.569689492446428
0.179870596145260
0.213527288357612
-0.524149609600522
0.091380427338696
0.527240601359162
-0.389424199534218
0.343928749448001
-0.016634413117950
0.391464921573618
0.517563251130713
-0.005008090334002
-0.328510047436766
-0.156443886702892
-0.327339452085595
-0.098251339711836
-0.378741611194307
0.111955680088952
0.509675883934475
-0.327276168565402
0.305825201079597
-0.504971644969429
0.420361385891992
0.033252198370711
0.205055194832658
0.172637723250114
0.136989870678772
0.237627243312293
-0.684812381210546
0.342016724589517
0.044254849558563
0.233680067492899
0.905967258752217
0.023687376201808
-0.324342975560386
0.084285720701052
0.055761535826641
-0.023916657473584
-0.307223772024619
0.489437339687468
-0.097950073512945
0.193474004928051
-0.055093786966447
-0.628303825297144
0.091928498329940
-0.194364237274025
-0.162928408369818
-0.363079733001917
-0.181929501143109
0.406868038586375
0.224942420709840
0.637248659052450
-0.190558054094945
0.652575298940305
-0.084636312495459
-0.105879633320752
-0.060411944957329
-0.814006454997090
0.313498891997709
0.207810048042355
-0.022612623466795
0.360563312101201
-0.773179337865297
0.167599394219582
-0.042833547743152
0.114610980865180
-0.367306407754929
0.160761399789735
-0.039079533148931
0.599151283041526
0.135271412384719
0.021829415914983
0.092023676007591
0.852012392043092
0.446223183995330
0.030765423521002
0.205132552068894
-0.051235556540504
0.698092513130186
0.319822429021179
-0.195106613838863
0.042438288139697
0.263706877375043
0.068551029887463
0.291953244450162
0.121918491272614
0.000000000000000
0.000000000000000
0.000000000000000
0.000000000000000
0.152434192224680
0.219899191391940
0.430605021645923
0.529975761817211
0.142841814630237
0.208943087061076
-0.495028555627337
0.360641351903291
0.081676113252872
-0.623310048634663
0.267332802798499
0.146091330750191
0.376096840450995
0.452761781598550
-0.065346814052322
-0.456554780252001
-0.242214904603817
0.469227222566023
-0.098403639295009
-0.323751026290775
0.219616673816293
-0.082727315095929
0.652347152861725
-0.309690522408966
-0.252951756955804
0.291781364400686
-0.535360767864139
-0.404941417281519
-0.483708476111154
-0.299831758254129
0.489162987066246
-0.405046755281144
0.002061333997380
0.033668135522770
0.507689394328157
-0.160340492158205
0.173195498204453
0.198166142172261
0.172684347610962
-0.807002351747557
0.050874609869421
0.442505883854809
-0.084485380098414
-0.365083782963787
-0.018656599188189
0.126950677686951
0.323598840048632
0.030275668208397
0.584117500508126
-0.272905508827890
-0.539674193392454
0.420829288365031
-0.756988710581299
0.172085254756842
-0.067736790676011
-0.108649534169166
-0.117870214539522
0.571346699593136
0.415656280534728
-0.207050935904271
-0.483562490923584
-0.352824532162868
-0.429418284922960
0.316653754864340
0.271397629942410
0.076743003410074
0.028389279789822
0.028214319340190
0.429132363733549
-0.082401995504320
-0.299876220750541
0.185740851043362
0.025754481801568
0.753805881932150
0.389700683615279
-0.085223072561447
-0.050290289925846
0.594980647136731
-0.050837301894177
-0.004271980374194
-0.288958560949799
-0.562907996225162
0.194662611863077
0.201187252728917
0.027366246445342
-0.256080906255516
-0.423073795400777
0.038908483693672
-0.259623754295096
-0.238450311986270
0.585994191325353
0.536266421903000
0.466843601469154
0.335585935240178
-0.041209273141961
-0.195585749956573
-0.655310729772928
-0.166085167045512
-0.398546141909301
-0.458042750372117
