-0.17321328180644638
-0.41209921507425895
-0.48844020680957106
-0.18843587703742154
-0.07555499760840372
0.07656788230133824
-0.36440950908092545
-0.6425234946631403
-0.2548945122896929
-0.15356240229028703
0.310902263125876
0.2697984681570336
-0.5388024933852361
-0.47504261292681965
-0.36083732920076045
-0.18015240862106474
-0.8013223764353609
0.4008987716175188
-0.34311845194721
0.2092824866286316
-0.09779057180413252
-0.3150917982573128
0.11899422060376753
0.3112448427776368
-0.2997849139423502
0.1236192129611796
-0.0799970726646696
0.042979247907790404
-0.19267307729762057
0.3893050779717854
-0.4402209971488079
-0.03156192512313625
0.34379567552128126
0.8141238563690343
0.024081011421757708
0.06441405437201288
0.05155161862564228
-0.07930763138919525
0.09759484642662199
0.05424567988191359
-0.3601316481487858
-0.23236596217621416
-0.43097321616495565
-0.12384670268653569
-0.18819303232279197
0.12049620892476122
0.09990488981907503
-0.0360447351688081
-0.18743980783316344
0.7605220932146085
-0.08811381201168765
0.43136134554344824
-0.4699717282136298
0.5940610029439753
0.25505004578824453
-0.2805458495919626
0.06436051001984339
0.31237599996842474
0.1240314356481571
0.6429402475259391
-0.1854598322171867
-0.11228427173848989
0.18100910951324364
-0.7815539845580306
0.20768486473641387
0.3778756559087936
-0.19492769991362588
-0.6546198931249426
-0.6732467621243717
-0.0027958815504587555
0.6098847927394174
0.14489165235109674
0.16576263267832084
-0.5807024065853377
-0.33037480374101025
0.05464374879878889
-0.0791137781910014
-0.7272506458854933
0.34331206313580015
-0.21363938225148751
0.3079587850200227
-0.02624388841220151
0.4292968602986132
-0.7603586057033574
0.802504195025354
0.16282540682602475
-0.11465119459129487
-0.1947197901267546
0.02891821822409665
-0.003412949289803431
0.29342159311603266
-0.3833151811835262
-0.35825802094461356
0.010793205865262894
0.04656985703644136
0.2689365526389345
0.6818001598434679
-0.23035579584932162
-0.01378742893247235
0.503962058594229
-0.475032070793948
-0.2042710401985928
0.13116222474207173
0.10291769100640139
0.3455103457830948
-0.349502423058103
0.12793855235772641
-0.09243877316267814
-0.1043220272103533
-0.5216533014210392
-0.11518029044388732
0.47939308402030184
0.24326079499362377
0.1157274428516198
-0.5968596472955358
0.11827077514707927
0.09633667223506685
0.016660417188080215
0.3110302547294366
0.7973065924068963
-0.1593259168747094
0.02473426264474999
-0.5431502540321085
0.018952323264260742
0.0075760993850071505
-0.02434851993654662
0.13373480531615392
-0.13075911748515165
0.19338478749768845
-0.5670653415125257
-0.4711844528848593
0.4462573470809999
-0.19079868099357192
0.392058451714186
0.7970508982072346
0.24737915759301454
-0.5672421611906732
-0.4525744851799643
-0.05713109241079715
-0.29440900854704083
0.004599453290559747
-0.34623003757485843
-0.09959928759190452
0.29062243976243063
-0.25960634547477784
0.7355194014762528
-0.4478523815877961
-0.41186087715757747
-0.5313592231099742
0.18872458074822165
-0.024647937078521667
-0.5446725848074369
0.4668150171915928
0.38642497052808
-0.5053913686177598
0.5622480615175254
0.18249056280924447
0.21244879095291527
-0.2348120751520321
-0.2430263461986337
0.42378085674332483
0.03731796529201959
-0.3148140720557168
-0.04869142472022854
0.4087114879727431
-0.5029659612230035
0.22187193377557335
-0.016613456258936843
0.36231789295655487
-0.3840755965729914
-0.09192347168756528
0.148888281480936
0.540620147021974
0.05317125066394417
0.10663148340209892
-0.20269527485027278
-0.23075454723222089
-0.1503765002552422
-0.2613267603620881
0.0981096346994823
0.34017698212539665
-0.19286671915582407
0.5285421884813031
-0.3014949731477688
0.2744363358715545
-0.10771189817150728
-0.46139358118222146
-0.039260127427862015
-0.33387387888120484
-0.16703743197721377
-0.04221196293293811
0.029606097770948435
-0.26092545768079556
-0.37321970958367967
-0.18163530736960334
-0.1950584009970369
0.10267551421382219
-0.22895030719099002
0.8383754003623447
0.017073742552101475
-0.047649285302308844
-0.5411571977269802
-0.36697535266984804
-0.6060087455619694
0.39196074333628983
0.1159233815861399
0.2234265922695084
-0.10452752177622084
0.12839585550988727
0.12324251334220428
0.6452009576535309
-0.5068173289933633
0.5265891885851951
0.3779663073238874
-0.13107115153994775
-0.5442638215950717
