0.587263473940642
-0.090352311176505
-0.157562249342467
0.122071378698759
0.413202451730818
0.359002418320776
-0.106079077888598
-0.283096013585412
0.616956945838340
-0.324627236277912
-0.125401348277614
0.374846454559313
-0.177108127330552
0.252855092564634
-0.352447644174426
0.800228263985494
0.072861212186705
-0.151770322253915
0.153779878687931
-0.249248753838612
0.407996391946117
-0.324053855447990
-0.141784524354578
0.659197335672271
0.062814711956938
0.244319179040542
0.271752661040250
0.014686506420231
0.598494674941044
-0.149640545088172
0.135699300570540
0.237828064937675
-0.222950357563876
0.374505327473509
-0.415689256797995
-0.040872012083156
0.256460246851102
-0.399396869882716
0.588985910924514
0.241998141113472
0.057329860700055
-0.537454414146755
0.079179733317189
0.328771832181417
0.021548555100497
0.349700387749177
0.391482324071238
0.609053200703138
-0.411627987505218
-0.097363286846177
0.081747740304036
0.185428789245031
0.167674358261592
-0.388080838083452
-0.501027558419610
0.400476616751944
0.363506850962137
-0.037020559312310
0.758492377090990
-0.170758306588991
0.373320383711476
0.020543109683952
-0.250827809874207
-0.132927058764534
0.319360844512414
0.617807564703186
-0.437637866595446
0.124762246920794
-0.055694226501598
-0.226699969935958
0.490240202937583
-0.328760220832725
0.020378566864567
-0.296068862503153
-0.094690264664864
0.278065210684212
0.294571522709806
-0.277472015849684
-0.193377432326493
-0.673681918160051
-0.599086326387233
-0.116428994576677
-0.395971689060144
0.353158664682668
-0.542249038616514
0.437123650353049
0.012222518236731
0.021053956475495
-0.431469673214416
-0.545889943566307
-0.340554469235207
0.052527549963505
-0.029829113214760
-0.183486790709484
-0.268905348886837
0.243970715356394
-0.596749347692257
-0.163857749977491
0.344007006393926
-0.017912507446281
-0.387277105968242
0.423160412171799
0.106301187419527
-0.221171806448616
-0.295284775191891
0.484273965066760
0.246785245757687
0.062177799200795
0.158723648643336
0.611715370279649
-0.573434789837223
-0.369075814669701
0.643627858030251
0.096281384323918
-0.316708350791357
-0.288790034564975
0.111122355918364
-0.665291508815933
-0.384933095125222
0.076488015007043
-0.327656818295991
0.159911915464766
0.469063154842431
0.069244980241633
-0.046173633052378
-0.160219033776294
-0.275273566190887
-0.191140570301917
0.354874993796845
0.841541073026001
-0.066069611119089
0.217694713616936
-0.240844800298874
-0.411622231211657
-0.139518518207464
-0.164254583628268
-0.479085004357562
-0.525495272988362
-0.095497210895413
0.589499624969544
-0.610941801923844
0.139079616541436
-0.389099379772091
0.021071076652696
0.239506853383014
0.636188303562662
0.399992824198185
0.116092499110382
-0.014784527386540
0.485901458834275
0.200082233939097
0.304780360682289
0.199496217193948
0.027368755532412
0.616801333955741
-0.415336028967514
0.455325512361179
0.272885757864123
0.003067496110363
0.266915189994438
-0.300292151372199
-0.279439643515612
-0.471849882504982
-0.623788473111981
-0.021447302912499
-0.003773326582192
-0.502049707768165
0.396661447543360
-0.380813027990732
-0.057199688159068
0.332928012652124
0.053774844454040
-0.114908377757101
0.079286102298256
-0.862611001741579
-0.126640108061861
0.112649647900431
0.152272453142126
0.089605237046369
-0.515096109273551
-0.369692383683573
-0.265186163257950
0.044096469628150
-0.623013546414827
0.028156081700625
-0.179903461854784
0.157440230209560
0.876182622768206
-0.090602745403666
0.438526752041793
-0.285245019495433
-0.251227883328643
-0.232349016164956
0.198604837545639
-0.028673465558640
0.501769994463231
-0.110118065139863
0.578717604500451
-0.274376584082953
0.303271613350567
0.505847094350436
-0.037070655954285
0.054045595603694
0.370033995449553
0.262272335872743
-0.609287631472134
-0.593911035571555
-0.202144776894554
0.296315968327778
0.018462983333583
0.193492208174228
-0.610570148276439
0.155612260444246
-0.700425054673040
0.144511485740810
0.273935751634567
0.134223549252383
-0.499028400933570
0.003657298085697
-0.588606753375924
0.309155083808397
0.034703543737981
-0.059271971246321
0.187809279821950
