-0.470345471937146
0.400820740533061
-0.669019738431379
0.412953339465807
0.407503184458199
-0.086380916639862
-0.242275607910384
0.108853461306705
-0.535386624916865
-0.118611571689672
-0.222423580276049
-0.547450598373759
0.174203307181207
0.048204524704370
-0.058528467275363
-0.537868348485083
-0.075000706939137
0.482849978244303
0.374797787899888
0.024545551838579
0.226790658348344
0.530548878326244
-0.176915567968476
-0.527646285424302
-0.532962249475102
-0.041897340262707
0.389087918605413
0.222103112219741
0.216340978481565
-0.046925282154267
-0.546552300508767
0.461615759879645
0.276325991252707
0.761747062042082
-0.320343925928703
0.322196618397030
0.097915308125155
-0.224486077568891
0.201145425917109
-0.587673157316486
0.030730783189038
-0.588491167298126
0.084564122909179
0.055387788275975
-0.150313655433649
0.408819384625498
-0.625661238325234
-0.184576525013674
0.065314861279242
-0.073428495194761
-0.123749098324726
-0.053767310566359
-0.020344136430316
0.437629600242856
0.510274980584384
0.225819754538442
0.240427048344623
0.371890472898266
-0.124776034784108
-0.272690257149829
-0.418040000398939
-0.163965427631444
-0.116309411174116
0.578907941910151
-0.151849883462516
-0.207496529034896
-0.624726334450068
-0.126252339660561
0.136558202537384
0.382466410372403
-0.222450450424185
-0.583924195265840
-0.053252687613709
-0.627431673412396
-0.516058727883987
-0.267712362952592
0.173792331198176
0.410415885449956
0.044074337130829
-0.127658144493647
-0.819335088644351
-0.061403813662672
-0.161469760893959
-0.008814269287479
0.447599207748959
-0.299160706537273
-0.053899840222126
0.660994181780283
0.253955062007314
-0.448661168633905
-0.311413986660874
0.396621163700925
0.331757655351379
-0.145221113304549
-0.401506214451747
-0.239672224866594
0.660378979015809
0.110676317586737
-0.483544693223658
-0.090699337658358
0.356734011521550
0.103445515293615
-0.121932622210966
-0.547144879835295
0.312202360340478
0.050857888306710
0.487702571551937
-0.288394386701582
-0.095558576114004
-0.105840970758336
-0.397809465304031
-0.291927260504423
0.000000000000000
0.000000000000000
0.000000000000000
0.000000000000000
0.224295689644261
-0.355657375445380
0.196635567039805
0.735164385932379
0.321554525779994
-0.255975274787741
0.420228568383756
-0.067862700806208
0.392384763309467
0.256943524904594
0.280253565942692
-0.613248523104674
-0.263758821877625
0.531257531839190
-0.039994699236944
0.516480463635559
-0.365359775792489
-0.048755878324358
-0.095807473367465
-0.460793002214271
0.229617143025093
0.256429888863987
-0.462930728852955
0.425078195936739
-0.506294673964253
-0.388424128966867
0.140667387788228
-0.110413573116221
-0.100627638125961
0.347862629755446
-0.076230959291578
-0.002996389973149
-0.199371975875324
-0.250710307517882
-0.037846073503944
-0.670941281242241
-0.011901182932084
-0.173127527859223
0.762987991731286
0.173923582125036
0.147444582116719
0.476582524672363
-0.066554460103272
-0.362562730072354
0.254500647481722
-0.074914314364679
-0.650536528975210
-0.691778109202166
0.326968416298331
-0.573603546831645
0.180095619569315
-0.168307829204257
0.433487226615134
0.470250700590008
0.295548832801455
0.466441063561877
0.051236050262883
0.184879735472601
0.641531686919280
0.036428800657160
0.118688128908134
0.267018183306056
0.634144706571427
-0.200347363529860
-0.178440753012017
0.534839926967096
-0.317861521885916
0.160277374063000
0.303591524853734
-0.036219153475330
0.054559698740090
0.411157785758513
-0.023581410094444
-0.786677032448243
-0.267400539556809
0.303637930270677
0.290264952463459
0.302078476896584
0.173073605002528
0.305466508108930
0.136210838034390
-0.291878510374835
-0.365985907754394
-0.180685300652254
0.022722702197001
0.134867563323074
-0.451603909131646
0.507219175586456
0.784652551231707
-0.053376337561213
0.170382634975629
-0.051368948630027
-0.435514145405289
0.327279000749652
-0.109347562433603
-0.029453556883514
0.310401451323215
-0.625639261075837
0.018039707047765
-0.244347722491358
-0.350409848075491
0.380331823496197
0.301008141783892
-0.469971043579326
0.295103627394789
0.253015249356445
-0.732679131855712
0.219706107706625
