0.753094900531483
0.133621132760663
-0.350046703605186
-0.540796421001819
0.081065659700029
-0.074040163415671
0.448010618335107
-0.530694567504440
-0.278823651926167
-0.419165093369053
-0.257328617013094
-0.522861426796285
-0.088869960342896
0.345303205120269
-0.426551181375678
0.105205272531588
-0.227847571203926
0.402628316363707
-0.455121791148922
-0.174568680469815
0.507806312093602
-0.181728783265095
-0.091346316028743
-0.082803860420670
-0.174134293057737
0.171180594718130
-0.400356784905048
0.356875398570224
0.494246203017408
0.073495596797624
-0.380970771933932
-0.101010103052700
0.801843761846645
-0.150798431714675
0.230783954964058
0.302179631544223
-0.319905912570046
-0.102420219067079
-0.660357134164231
-0.005567861769170
-0.105988859971169
0.236236768870926
-0.141467254720018
-0.153259262831869
-0.314305581754486
0.174139441768283
0.033143656474982
0.421734532469072
-0.122643434144503
0.082121927414840
-0.545798535453779
-0.160046075773901
-0.491534256745540
-0.294041877792853
-0.493468346191541
0.464348826831491
-0.430685709845086
-0.534824889075694
0.220097417125309
0.194016923562749
-0.031039548813014
-0.139911457431148
0.733879380804347
-0.386049788368123
-0.302536877335035
-0.525311269786394
-0.158149030656783
0.474601826874857
-0.012685511339026
0.158714248326179
0.248975705244620
0.334865984071498
-0.246845090208217
0.435900907218408
-0.500886047286854
-0.056894912715106
0.221208497919139
0.595036934510874
-0.130896069153966
-0.458120770249411
0.049018695789895
-0.072915371916678
-0.729372428775252
0.553929669632133
0.305891035541889
-0.546632938637184
-0.426842411282520
0.562452853730568
0.103041702333271
-0.038863940665596
0.071222540112180
-0.553015914015376
-0.018148761721518
-0.202657635551801
0.508099481150341
0.262789207006875
-0.313657739998357
-0.474053665360890
-0.140169173756308
-0.106876493013329
-0.670084420078414
0.087077378366025
-0.153726204002877
-0.538326259082730
0.619853497034468
0.323014117108891
-0.452561694269497
0.266104262493422
0.099187362061387
-0.202147926997570
0.027495622850887
-0.698532708499000
-0.180339621288906
-0.410491569169395
-0.455258193850037
-0.266209668240331
-0.088593212314609
0.097510851878245
-0.190201346534575
0.207579591151362
-0.108352888641629
-0.275635737012786
0.148487509125473
0.716896900572181
0.734808182791067
-0.664394684506075
-0.103647161852793
-0.024316216076337
-0.178828265147071
-0.407129349615855
0.426168865325531
0.183891186687257
0.293679959693279
-0.142479219323061
-0.123771307865823
0.236710720902224
-0.469187038526123
-0.512043890011697
0.334161254907592
-0.025580393847964
0.014694009933623
0.205983208550233
-0.453420686930449
-0.583219769585736
-0.179998823952471
0.265654303185136
0.330257209902746
-0.379273503103897
-0.400672356673607
-0.263952784498900
-0.323489876105179
-0.039812049935091
0.261479904498960
0.594920414126496
0.120979750426046
-0.251495463230848
0.443769041278251
-0.043198247048958
0.769069595844588
0.142123635818891
-0.031470248876546
-0.462914196062206
0.284201549213641
-0.093357808018752
-0.593749424098659
-0.571367608333258
0.131988026393544
0.041381073653502
0.005555805531849
0.080725734432816
0.437904585078754
-0.462697235739344
0.103311722574567
0.084516129187861
-0.324828564493996
-0.735850963314877
-0.427813960359981
0.564481183029060
-0.503552340978153
0.225062460087397
0.000000000000000
0.000000000000000
0.000000000000000
0.000000000000000
0.305745679625223
0.138341217376328
-0.043648791385907
-0.625357693544220
0.238755987127867
-0.041701081447637
0.576653354677350
0.125233437300925
-0.363863226826258
0.520177844313320
-0.220940855714929
-0.477553628094243
0.368838739374889
-0.311094799659351
-0.007933657607750
0.561676883285433
0.210517274647841
0.545819054854833
-0.470975097495887
0.360351583802899
0.416886477911154
-0.204080173904906
-0.634550817313359
-0.186094207458993
0.436325579756829
-0.186058142509819
-0.483226197168282
0.369421326527756
0.279480360254330
0.321635714818816
0.043903439039107
-0.079033753653736
-0.596892128072346
0.128062131884444
-0.169258901924708
0.223022559496611
-0.050703129525853
-0.927582118391751
-0.036848894519945
-0.158492681416096
0.186860353278267
-0.557507600862419
-0.155683813114245
-0.567415167178960
-0.053386919927765
-0.468826616486223
-0.619945089788069
0.218456667390054
0.440017721493668
0.011538000230687
0.014970647986934
-0.137221594138514
-0.190450958084017
-0.091835770396441
-0.208445364381068
-0.595173816304981
-0.370544634401357
-0.176739325516767
0.081254191617038
-0.341621994164658
-0.288519266959904
0.458216931972707
0.090076152591951
-0.284502478544233
-0.128764377587721
-0.712964411570102
-0.514209458003845
0.105900199661907
-0.037862589764360
0.630794540822464
0.007071003592269
0.309109542945327
-0.403933602634851
0.410182036261647
-0.060947990264625
0.186716657627993
-0.249223291700344
0.010756396422754
-0.260685502441240
-0.152556274443358
0.314552585679339
0.042166281934349
-0.079251045370667
0.045534551175819
0.784410311288115
-0.056114259801907
0.236284900895595
-0.051902305559921
0.493460948851708
-0.325267044659184
-0.531027406134850
-0.009208185854261
-0.396999028554498
0.353442082408767
0.513884886850362
0.314983731711344
-0.028690006634988
0.368633144218790
0.304456357837639
-0.023881118165367
-0.133498578684246
-0.067339422295158
-0.097166236318974
-0.451688178879086
-0.648341729403048
0.178957871906601
-0.088574121851015
-0.019386480717977
0.622377605149154
-0.079699782208626
-0.355885085487190
0.022057863778591
0.046605914642042
0.125176155857458
0.656205491927094
0.674485143425320
0.369898848328750
0.453993569952648
0.178838695579959
-0.037098342255668
-0.083111219951554
-0.010791422137399
-0.009325815080555
0.013846468085881
-0.109853358122923
-0.315104625696957
0.673410338231799
0.148290609573881
0.353217949499596
0.152563997054591
0.007840602991335
0.820975202544838
-0.553660659138606
0.293475433153183
-0.110085965330964
0.023866328683882
0.402885497494726
-0.456332595134048
-0.145513573382604
-0.141028448844124
0.140662545378796
0.603260713517343
-0.237555237298662
0.451628241822387
0.428624500069870
0.546989085190296
0.155948905570060
0.395378057515025
-0.318865852429027
-0.380260876851916
0.503430597916681
-0.009785659492413
-0.193262074302763
-0.239332644802648
0.235864449418398
0.198175163964760
-0.326606000396441
0.154503824687495
-0.248349337592226
0.709234492115061
0.299211491835139
0.225584895579205
0.363225696476092
-0.171809419479353
0.201494727406952
-0.604966172799007
-0.352057890000364
-0.238902444349071
-0.033676432585413
0.215675906589533
0.210509131744092
-0.493182706530314
-0.218158063402509
-0.053026273587952
-0.369310389690026
0.085575978118250
