-0.3853569318281156
0.09118050979401457
0.011363154864016857
-0.19704124025853825
0.05556828879054788
-0.0934170207363043
-0.15260240162702343
-0.08276080549880006
-0.13881125435407013
0.5551542711956308
-0.6130002754998053
-0.11709662636775338
0.5687309259443807
0.27314567570235343
-0.15012412575462372
0.5255492621157881
0.15470562374852295
-0.2713328872582117
0.3796134552564233
-0.019505138142959857
-0.24273646419464323
-0.21183288074318507
-0.2944612430075067
-0.8030299525942354
-0.6827925898949612
-0.21608860693941173
-0.02926762963864377
0.04788697775545288
-0.11570920318916629
0.16888262811801785
-0.22408121346420004
-0.2489341735346298
-0.06225595219090953
-0.30064246896666413
0.7631323963554366
-0.05038015936489047
0.16770018091481115
-0.12867435554411127
0.14370043596591225
-0.5375366091826467
-0.17301746306053883
0.14984959671567666
-0.09820227386509417
-0.3925992534247639
-0.16239035344826044
-0.7441591057484387
-0.02444462519530203
-0.16921471882407102
0.16665039210986057
-0.4399522253392084
-0.5099103121749966
-0.2877229167091572
-0.3344083776321981
-0.4259306749741879
-0.058330522523154
0.11228588837073684
-0.2376857991146598
0.5075070250598165
-0.24771220373657116
-0.7304630164829777
0.07869853613012188
0.5541987446948562
0.1862857115471845
0.459831100739046
0.013512566034841685
-0.030253925262528417
0.1291904197727631
-0.3455766390413939
0.15008059579654612
-0.24038397170319842
-0.4411886634340972
-0.0967878157517614
0.5640890223331033
0.5408525793262315
-0.4976964306646169
-0.3492178913265933
0.729089884582401
-0.1344252904048504
-0.10751122248429491
0.13965679221473232
-0.5850029672959154
-0.14683429192307046
-0.34287422348423147
0.29801023101131774
-0.10713231758522436
0.11607634521135685
0.04384013483195101
0.19477230260998823
-0.11217286374546596
-0.6249612381935898
0.34372158487015625
-0.28776121731259663
-0.14563677292874477
0.23043991654663523
-0.1475560775796071
-0.31562745637197176
-0.11342559147090893
-0.8002539899272325
0.0563880226949625
0.034426479723822234
0.2163992502506264
0.1425385907949545
-0.3333499457806738
0.4599433880068519
0.333681386485654
0.6477237404502202
-0.044499117337357535
0.01262427712573373
0.5945593776668452
-0.23971589542546157
-0.11322483801984898
-0.17624239291411323
0.018969786736777888
0.14160615535371568
0.09053705231352642
0.289483756749528
0.22838501856512342
-0.4562951500932798
-0.07723317679038319
0.11925034013906809
-0.5627522533796527
-0.3655622164861032
0.03059577408486764
-0.5705904471354332
-0.05443864781763832
0.003241568761991908
0.04095115956779781
-0.5602192620877204
0.10319768228313897
-0.06973561858395784
-0.5894298535056006
0.2565559262021769
0.25388769985266046
-0.1303163939587773
-0.20422099937462032
0.7326515487490918
0.0573357602856368
-0.5165217296235117
-0.5369538392094767
0.031758419550602
-0.5019700246085724
0.5866552619853665
0.12358616274501864
-0.16237907415045685
0.529093788863192
-0.12199495889184156
0.522317394398171
0.09725254995704419
-0.10992582518902982
-0.17451232942951175
-0.14555998962990688
0.147654360944214
-0.02299028168975672
0.07498963926903995
0.3369447909994977
0.4326413221440101
0.13283433048867974
-0.6349367521386583
-0.08163383023642368
-0.5789836620568141
0.5730333643330423
-0.16024583736802347
-0.20139475503119506
-0.3294623128533654
0.49948738494665285
0.10570727887638634
0.22174542663353333
0.2914094284536971
0.27631393574078433
-0.3618075765361239
0.2686632029164074
-0.30652920726206795
0.1854712472618752
0.046826829275204415
-0.6019885001767475
-0.4028905594810447
-0.2521217338997983
0.4632868846523696
0.2190442670482183
-0.07355768245683843
0.24902219691324093
-0.1868574618587579
0.3809090433781027
-0.22100782490495
-0.42612247527416725
-0.5501869374328161
-0.5575563315386264
-0.09527163890866155
-0.897033384737972
-0.2593839890960416
-0.2211793896117714
0.19281937684170614
-0.05814830742047759
0.4769697051729064
-0.20311024721307522
0.10449457084843783
0.2023860313888306
0.2673351650157363
0.017371156566317457
-0.4364256413637375
-0.3528228241140645
0.7427031102135316
0.12743326121774753
-0.2561771208475467
0.0449131234124456
-0.07679905819143434
-0.3250574576680708
-0.2259727337753782
0.32286301059492056
-0.14357364078709983
-0.33562111262401506
-0.49644213275470395
0.7711700721217044
-0.08151912444729062
-0.21235284231906
0.4466173393504677
0.17224817246218768
-0.04258427638654361
-0.16771767937864607
0.5110939384863818
-0.33387673016542474
-0.0595454447306766
0.22502216804508715
0.6928707173724657
0.3856576648926334
0.37378525385621375
0.5140948796979854
-0.4807196684511757
0.19530791781780749
-0.4443228590612122
0.02636344687307823
-0.39288983251453324
0.22859475385186032
-0.06031209337936206
0.5289541802425614
-0.31652969540661985
0.31449474614812595
-0.2309397085686496
0.7264472490630474
-0.1038163112453337
-0.07504549684070415
-0.15920125585614883
0.17928426718672286
0.1669874580973
-0.050513222504682424
0.4433840135787063
-0.40150599665373843
-0.2831523437342807
-0.12892325790048248
0.2516314397814508
-0.5818404170252521
0.6665664811216322
0.4175397213096519
0.45712911613701873
-0.42053628001120436
0.3943587610229699
-0.08725490462153214
0.03994806655786415
0.01931587041024667
-0.10022385119633191
-0.05662487179200675
0.5893026261076413
-0.25844323370421235
-0.04492474415177712
0.19650021053908331
0.2306878234299027
-0.566425329768494
0.13104018173451196
-0.6886787951990244
0.5128744444808782
-0.2705783134023509
0.353071435949019
-0.4456839204532209
-0.06869205201233844
0.42411575076901525
-0.11252878871299014
0.2188844086683589
0.08265966700190609
-0.8511506695474226
-0.1584090300720642
-0.03932689796485554
-0.3857054654308794
-0.281466944415123
0.33589350013095204
-0.28309360715502796
-0.5736147782557037
0.11805525244921758
0.4325171224653676
0.4603571902499934
0.15768773039950182
0.3540517809675297
0.32376583824384886
-0.1623653392056682
-0.5803373696347371
0.14614988898898013
0.4007997441149895
-0.41571218246534986
0.6093843511320154
0.5482295492404853
0.20704708638022687
0.5089739882984922
0.3246028619042736
0.16993648040442944
-0.5710949710711679
0.31145857601552074
0.05449839911923642
0.3500732807594877
-0.025234608337327314
-0.641406969185455
0.23509544054194018
-0.45023845092524
-0.11007214814316733
-0.6705888908028006
0.0074526039452558
0.3485576134935706
0.0011290265638509206
-0.3522130729316049
0.4176449606572167
-0.06457360533969894
0.1934503875577289
-0.36181921341483136
-0.544815846269879
-0.11030448610117233
-0.02617941114921861
0.4633370263131567
-0.05410789006300576
0.3465325426065047
0.15661266816651329
0.23224810979820482
-0.10396638925969938
0.46539031382690826
0.3762540827989532
0.32861627009362704
-0.37950344013060283
-0.648550733176014
0.49177502112484195
0.21751381369508196
0.44338572926246883
0.3165249409166438
-0.5908015680901989
-0.4224934170574652
-0.14698020948197588
-0.18439839735095787
0.05672353900795954
-0.5842648369917198
0.14134082014618687
0.34639598222275586
-0.12456310985996831
0.18243379057002598
-0.057025354424677786
-0.6161565205799392
-0.43481605007741003
0.40456826654884215
-0.03927436339077344
-0.3942812292110577
-0.5531095455189795
-0.05080435079374474
0.5672738476196819
0.31111403736980325
-0.132378482895842
0.18946487902484974
0.14986684842884856
-0.017931431674828396
0.7808522404050229
-0.16517227970295117
-0.2756489551218932
-0.7779745850905013
-0.025047812418819062
