0.391705538152811
0.058948755220772
0.062737273798602
-0.570931590946676
0.181233034812840
0.044810901271973
-0.778563064562410
-0.441104808556388
0.619949683569372
-0.141802913939704
0.156914816397995
0.319713242032331
0.043267564481409
0.539868016352135
-0.562598830284224
0.309178970231088
0.346945565663186
0.352570095968046
-0.291157305036722
0.192044205252140
-0.034652430452408
0.082235569566068
0.456969567997860
-0.204502822275737
0.657857850981495
0.264845740373948
0.204363438791523
0.058220596937688
0.244990394676383
-0.515820099390600
0.046969787684855
-0.571530483077600
-0.165209421741956
-0.071213176914130
-0.229760962469860
0.491447797883732
-0.217999560160894
-0.574217888824669
-0.173983584490921
0.474929332888238
-0.535616609489881
-0.110776881459586
0.335939157365545
0.589303897825297
0.022540901272432
0.191417071046764
0.198350736124591
0.070476241272512
-0.088805225257935
0.060940557523322
-0.691743980863364
0.284244846435952
0.201172407782473
-0.124919684056501
0.210829071218811
0.574238228882257
0.696955964443054
-0.038810425823498
-0.080567748682027
-0.022532403702452
-0.170086045326003
-0.072534229140908
-0.237002033529165
0.702273478252990
-0.427164878628768
-0.604104546453297
-0.330343091006737
0.492757188311959
0.367557130480834
-0.593201455999057
-0.315204739090763
0.533853552577369
-0.552832572716178
-0.150093550279636
-0.290013699552132
-0.345268526703033
-0.522219085014523
0.021599029143543
-0.384651535707690
0.088489539085915
-0.643906392510588
0.277254233734820
0.419694890777894
0.198351585663094
0.000757360537084
0.464823823959966
-0.580199316189444
0.372446035409620
0.137832916464135
-0.367653372239766
-0.093918408577841
-0.120036223998409
0.180712803540699
-0.108445135079667
0.006364033598096
-0.101960802155873
0.289827823427697
0.418855789043148
0.332425459839844
-0.063901110936161
0.094907183951779
-0.144002272762362
0.040019191888948
0.353171574771026
0.526551124312086
0.210221997337708
-0.143567986123864
0.574459312289802
-0.330954648392734
0.669651821434084
-0.080668102005033
-0.132514021164156
-0.434685296078584
-0.746974034421880
-0.111836883189709
-0.257294696935008
0.175489893074369
-0.373927653083671
0.191036064357601
-0.036588703749417
0.160804203519157
0.677048872462895
-0.463236794174467
-0.254154681297099
0.090338557192336
0.364888932283941
0.110351405056589
0.212174722206327
0.404780518973795
0.227592445950345
-0.075556187795103
-0.210936066031402
0.439711216922447
0.010330495885193
0.132117476650701
-0.131542007858511
-0.166495768133473
0.381206810231237
0.323398240373932
-0.053171664725048
0.078603160386346
-0.261550826275584
-0.255341885789526
-0.471998779385870
0.154366394113335
0.063458632537832
0.429656175831372
0.510394703647507
0.480136532927416
-0.300389770183062
0.259034637832452
-0.265100860174068
0.131093693974679
0.431482826679736
0.773713994698124
0.091404372316707
-0.505033447062299
0.368358765259785
0.433112315814311
0.448588244119539
0.385808720369638
-0.654521215764792
0.285322602103549
-0.068578428384342
0.205034644712377
-0.483321126777785
-0.022951738423309
0.591616237408138
0.450681842156388
-0.097439259509806
0.298109445976315
-0.232035334465482
0.430515732418337
0.460952260226576
0.440809087477436
0.130230269439187
-0.102247524668249
-0.179624695827053
0.211719698034217
0.468408643147262
0.560723472412310
-0.312091390128002
0.058169517092887
0.298878348906330
0.133237099074099
-0.011882059050405
-0.072318871429325
0.035572968113775
0.077870815312567
0.135193716368742
-0.449492272641788
-0.300975876280644
-0.180654639021757
0.129313308017816
0.652859610457606
-0.193931089246430
-0.012908693621273
-0.331296742954475
0.032068321191168
-0.231214465594329
0.543837125554714
-0.295574584911438
-0.256995409821852
-0.139805978619372
0.139873509596639
0.235269809920482
0.113438546568145
0.454726926098655
-0.304357929134924
-0.170706003089076
-0.167164960737751
0.695665965986666
-0.492298139177871
-0.693490447800785
0.129497621875571
0.036576449617705
-0.641598889687845
-0.089651485347172
-0.021362679579659
0.178277425752263
-0.407910050561929
-0.295373384599851
0.254680025917696
-0.162966610868797
-0.710980901624420
0.316075065314670
0.024985548649875
-0.259426146430843
-0.282192168164735
-0.223243250065895
-0.411033563163438
-0.261731332654482
0.051737446051367
-0.285247511823305
0.185168611708895
0.349826825217262
0.468561245075181
0.074724140519497
-0.258455709526387
0.791586259498652
0.055159959958100
-0.560687990718100
0.253425180236770
-0.217846382878907
0.594722309582115
0.434509195980873
-0.069609628094285
0.149625956542823
0.055575125489394
0.495513586389312
-0.495185466861487
0.109161841638744
0.066498211646512
0.156561572738851
0.128297975476660
0.609144984311392
0.194876187588292
-0.158999574597002
0.132025674758045
0.141291496577969
0.242060329539082
0.147263758091103
-0.213271869739341
0.053809267628747
0.214045715885186
0.047738816504656
0.647909306198667
-0.025470357279864
0.506843752677352
-0.016542228014918
-0.263622815662407
0.494340250094200
-0.423917526523160
0.299295755296181
-0.151154032006946
0.029932170923679
-0.121047311016696
0.223161808981552
-0.048313180750404
-0.491734822194541
-0.120591892523668
-0.325758727292481
-0.447070935694356
-0.708569084836366
-0.074065279297200
-0.220630154847966
-0.796336988054488
0.506784076155520
0.647847441779453
0.190331050496049
-0.370105799842294
-0.181821623421373
-0.296170992570892
0.351886806564972
-0.430590837261773
-0.668561309319654
-0.142470819927555
0.440085227403424
0.256947665418516
0.218952763242006
-0.477199081212987
0.006003035057419
-0.390868540558206
-0.193481096576760
-0.118834213040018
-0.268675322721427
0.139711064596218
-0.261807667880824
-0.525756599000178
-0.311628293663648
0.054511325262532
0.644239254605734
-0.090164364548726
-0.439842314986352
0.085339578844031
0.166403679408599
0.297057567471324
-0.551521128920336
-0.624771034804297
0.136900938169988
-0.273821381042111
0.722558910358184
0.293681834227199
0.225461972691283
0.366726663987446
-0.330389729029703
0.722329110940109
0.079898907753102
-0.002313389327693
-0.236365325761414
0.786387377679001
0.212762431963551
-0.046441021825889
-0.762817367756584
-0.212268211273702
0.091244087451631
-0.473970828601064
-0.239537277408384
0.438185652266964
0.230225358937248
0.501412938783373
-0.166100846442572
0.193993847094367
-0.474572910074940
-0.350497442027384
-0.093188472658266
-0.200017984618176
-0.134570302575872
0.007007619706179
-0.015492674353329
0.399778143056082
-0.245608740020462
0.154643647438124
-0.553310441993227
-0.078875986103991
0.018790880610864
0.241215875831268
-0.465952651619572
0.170481722353722
-0.263560122657544
-0.019354290911782
0.311141774934857
0.221405002260508
0.706029646632211
0.426798030279538
-0.219836148764106
0.274271181289918
-0.291886058953364
0.340111188357134
-0.124547977391674
0.748520557045109
0.039720037768313
-0.413000685504531
-0.536850279995733
0.182513843373208
-0.058198789922905
-0.561780339499355
-0.182521200339787
0.766352750566491
-0.198503300112348
0.350397650742246
-0.407179153318743
-0.346507378897226
0.523820841257872
