0.285508929282168
0.257060534244422
0.041022029821931
0.329725191103944
0.543789865044327
-0.080286141940048
0.277462298656965
0.231536338985670
0.349390718108527
-0.001358825689444
-0.031856220935108
0.372885002516256
0.394328947669000
-0.718904436633093
0.140922435034875
0.159128000854849
-0.024481822782502
-0.538490949198247
0.006820895827682
-0.506003103900725
-0.094649507868286
0.175156924893543
-0.545426560662203
0.650244023680650
-0.012159618507530
-0.352185009252836
0.721851912895387
0.166336814654727
-0.197466014383451
-0.094457251474881
-0.162663773573645
-0.308677379616326
-0.099631956137944
-0.453419443802308
-0.009369715754222
0.038558717508859
-0.818313429494048
0.130437353604750
-0.251515647983855
-0.306115034203456
-0.280346203943795
0.051573034730665
0.279573958019886
0.328464494557229
-0.005001511045806
0.046574051732829
-0.440374004271340
-0.506017186910515
-0.176685232457811
0.601148709403054
-0.070633139802187
0.234779514198740
-0.522831406914787
0.045444632725597
-0.448076779630571
-0.161794309772429
0.289728869394117
-0.265085435067959
-0.562476202929076
0.564307817544903
-0.288570847540799
-0.118695235576446
0.303035882686072
0.312098200528411
-0.634656423963780
-0.111604461492696
0.256224702499264
-0.635227686390532
0.145476616061857
0.425331759204655
0.380730699093297
0.034997507388432
-0.154921436327186
-0.590610238711517
0.413887905861659
0.153516862033247
0.052505404538007
0.252593116248058
0.427519800870742
-0.239308577884323
0.455451706200808
0.481763182230041
-0.295916950763667
0.090189509311766
-0.586940741237184
-0.053347589580669
0.300945939856028
0.079138750341831
-0.320660520153609
-0.493133304620320
-0.122272720746182
-0.199529515942810
-0.010536647030718
-0.648394587848658
0.246651748904274
0.166943059205247
-0.483443742190349
-0.094900753503838
-0.413720429666324
-0.447249012198217
0.389977570675027
-0.050037461645315
-0.039116176667277
0.067698887054072
-0.170314157315349
-0.293647816418570
-0.511023623370840
0.047227846833665
0.207203181540557
-0.113477236711363
-0.314873825373713
-0.424834867034175
-0.099933396559405
0.030313756859124
0.032556458455074
-0.190864140912154
0.285476517107830
0.148326202708228
-0.448362439708553
-0.150328935740285
-0.176834048616519
0.042662410350462
0.133387019404560
0.148924309539755
-0.282620320494974
-0.252779910239880
0.003481080407411
0.195981362818014
0.191508537311665
-0.470199548740280
-0.152745270615252
0.443137505643717
-0.241203669458008
0.407263581921678
-0.387350963988652
0.443737166099472
-0.664091085755506
0.466695384671104
-0.162529898662353
0.510694804204935
0.423139381086234
-0.408245438130522
0.475042141039522
-0.112203730349527
-0.190848051552765
0.291593912940475
0.258644476038883
-0.088862204181727
0.026513183932431
-0.153659220198887
-0.686982189706158
0.032405240051978
-0.161400707237846
-0.390914272675536
0.134078362077116
-0.660376612968676
-0.003048799545411
0.253012616043339
0.151406325558771
-0.034779167431128
-0.031214856755410
0.475066818781794
-0.161210492285355
-0.201669970854969
0.173585633077953
0.338486787523240
-0.464894321627719
0.415623351720804
0.158034701418029
0.295877907574196
-0.685219775065014
0.276225946117427
0.542935768648092
-0.222246019665799
-0.127334341452299
-0.355403755913509
-0.302337851588893
-0.072237432094031
-0.123229259082585
-0.317591465884595
0.220075573188443
-0.189654628669698
-0.161070726151086
-0.657838826806842
0.082363697055075
-0.290748967933576
0.462607319185643
0.147176708385420
0.256135459390603
0.564621753167422
0.013209629883367
0.600777023452040
0.433088498859404
-0.360224357412143
-0.169805063396530
-0.534493470493900
-0.152455541310372
-0.740555355385361
0.395799582391761
-0.116964903142818
0.396107626480758
-0.318534826663861
0.554122154265376
-0.042839995785070
-0.296755761442197
-0.020197298497784
-0.246843323142829
0.767113222922533
0.010641999150694
0.260422312072668
-0.450140922934433
-0.109271933248361
0.394078364883250
-0.478044316165197
-0.159081052284500
0.210265463462041
0.138761809531110
-0.301608903753498
0.109706757189581
0.343213862967596
0.083064221685222
0.327727709793292
-0.289153722091041
-0.359394979354874
0.767541320492050
0.464228667694927
0.063839199646361
-0.147106746627513
0.080957213871416
0.529715359318311
-0.078237920981190
-0.699740030564124
-0.014067341501838
-0.201000293869015
0.247268243090834
-0.233756497823205
-0.530065184250812
-0.198164692158912
0.568168374957107
-0.299402836928194
0.187525310003211
0.199499832365785
0.113619153538383
0.678194624314500
0.399926320277352
-0.525592709720937
-0.239784983830134
0.231530776476610
0.233492509379695
-0.270911171981141
-0.432110756850401
-0.427785676425299
0.126886219901951
0.373246521780955
-0.184412697296227
-0.146775273135425
-0.557521619562234
-0.097316780795960
0.292819791556476
0.554398711760476
-0.251556875641653
0.185491187972896
0.109534766411557
-0.076841710141739
-0.221626387764890
-0.199303858687429
0.703547998812230
0.260631324981256
-0.092254895423605
0.557551992960554
0.106231694673409
0.318822686475215
0.645418730866591
-0.430963205246904
-0.292424159366476
0.074777089549566
-0.022174285764039
-0.388552046997956
-0.469874991831931
0.304171152647140
-0.271505538296025
0.518275299206418
-0.199101972377161
-0.416961703209049
-0.737615322522712
0.024508542343596
0.088273630301127
0.216250924260179
-0.437076308109939
-0.199767904117928
-0.348200073041802
0.372263564924873
-0.058819258948512
0.569477606380180
0.235479280417374
-0.053523652605101
0.503640891421331
0.388009387044231
0.322444568710736
-0.575434271120436
0.585372660819199
0.289614305370393
-0.070750120338147
0.435712355956743
-0.177348398623907
-0.532832011454980
-0.248952994862847
0.535928696355773
0.436571072709155
0.179119789157305
0.823004300046763
-0.227136678751524
-0.665058808654510
0.011652119236567
-0.290517509847029
0.382145803494622
-0.232175206320026
0.576884055544256
0.547611941773989
0.490264940956459
0.430615346368889
0.197043232772008
0.640516710295225
0.428123802950232
0.472019109307786
-0.249022630095109
0.207839982955142
0.441047763322440
0.058834296423185
0.334170184820135
0.545883436088827
0.126070655367970
-0.065365884906206
0.177249412059164
-0.133446192254619
-0.021339108076608
0.236192138071033
0.548272006173715
0.233705205730733
-0.070901139101239
-0.848226297068655
0.184976758692699
0.220128132499828
0.039948815051150
0.283331149893862
-0.386554858895342
-0.472127394182185
0.223798549584901
-0.235760163130517
-0.067997202042354
-0.061923453998838
0.550473048230660
-0.217919826117973
-0.846505687303233
-0.380933697994063
0.051676334219724
-0.644267536124930
-0.482513624572614
0.232084104968938
-0.070103228604909
-0.165125303563092
0.382446042775192
-0.503700146239552
0.197939493408559
0.542874288169918
0.017595272335396
-0.128445046455243
-0.173591955992129
-0.274706476814208
0.175997512583839
-0.213350674184384
-0.601119214981846
-0.420117157688640
-0.047518332498956
0.775962537149511
0.080308842831509
-0.031588664219921
0.267707020016772
0.555320672301137
-0.275420082190918
0.114579864951933
-0.198125070869688
0.242266888783861
0.749626179663673
-0.274872703589029
-0.256286837232077
-0.294639432315326
-0.162600845236125
0.186217055341446
0.566524155596232
-0.107786186579511
0.030190434504774
