-0.494335221910457
-0.500738200668466
0.042755288228945
0.107795273839019
-0.612717086355466
0.262432195256462
0.271903481930100
0.287542687277559
-0.093880771787256
-0.023766071540582
0.279857032652116
-0.528579513559052
-0.214520805542842
0.109350585013415
0.065119172115532
0.403437588962881
-0.521676777359832
0.247597702988963
-0.494314190501943
-0.250195112892575
-0.801997390059777
-0.022082429262062
-0.028452876077484
-0.321459550824870
-0.522802886129220
-0.149002788133979
-0.330210725420742
-0.313323952274431
-0.185534554260661
-0.243663077386184
0.508761791157633
0.321781460414994
-0.218531110315940
0.003481533619826
-0.425662592988777
0.554422726651099
-0.094362723574864
0.375061088032680
-0.095189982115705
-0.829994658948233
-0.459500258387954
0.586322928320533
-0.362674357197683
0.193993280555537
-0.399852641718908
0.236452350226658
0.366794526714128
-0.446048767415024
-0.549509808246450
0.255155710550842
0.098284686891153
-0.051730792168726
-0.278102742614284
-0.160375201722088
-0.429401416184527
-0.712333143357657
-0.308863642275089
-0.064815342876190
-0.619579023509734
0.105136001415884
-0.207147872030200
0.464153812879136
-0.080116508256717
-0.171588544740501
-0.195160688096444
-0.161601080868913
-0.064200635090897
0.398606729471613
-0.419966185301384
-0.333531351253657
-0.058658357099845
0.335163958161916
-0.152107444112937
-0.178209201139888
-0.285770590044497
0.201616026086628
-0.089786093934927
-0.109707136424193
-0.646403359918187
0.107082333172298
-0.005868360948607
0.452584813542594
0.432049848865770
0.028456694567366
-0.459276613309471
-0.587463113960775
0.358456491372599
0.041642143908098
-0.240650199468793
-0.502496220896021
-0.419483547831499
0.574090781067275
-0.308423403073238
-0.528996456212556
-0.177022865628265
-0.356628707865552
-0.259841754012333
-0.093954027396678
0.120171956587128
-0.220882560627901
-0.697319488798995
0.337567712084443
-0.203812253941537
-0.414976816922456
-0.383866944663966
0.042003268268146
0.113407973388152
0.426789683900020
-0.338554998067239
0.471543326129073
-0.455231903757611
-0.233087997055303
-0.387204426825742
-0.125764198259958
-0.016688352741420
-0.707873475342513
-0.226897393134473
0.337315586886551
0.834634538471934
-0.106387441173555
-0.031301373447429
0.157172595748952
-0.368329948982134
-0.158078379748589
-0.446636912661432
-0.455097779687552
0.643123665871548
0.073361755099471
-0.194965080036968
-0.104586857135604
-0.539149988642116
0.219751829304692
-0.014593102375224
0.005685673593807
0.108546118144825
-0.380648705789615
-0.506717462010705
-0.515614645132182
-0.345500130752242
0.214868795509012
-0.203047693630022
-0.474615721159141
0.024073302802559
-0.079230634481052
-0.204522294316974
-0.189797500024767
0.373498605243343
0.448720041258742
-0.344755426835591
-0.068121970359398
0.689866824166138
-0.059453435016196
-0.682484930197932
-0.155463957829830
-0.177319522688855
0.129401808561771
0.046587315439892
0.748939735439639
0.137259465062273
-0.193545550913222
-0.011930631690483
-0.471034398050957
0.167739198979574
-0.821830016825513
-0.178023995383893
-0.386153400794039
0.362840076499210
-0.067462201376055
-0.317464766542291
-0.487414773002316
-0.255696270005718
0.369967772053870
-0.691596372680590
-0.302736814406594
0.332499664999127
0.190857388298186
-0.499204081321458
-0.359111747916624
-0.299493735753539
-0.519797747334567
-0.116531128228162
-0.146945349027704
-0.357322069112751
-0.090620807324049
-0.277188502556794
0.536119394707249
0.611826592521048
0.244224107600731
-0.040089965464286
0.177109451016314
0.439228579058400
-0.309759519577134
-0.437653254621967
0.518905579540517
-0.011088739271305
0.252637480734998
-0.725171436568388
-0.370463872028902
0.108690349377155
-0.426545970196450
-0.136973318173206
-0.087264879609373
0.305421049360352
-0.704700784103720
0.062017653085047
0.776366471332439
-0.331359054852486
-0.340836968869240
-0.624809213274457
0.223514947893809
-0.342197285026956
-0.479558018556010
-0.114277452450294
-0.373133269633760
0.237371769769449
-0.153927167119459
-0.136615702533559
-0.401744835674063
-0.233966672744443
0.501867852587257
0.174212613587626
0.104988503305264
0.189488951679919
0.176794860233379
-0.220229503608299
0.002658363140009
-0.426203755928732
0.020054421445377
-0.314770618800614
0.192382680547672
0.006576251209715
-0.320723405310408
-0.449026392797183
-0.213251605939564
-0.203937248257623
0.224167091686827
-0.299533413795145
0.324919534541493
-0.494209954867900
-0.286314215260784
-0.406725762618484
0.099033758115727
0.091209800192736
-0.441349244166749
0.015185081046094
0.226494110468773
-0.036189019505206
-0.401216467303380
0.010539906865095
0.074518055845118
0.359222737548173
0.373907174635903
-0.550220977689659
-0.481770394437087
0.212301497696644
0.628698575771961
0.490225054829980
-0.418739709320056
-0.268524854442211
0.060637950482877
-0.182994454819231
-0.144983060384171
0.485026599433653
-0.330661388791176
0.602563028619536
0.355347893775775
0.094516517666700
-0.366902728895709
0.681281096033233
0.407999687460593
-0.121569820130947
0.360047192510127
0.016775489348488
-0.475934399908613
-0.351250611280318
0.097121789558681
0.192819937807328
0.170146509876888
0.428660010297292
-0.047832792247597
0.393409642172094
-0.328948241930065
0.260518406616456
-0.407941609207326
-0.333922049917079
0.086280307513355
0.370498630787641
-0.536289010874103
0.109779612659672
0.003540976660267
0.630211297515085
-0.233299053713267
0.072695108324415
0.084428145410304
0.054497947812866
0.370256496550645
-0.391811309448666
-0.160498101688133
-0.023924074655373
0.309952818654869
-0.343283529201591
-0.024150484831484
0.291075959914464
0.497552390672555
-0.682172062476424
0.361454788516635
0.131850053757036
0.084887312584818
0.105358485037163
-0.167090203266429
-0.363180591088244
-0.184972667537088
0.516076651255327
0.177357616719034
-0.147130834307794
0.431314456120053
0.330305322813137
0.061093395186342
0.017441116262328
-0.769838627097360
-0.106657294223489
0.232226910669132
-0.722726057523300
-0.430290924241280
-0.285135825069870
-0.471582027849139
-0.491575186059514
-0.226431773273695
-0.661517047416442
0.411301037173386
-0.423122040574048
0.192315744397471
-0.037949785004769
0.662148736727963
0.046502949416160
0.329477179370014
-0.400385587968200
0.555745100354693
0.085970309021013
0.362082261186183
0.451974485871151
0.037008291461758
0.306264529095577
0.119492453939695
0.190835457277025
-0.382219510872913
-0.009270486262470
0.037980119951234
-0.137432634797223
-0.643167692118305
-0.125328993797141
-0.135117939385881
-0.460161278663645
-0.118714051420317
0.672356767275913
-0.427222948799007
0.124840930547669
0.152323171480640
-0.201573746226227
-0.326540648590273
-0.330531808097130
0.038084684645603
-0.556916247248732
0.484782080650199
-0.346338876041294
0.046401850262572
0.524645960963198
-0.064063805510259
0.095564890927068
-0.354240191072357
0.344484600324516
0.282142408833279
-0.183739881818584
-0.218848567685364
-0.185512243215686
0.103599397927253
0.043475512741261
-0.597211799001804
0.551934545525611
-0.387914266410855
0.081094338900433
-0.111440410487639
-0.372082902918021
-0.130271021033605
-0.195834270693413
0.380021038925602
0.278102172078057
-0.593269551238284
0.256913281083577
0.805606316808131
-0.320283934954592
0.159659784626380
-0.088653103271599
0.475588863158439
0.278127048961387
-0.021005164635019
-0.461651823488256
0.483632902533416
0.304651882295145
-0.432225142793800
0.153935728484617
-0.536582008064517
-0.167129401880076
-0.491678715941894
-0.455071791557745
0.404387355412064
-0.146983444997431
0.069487732798047
0.184338733235753
0.533596352231837
-0.357741174224094
-0.123181383583840
0.079691286625599
-0.450742059978620
0.308407573227653
0.275652891641356
0.148673528604019
-0.026121257617116
-0.146547248405474
0.173726814937194
0.064083206770155
0.386008555005797
0.720226814223817
-0.105607824235229
0.150811500255492
0.065073519353794
0.233493350519173
0.614726288638235
-0.300675395053216
0.248264041839513
0.361929795805515
0.005329526502502
-0.140341681088538
0.460583649787707
-0.163343701684529
-0.058596851690502
-0.445843881973117
-0.125138823118300
-0.773354156845054
-0.128153129903651
0.346101432773976
-0.018816080560089
0.176331773858876
0.224793668709118
0.228549140487815
0.407703586077351
0.149711255470149
0.661272975908555
0.112178557382999
0.640932122682755
-0.076471815673013
0.214527429981077
0.215606522735001
-0.064665140337603
-0.187218406807436
-0.239602515637586
-0.366294708536491
0.435782392197419
-0.178240872182905
0.167003062902887
0.129086586947059
-0.095586331031460
-0.333543431265848
-0.174324227133363
-0.293752003608547
0.012831640638304
0.036674019181441
0.353241794987185
-0.276016797840308
0.217914971363952
0.514252208926027
0.616072848998493
0.281662808329475
0.449807581801959
-0.426756755896727
0.222583387674736
0.611518454145454
-0.208573057490974
-0.007763243388750
-0.688438149732787
-0.264413797182355
-0.148805746371180
0.624845793355287
0.535677146881699
0.336356602071583
-0.793684035007110
0.111388737051388
-0.074323953387057
0.748781966260987
0.129928302833471
0.271713339679699
-0.098355625557327
-0.089435495324356
0.436342248291349
-0.522469358020427
0.084381426892982
0.313480795522556
-0.436493106291899
-0.347002458284621
0.460924005385652
0.329703205349666
-0.581657927030708
-0.566768818858127
-0.133897314174293
-0.713924111105030
0.073792464394924
0.258361634427273
0.378952135418204
0.138082704790423
-0.020911090173847
-0.070375737500749
0.019065313240705
