0.126677018748358
-0.519644355251049
0.211426731270940
0.021217888811174
0.052385775271697
-0.098071944896513
0.121946391276769
-0.239102045190428
-0.297694666124444
-0.697490145523302
-0.028872664144292
0.471407651203425
0.230788229553089
-0.097057557063367
0.417569757486285
-0.006869630616711
-0.119239476903788
0.718646662544995
0.128385308094598
0.001583946799505
0.003732742297857
0.172248937756949
0.090555137913901
0.652871136313829
-0.024124307023422
0.009384789334229
-0.377260613281730
0.457875808303301
0.105579564861640
0.472326958176847
-0.068272313630124
-0.262471769278621
-0.303046162217067
-0.120064213708744
-0.230416221410092
-0.289581199451107
0.030654140834257
0.163613196250349
0.459129365270214
0.017677023246416
-0.507422698055183
-0.019081435661009
0.086139165411608
0.487159423162496
0.181105868680538
0.106364131625505
-0.424347507202165
-0.345215010696272
0.045367926057449
0.358293968295673
-0.311349019144652
-0.319580615956227
-0.594373677255982
0.268061899210108
0.118506218056011
-0.276156966575210
0.166349123549744
0.433062201339244
-0.780913250087896
-0.100584011114207
-0.141817077150204
0.722214669750619
0.197240387629801
-0.126772786995006
0.307643751342434
-0.241068669133886
0.225376811320798
-0.278645920441192
0.040496580906413
0.675590105993566
-0.873084197594151
-0.207708108925907
0.029537679228669
0.086560106659885
0.031491406403772
-0.184675425421644
-0.574009961571200
0.000657958518226
-0.445293381896647
0.322719488745900
0.324115203358053
0.156531409626874
0.047541270503940
0.310172739540713
0.339420856637528
0.482971998443256
0.365034942657428
-0.237379022012397
0.009510254762045
0.341967266449850
-0.406118035952191
-0.158021615028172
0.498660255370142
0.100669135213755
0.064011081084102
0.072208124370849
0.100648984208794
-0.301841985246625
-0.437412793349915
0.487350661394490
0.362851182724186
0.215572494051934
0.038264777528022
0.483574846469023
-0.015968509515875
0.481914641027434
-0.461220208516310
0.212381416175745
-0.447605955608190
-0.276912757332124
-0.349053635547474
0.540599546233089
0.342623042329180
-0.027794369804796
-0.380883364533756
0.118318069927552
-0.174960347125240
0.541731747967113
-0.233188963387425
0.268614670314907
0.473969602305759
0.265527564887888
0.197114769398471
-0.217088506877186
0.421753388646338
-0.411040566733532
0.170235181075960
-0.217544958745183
-0.341003006166021
-0.014346455155901
-0.188188652149151
0.108352103947022
-0.148672171650003
0.054582633800838
0.127835658012660
-0.218684478236891
-0.178885234299371
0.348590913906257
-0.220332135533692
0.242465247760948
0.137161978988597
-0.060780023287106
0.416564925122093
0.338463519309359
-0.211646322587372
0.179104718113018
0.059851139381727
0.009445840270236
0.272303809251490
-0.274454445754500
