0.099651191616714
0.445046306907912
-0.571718742453626
0.087203805752788
-0.204636938769100
0.443121184847390
-0.065686706845694
0.754743782860272
-0.183963873255888
0.333956917085966
-0.393999978143449
0.458995743861268
0.032326965364947
-0.383993367055174
-0.077291254222132
-0.310653275682111
-0.069285041825437
0.540779271719537
-0.058358821435507
0.306702592700394
0.305381137726241
0.429946190649999
0.068868685906045
0.095224074516070
-0.164565954962083
0.198940503516131
-0.104499349349287
0.240430909604924
0.114181389140019
0.435474968892802
-0.435894502407521
-0.411504322503645
0.055432006961170
-0.565783851490811
0.526096670272773
0.370985996032681
-0.001100678173197
-0.058298129284372
-0.538449151130239
-0.262869859594246
0.051335753625932
0.265140438095228
-0.283826837556795
-0.767415123019611
0.023581852876861
0.457471093490990
-0.101791630364856
-0.140573246121682
0.133892066964841
-0.106174054054324
0.415960258679694
0.037136873455361
-0.074078055600192
-0.476093861013786
0.485094968980900
0.115287438336303
0.351508332225618
0.212725247784561
-0.259338807445605
-0.182916745270777
0.460157622129828
0.595118611991632
-0.196142766800181
-0.151097862210728
-0.015046271512989
-0.448421540426468
0.360532465574712
0.335879451360953
-0.378262976241279
-0.021183636593056
0.240316411908347
0.597400096850148
0.316380400967327
0.154121424311895
0.275700949983085
0.063881691202260
0.278068756523386
0.078843131406347
-0.026576312820403
0.742291401793500
-0.428915560710671
0.121821607496696
-0.284264440785765
-0.216590842737634
-0.355919889455272
-0.280995056637498
0.063529168159134
-0.374709801896460
0.401492323740217
0.251056594964499
-0.292059033883225
0.167704995649993
0.090879491659964
0.015626566847141
-0.264591144852491
0.461286450342650
-0.773198230022912
0.032382528312129
-0.432482207319996
0.035914064535388
-0.450394082195242
-0.025230956825905
0.270016833699751
-0.063767541182234
-0.367686692102355
-0.128174899285573
-0.147043602547469
0.073282912461677
-0.200315355574578
-0.027812090702945
0.239894156850490
0.313275362770222
0.536406096765753
0.043481820453401
-0.185213981550157
-0.340998140140232
0.176679927057888
0.521896300802887
0.263564071857109
-0.139435917852283
-0.345727566129061
0.170044373234333
-0.614393073864183
0.052873850159084
0.390229455545100
0.416182490416794
-0.312011447909337
-0.155964178654594
0.083738631394020
-0.622192662466852
-0.150934330212821
0.040862177234115
-0.118699065172617
0.012144649841178
0.044839097876455
0.274143356684433
-0.048177971217752
-0.428236548181269
0.465976042231292
-0.148140291226102
-0.458421017915139
0.152478132559210
-0.118613333921158
0.091098659481322
0.035467458694475
0.059206316316185
-0.551819431636304
0.512806866349889
0.306157586594994
-0.258233202171559
0.199404745348449
0.279681244582671
0.320017922538832
-0.055930882591959
-0.366884557687572
0.446647507361157
-0.009707970918933
-0.131619339737645
-0.351182281113135
0.613956537104180
0.032251388500917
0.355726442303507
0.283093329163775
0.254288891680592
0.316502344342866
-0.108181843896918
-0.434526398842723
-0.406878301303408
0.077459356187583
0.201299342459725
0.393742570006945
0.376219982222342
-0.048731628466561
-0.251885503983795
-0.152001302270590
-0.456841678039311
0.323375266496166
-0.042797234972461
-0.208573494055430
0.045469151146823
-0.169754620100818
-0.180004883520740
-0.250145860206537
-0.647954810256662
-0.056190105126904
0.365823683503705
0.165715815625241
-0.125884507843839
-0.368062100520698
-0.489660667491452
0.357052811219046
0.273928376950972
-0.274091484104527
0.566596290668015
0.457584796158358
-0.000000000003910
-0.000000000000861
-0.000000000003864
-0.000000000001535
0.000000000005497
