0.391044894022148
-0.284865583195867
-0.231883847368996
0.131938579975612
0.430967439210964
0.430967439210964
0.391044894022148
-0.284865583195867
-0.231883847368996
0.131938579975612
0.131938579975612
0.430967439210964
0.391044894022148
-0.284865583195867
-0.231883847368996
-0.231883847368996
0.131938579975612
0.430967439210964
0.391044894022148
-0.284865583195867
-0.284865583195867
-0.231883847368996
0.131938579975612
0.430967439210964
0.391044894022148
0.391044894022148
0.527428262551716
0.304099307050458
-0.171041906828053
0.320985250324853
0.430967439210964
0.120839517816394
0.610834176080130
0.071096639434670
-0.063270511920446
0.131938579975612
-0.054632724847973
-0.316361964827468
-0.149911980244157
-0.260159167393937
-0.231883847368996
0.144813038772771
-0.464732320065033
-0.316361964827468
-0.703484875191822
-0.284865583195867
0.116847068277804
-0.042439199999883
-0.232587644622812
0.120839517816394
0.391044894022148
0.610834176080130
-0.260159167393936
0.144813038772771
-0.232587644622812
0.430967439210964
-0.316361964827468
-0.703484875191822
0.116847068277804
-0.171041906828053
0.131938579975612
-0.464732320065033
0.120839517816394
0.527428262551716
0.071096639434670
-0.231883847368996
-0.042439199999883
0.320985250324853
0.120839517816394
-0.149911980244157
-0.284865583195867
0.304099307050458
-0.063270511920446
-0.054632724847973
-0.316361964827468
0.391044894022148
-0.149911980244157
0.116847068277804
-0.063270511920446
-0.464732320065033
0.430967439210964
-0.316361964827468
0.527428262551715
-0.260159167393936
-0.042439199999883
0.131938579975612
-0.232587644622812
0.120839517816394
-0.703484875191822
0.304099307050459
-0.231883847368996
-0.171041906828053
-0.054632724847973
0.120839517816394
0.610834176080131
-0.284865583195867
0.071096639434670
0.144813038772771
0.320985250324853
-0.316361964827468
0.391044894022148
-0.703484875191822
0.071096639434670
-0.042439199999883
-0.054632724847973
0.430967439210964
0.120839517816394
-0.149911980244157
0.304099307050458
0.144813038772771
0.131938579975612
0.320985250324853
-0.316361964827468
0.610834176080130
0.116847068277804
0.000000000000000
-0.647129332827962
-0.198203907555552
-0.109395996519643
0.197474055819547
0.197474055819547
0.000000000000000
-0.647129332827962
-0.198203907555552
-0.109395996519643
-0.109395996519643
0.197474055819547
0.000000000000000
-0.647129332827962
-0.198203907555552
-0.198203907555552
-0.109395996519643
0.197474055819547
0.000000000000000
-0.647129332827962
-0.647129332827962
-0.198203907555552
-0.109395996519643
0.197474055819547
0.000000000000000
0.000000000000000
-0.470897230569010
0.024052423835628
0.010951668782898
-0.348851552176236
0.197474055819547
0.371905794623711
0.356098839128118
0.296648235292297
-0.159286268277687
-0.109395996519643
0.470897230569010
0.229850421690492
0.690978416504568
0.159286268277688
-0.198203907555552
0.091675824195383
0.093556437880297
-0.229850421690491
0.070949307764286
-0.647129332827962
-0.281783019850061
0.166054771819050
-0.413076172092618
-0.371905794623711
0.000000000000000
0.356098839128118
0.159286268277688
0.091675824195383
-0.413076172092618
0.197474055819547
0.229850421690492
0.070949307764286
-0.281783019850061
0.010951668782898
-0.109395996519643
0.093556437880297
-0.371905794623711
-0.470897230569010
0.296648235292298
-0.198203907555552
0.166054771819050
-0.348851552176236
0.371905794623711
0.690978416504568
-0.647129332827962
0.024052423835628
-0.159286268277687
0.470897230569010
-0.229850421690491
0.000000000000000
0.690978416504568
-0.281783019850061
-0.159286268277687
0.093556437880298
0.197474055819547
-0.229850421690491
-0.470897230569010
0.159286268277688
0.166054771819050
-0.109395996519643
-0.413076172092618
0.371905794623711
0.070949307764286
0.024052423835628
-0.198203907555552
0.010951668782898
0.470897230569010
-0.371905794623711
0.356098839128118
-0.647129332827962
0.296648235292298
0.091675824195383
-0.348851552176236
0.229850421690492
0.000000000000000
0.070949307764286
0.296648235292297
0.166054771819050
0.470897230569010
0.197474055819547
-0.371905794623711
0.690978416504568
0.024052423835628
0.091675824195383
-0.109395996519643
-0.348851552176236
-0.229850421690491
0.356098839128118
-0.281783019850061
