0.447213595499958
0.138196601125011
-0.361803398874990
-0.361803398874989
0.138196601125009
0.138196601125009
0.447213595499958
0.138196601125011
-0.361803398874990
-0.361803398874989
-0.361803398874989
0.138196601125009
0.447213595499958
0.138196601125011
-0.361803398874990
-0.361803398874990
-0.361803398874989
0.138196601125009
0.447213595499958
0.138196601125011
0.138196601125011
-0.361803398874990
-0.361803398874989
0.138196601125009
0.447213595499958
0.447213595499958
0.447213595499958
0.138196601125011
0.138196601125010
0.447213595499958
0.138196601125009
0.138196601125011
0.138196601125011
0.447213595499958
-0.361803398874990
-0.361803398874989
-0.361803398874990
-0.361803398874989
-0.361803398874989
0.138196601125010
-0.361803398874990
0.138196601125011
-0.361803398874989
-0.361803398874989
-0.361803398874990
0.138196601125011
-0.361803398874989
0.447213595499958
0.138196601125012
0.138196601125010
0.447213595499958
0.138196601125011
0.138196601125011
0.138196601125011
0.138196601125012
0.138196601125009
-0.361803398874989
-0.361803398874990
-0.361803398874989
0.138196601125010
-0.361803398874989
-0.361803398874989
0.138196601125010
0.447213595499958
0.447213595499958
-0.361803398874990
0.447213595499958
0.447213595499958
0.138196601125011
-0.361803398874989
0.138196601125011
0.138196601125011
-0.361803398874990
-0.361803398874990
-0.361803398874990
0.447213595499958
-0.361803398874989
-0.361803398874990
-0.361803398874990
-0.361803398874989
0.138196601125009
-0.361803398874990
0.447213595499958
0.138196601125011
0.447213595499958
-0.361803398874989
0.138196601125012
0.138196601125011
-0.361803398874990
0.138196601125010
-0.361803398874990
0.138196601125010
-0.361803398874990
0.138196601125010
0.138196601125011
0.138196601125011
0.447213595499958
0.138196601125011
0.447213595499958
-0.361803398874989
0.447213595499958
-0.361803398874990
0.447213595499958
0.447213595499958
-0.361803398874990
0.138196601125009
0.138196601125010
-0.361803398874989
0.138196601125011
0.138196601125011
-0.361803398874989
0.447213595499958
-0.361803398874990
0.138196601125011
-0.361803398874990
-0.361803398874990
-0.361803398874990
0.138196601125012
-0.361803398874989
0.447213595499958
0.138196601125011
0.138196601125010
0.138196601125010
-0.361803398874989
0.138196601125011
1.000000000000000
0.000000000000000
0.000000000000000
0.000000000000000
0.000000000000000
0.000000000000000
1.000000000000000
0.000000000000000
0.000000000000000
0.000000000000000
0.000000000000000
0.000000000000000
1.000000000000000
0.000000000000000
0.000000000000000
0.000000000000000
0.000000000000000
0.000000000000000
1.000000000000000
0.000000000000000
0.000000000000000
-0.425325404176020
0.262865556059567
-0.262865556059567
0.425325404176020
0.425325404176020
0.000000000000000
-0.425325404176020
0.262865556059567
-0.262865556059567
-0.262865556059567
0.425325404176020
0.000000000000000
-0.425325404176020
0.262865556059567
0.262865556059567
-0.262865556059567
0.425325404176020
0.000000000000000
-0.425325404176020
-0.425325404176020
0.262865556059567
-0.262865556059567
0.425325404176020
0.000000000000000
0.000000000000000
0.000000000000000
-0.425325404176020
0.425325404176020
0.000000000000001
0.425325404176020
0.425325404176020
0.425325404176020
0.000000000000000
0.262865556059566
-0.262865556059567
0.262865556059566
0.262865556059567
0.262865556059567
0.425325404176020
0.262865556059567
-0.425325404176020
-0.262865556059568
-0.262865556059567
-0.262865556059567
-0.425325404176020
-0.262865556059567
0.000000000000001
-0.425325404176019
-0.425325404176020
0.000000000000000
0.425325404176020
0.425325404176020
-0.425325404176020
-0.425325404176020
0.425325404176020
0.262865556059567
-0.262865556059567
-0.262865556059567
0.425325404176020
-0.262865556059567
-0.262865556059568
-0.425325404176020
-0.000000000000000
0.000000000000000
0.262865556059567
0.000000000000001
0.000000000000001
0.425325404176020
0.262865556059567
-0.425325404176020
-0.425325404176020
0.262865556059567
0.262865556059566
-0.262865556059567
0.000000000000000
0.262865556059567
-0.262865556059567
0.262865556059566
-0.262865556059568
0.425325404176020
-0.262865556059567
-0.000000000000000
0.425325404176020
0.000000000000000
-0.262865556059567
-0.425325404176019
0.425325404176020
-0.262865556059567
-0.425325404176020
0.262865556059567
0.425325404176020
0.262865556059566
-0.425325404176020
0.425325404176020
-0.425325404176020
0.000000000000000
-0.425325404176020
0.000000000000001
0.262865556059567
0.000000000000000
-0.262865556059567
-0.000000000000000
0.000000000000000
0.262865556059566
0.425325404176020
-0.425325404176020
0.262865556059567
-0.425325404176020
-0.425325404176020
-0.262865556059567
0.000000000000001
-0.262865556059567
0.425325404176020
-0.262865556059567
0.262865556059567
0.262865556059566
-0.425325404176020
0.262865556059567
-0.000000000000000
-0.425325404176020
0.425325404176020
0.425325404176020
-0.262865556059568
0.425325404176020
0.000000000000000
0.000000000000000
0.000000000000000
0.000000000000000
0.000000000000000
0.000000000000000
0.000000000000000
0.000000000000000
0.000000000000000
0.000000000000000
0.000000000000000
0.000000000000000
0.000000000000000
0.000000000000000
0.000000000000000
0.000000000000000
0.000000000000000
0.000000000000000
0.000000000000000
0.000000000000000
