-0.29390335344156227
0.4157542375463085
0.03482427335544214
0.10778114705374722
-0.0857292071772544
-0.4302805681044689
-0.25418354967815326
-0.2421646482974158
-0.46741811890613133
-0.269113983114201
-0.1964488962339739
0.3650373469882218
0.40366379610077413
-0.4201456669144309
0.11399532030477
0.2133160323279893
0.02938772990361548
-0.2077971418079141
-0.2442048927671188
-0.09961982471642561
-0.4191478668842812
0.2815716473798451
0.13183097980821343
-0.1257887317808491
-0.05562206113875364
-0.021598232043960573
-0.217805207469177
0.48124295977194365
0.45214833248743636
-0.19575337677839774
0.13503304443443384
0.23629045200061888
-0.06907467600658342
0.32345260997278075
0.22291255674058613
0.12446256280504837
0.33763984009378595
0.09229897585222097
0.6388299947269787
-0.5996145176747546
0.702776608319039
-0.3801573333272972
0.205589332133501
0.07981639035864511
-0.21007333208919535
0.4735025713796278
0.32849112079150666
-0.0484254873341006
-0.46869899787400754
0.4762966620063488
-0.11717338834156554
-0.3672792600979094
0.1214036809746017
-0.6595376663409855
-0.38156650294959626
0.14837200519360594
-0.10574069037532141
-0.006303476101428945
-0.3948990973799509
0.23008424297809998
-0.2984463966079262
0.5994143109808204
0.5421155512254817
0.255112825166041
0.026171421155391176
-0.1992096217156904
0.013036441398681382
-0.15283512059331864
-0.013625153300178695
-0.6996308236471384
-0.31498034101773253
-0.4048247073335812
-0.3291416755377867
0.038012333337746555
-0.0389701646000475
0.3880411472461086
0.22470304197127258
0.4431639745090863
-0.20115789320283967
-0.25729486276965374
0.31101955523618
0.31296121850230385
0.3373250259410334
-0.04326078414178123
-0.41423255800201003
0.08275064417912206
-0.08103991633026078
-0.6185440717006927
-0.22400858781052158
0.33985242849343383
-0.2772923704020625
-0.3960939585538131
0.4845020756151004
-0.1779139453084603
0.22018776988561747
0.35698896928540114
-0.074341005527257
0.15717422976347367
0.07058110843819057
-0.6036792208982645
0.34694876201449487
0.2831859173942902
-0.15992304555246376
0.1109112181615951
-0.10860251212697837
-0.6685370645574781
0.26067732661014625
0.07193395118599613
0.028853359274496365
-0.6123909871867522
-0.1656627780373082
-0.0371315714372311
0.49813369174938593
-0.18190372702499513
-0.38270149425193156
-0.00937718476533001
-0.9216540225035854
0.2451130693767232
-0.07393579406619033
-0.22185526742156586
-0.2581886916917481
0.2632309806246
0.5518932464308206
-0.4388462307745924
-0.36384898040620106
0.11131760092759549
-0.11182276106534521
-0.08731023794682195
0.21256497205198815
0.03761224272073964
-0.2634048406876272
0.06710054828192832
-0.06736038208213856
0.557200367544196
0.24701689433703522
0.2660204789564505
-0.13113054410585007
0.05990978037680724
0.6261651211758525
0.07446258529327228
-0.5811649216710483
-0.016719419710792098
0.3086765701863003
0.3761354088639275
0.12603322837463796
0.45722227151703637
-0.2492080048239107
0.5186518268476439
-0.288417352079397
0.03356756139517896
0.13267283259474386
-0.30104850996139837
0.606204038880166
-0.11258821099122704
0.28272397349884126
-0.48218695310643933
0.12175303823258053
0.3138051644749807
0.16445550067333173
0.5896972758475941
-0.24392860500011646
0.48049690321777655
0.21074788092471727
-0.19017928768825515
0.1724596648243129
-0.6240111921614004
-0.17119662960474266
0.0060402809061817775
0.23532215019125446
-0.03978113141466545
0.14779197225430044
-0.4028906499440783
-0.5276050640469581
0.5224953671031481
-0.32459356938186673
0.16673260074532334
0.47721186606065413
-0.4885268668236146
0.3869209801281205
-0.2546353812423008
0.47395996512085203
-0.14580914771107226
0.19124465760195283
0.25662458405133776
-0.3597402816701378
-0.7915769989872649
-0.20673104423382055
0.06975033026597004
-0.30071235944814795
0.04717083648923155
-0.13817911193287377
0.11707695381419572
0.04742102364269564
0.23279927180686918
-0.07143697503936336
-0.0294760616253162
-0.2830446609696067
0.2597077461998751
0.3181234344536172
-0.1385036277788555
-0.023753228066399245
0.09710355261116739
-0.0813856709131126
0.41501890818824283
0.17363459456848884
-0.22380497347407335
-0.1101527058758407
-0.13731846725515862
0.3744019828521353
-0.1865450828625398
-0.013788107348388179
0.5327320877352273
-0.23710300538421467
-0.5572113927614532
-0.327391056829814
-0.1510167617835437
0.26511304118537793
0.14520507066289362
0.11953268356311071
-0.2520156790379738
0.36454087896783177
-0.3839360363423938
0.051676918592181584
0.12853783833501214
-0.38422474840278276
0.21086068098587613
0.5406069843544137
0.03861582495601908
-0.10407928703581117
-0.5258941614703092
-0.2775409560653368
0.35085715847640553
-0.362454772005961
0.4051275040792896
0.015545867792562229
-0.2946422023537278
-0.438892175654254
-0.08561418430941574
0.1764788010574166
-0.44739122282255755
-0.09312952719595916
-0.4774082487043644
-0.047943686787737035
-0.07874946923804425
-0.4395642761559668
0.34162018130480737
0.009878920303832042
0.3056419943402835
0.029347676752064785
0.4901632115123119
-0.0694090150740644
-0.12046053977032199
0.3712248908175302
-0.47328210442248847
-0.30296210100758014
-0.2954527019774039
-0.1192912436156538
0.7605241842110684
0.2238042618022923
-0.14054545881354907
0.07269885342818536
0.02077713301123394
-0.10315093988869595
0.09839965253891379
0.2793499118961748
0.15893098038147513
0.14721886128894282
-0.2519843396577801
-0.36048922751699336
-0.5505537899957188
0.15667633597080238
0.030023394985071446
-0.09843388381155313
-0.022351205693276456
0.007846574082465425
0.14842069103594047
-0.1378089091039819
0.38785989979470786
0.12114617140526848
-0.1683986531636591
0.47459536879821207
0.15379585080340039
0.7308339248922272
0.2685366191899498
0.2564339419943701
0.016950843876429547
0.021427144241550046
-0.5302964361008828
-0.37988484392065947
-0.3518737432214073
-0.10002780318400038
0.6043679757142273
0.051794432474330465
-0.1379960871516546
-0.33738623715931887
0.47176633059040657
0.4142085192686454
0.01848887699328825
-0.09540043843941798
-0.07582281348978492
0.23784844799541832
-0.35874130607153176
-0.1649259875519178
-0.3241842962054379
0.240767209016616
-0.11414527800418416
-0.26887371234680785
-0.14019899730425361
0.3423065334435733
-0.4577375750104243
