-0.124638230275544
-0.409762762365321
-0.292177373761094
0.008000271415667
0.821948383560067
0.114629551463198
0.426509315057192
0.332214061711308
-0.180700767757469
0.335344025250710
-0.466379639506560
-0.013441697388533
-0.194918651777956
0.483293135120528
0.017039863522053
-0.430327886600637
0.102811107789006
0.267007493656842
-0.112490492690981
0.704829969294292
-0.056695718159405
-0.368557785167844
-0.373817635672952
-0.037588295560393
0.335317658781082
-0.251747388047924
-0.417546146340833
-0.322468244365377
-0.277238065743169
-0.140803549473668
-0.180834317777819
-0.382426217857096
0.304016271778414
0.438960991713998
0.168501551774085
-0.593100124777014
-0.184783236815473
0.112120255500998
0.019273381664390
0.342415983350477
0.147412873290553
0.234230739295350
-0.171978209064171
0.065255725437170
-0.101933182671207
-0.030973637016076
0.008564486520628
-0.149685252299745
0.471918087985670
0.292495401051924
0.166034916387886
0.081171522811403
0.331722016195459
-0.100724886256855
0.323075780936246
-0.079699244107940
0.068327830430435
0.255506928545303
0.109301039154833
0.007679660047649
-0.161438309006256
-0.095888814554749
-0.370311467471072
0.195485140161074
-0.668898192915527
0.065549517035461
0.144723959331646
-0.521244878311191
0.051772566958951
-0.130977446541254
-0.080395834346207
-0.153106656186337
0.012587315089725
-0.129032195557250
0.520934065273891
-0.219517843767708
0.359109306962005
0.532317797932791
0.386644745543423
-0.104032009225880
-0.458214116749787
-0.108046828316902
0.400168746104316
0.378185548716140
-0.439218361726674
-0.296963311536058
-0.582259888101305
0.167769394851593
0.366624312438153
-0.267690033391636
-0.337045490668896
0.051310217325011
-0.257653511785476
-0.628023426015193
0.381854508180602
-0.335408090173832
0.108633530168785
0.311090685517197
-0.444093869992678
-0.107293305387336
-0.447196629864537
-0.019825645937653
0.162670395699353
0.165279221945713
0.347784489900743
0.482418193399793
-0.284936058696893
0.206357562631097
0.061946121589387
0.191152458931335
0.461293831399359
0.349156578306785
0.545084262595735
-0.096154218292494
0.181646497643329
0.463650219326873
0.129007010184667
0.278180004339801
0.055503718123930
0.014438835940113
-0.245793322490158
0.424294849061055
-0.091067488367884
0.634511655606748
-0.464006048963951
-0.037529157813968
-0.248691959372463
0.513463266251974
0.357070212777941
0.008397070147534
0.073274651669210
0.493484330498601
-0.264897575005477
0.188462473634084
0.652441972221799
-0.384525874112837
0.364201207674052
0.689340295255213
-0.080379892625759
-0.188925400299420
0.128321571259708
0.065636816212244
0.559973894837311
-0.292247795223163
-0.210640146250709
-0.284427417329972
0.651157848674426
-0.062501948798742
0.193046125355397
-0.192045008604016
-0.502654210448402
-0.183603915977358
-0.370037998827149
0.433492357470724
-0.100555029343178
-0.718286423145836
0.012007764513541
-0.251186229162001
0.091217027427263
0.115938687496995
0.188218048855472
0.051779289664085
0.033480181538608
0.127581384263368
0.004895088902862
-0.041378350851208
0.715652568490757
0.179943335448856
-0.004386123372580
0.056618864394262
0.181600717338108
-0.144598538183434
-0.331018667746854
-0.362467777422636
-0.464337866818464
-0.235888131952041
0.102176266051058
0.367775429918539
-0.110615679996381
-0.099687472864338
-0.320933736378212
-0.495167147062288
0.500433203141339
0.043497184154263
-0.082740286618732
0.494522034213581
-0.033940336334934
-0.455520918258576
0.313126359498956
0.101758057587643
-0.214328529064980
-0.504980951560599
-0.236251956209741
-0.316252104540266
0.225323896773529
0.211182731274994
0.467000599899654
-0.375739560580680
0.274883299400367
-0.066839545354725
0.456609383372172
-0.194797949189540
0.246109655003243
0.287824244018066
0.699520614428405
-0.240994808771978
0.298060575799321
-0.512879639156944
-0.026859288810867
0.507558683170698
0.202834776535949
0.103526966109098
0.744017455642400
0.341490283761562
-0.138720092158485
0.354268095845955
0.468930788938432
0.143703172183169
0.675216330966900
0.299533285888595
-0.328372763174428
0.004006968041650
0.255392748136622
-0.405698645895514
0.065662909686744
-0.199904157172407
0.536621255231935
-0.529977964962924
0.252911580612104
-0.102281809128960
0.303198223041306
-0.637426579715195
-0.182661223932938
-0.222297524398828
-0.317634529344021
0.377704530285994
-0.175419550032798
0.016520194439359
-0.433487896052655
-0.132498913747144
-0.514209694680323
0.126143031211817
0.025389392320501
-0.009072833242475
0.035256066649477
0.025812449200672
-0.013618755717080
-0.350240364245879
0.363188690942060
-0.288343914443585
0.194841933367493
-0.113934804856507
-0.004501449979708
0.399506677630323
-0.258041877146934
0.185380928470652
0.255936873019241
0.129161593570196
-0.647196298630952
-0.186483237800969
0.178443852790100
-0.351721824903240
0.332221830467923
0.553323386076483
0.229783861076076
0.391947107065069
0.234599866625214
-0.267138950190738
-0.268602604205342
0.500952982912074
-0.188079066285978
-0.258798596639082
-0.268187092629652
-0.135630408312414
0.365060782195832
0.494762615540104
-0.614130551556864
0.031527805843631
0.204615980502169
-0.151341751701830
0.117860285820551
-0.123263466540086
-0.271497430352599
0.149940348640919
0.089898218392318
-0.106760983831129
0.127537313069607
0.511054300374518
0.130395778715764
0.489577846001004
-0.013205680110318
-0.115258720767969
0.238911029852132
0.378007722733683
-0.079419162138722
0.139816532795038
-0.132360232754081
-0.088540180289650
0.335997438619073
0.210599191464048
-0.558925780083596
0.397051321467853
-0.225726748692696
-0.063089873836951
0.104383418246435
-0.211406447483681
0.207029826070700
-0.228753784832365
-0.503948608427199
-0.152293749055004
0.006832603120947
0.101627242081360
0.127867428133901
0.205645826244780
0.556469426330495
-0.407509796390527
-0.344979585766111
0.072208170353042
-0.285765600642477
0.164658536729910
