-0.056200636185208
0.099534760753248
-0.541956424765122
0.249039307045885
0.604306285895898
0.091674868272173
0.563452662471349
-0.315354664952390
0.148188565499237
0.072873545434779
-0.033503139702295
0.101867425039354
-0.351114365646665
-0.027770470022544
-0.560738570612507
0.498726001454930
-0.129648863663982
-0.027161910990370
-0.518148498908641
0.504957032293652
0.733111566799734
-0.147039579238166
-0.120247733993123
-0.194154739003037
0.229960846396758
-0.254235802174650
-0.164454431824497
0.308892639358857
0.119056894762383
0.038250072629121
0.084206184379785
-0.354037195840028
-0.255999993678032
0.354358873125024
0.063375007952899
0.014305183436481
0.047342821223052
0.256690026273889
-0.266471831276314
-0.209632709066422
-0.395834171456109
0.309932864487042
0.003899030904101
-0.177027481975352
0.131427435561903
0.138711924187647
0.263388118025708
-0.256739245233744
0.176679523922796
-0.267327792738606
0.687859254953039
-0.386481773365737
-0.456460756692984
0.050309495925998
-0.175199757795432
0.319308979836473
-0.139962828385077
0.345786760660265
-0.144061725773618
-0.250126207297702
0.147590442056950
0.506507968262898
0.233390463403167
0.268508875541502
-0.405278480694953
-0.408084244230500
-0.242620308940824
-0.400220718116958
-0.327416612539927
-0.313315129353639
-0.068925612475193
-0.111658012748423
0.519199460289369
-0.187598364552704
-0.479872710395629
0.136129745391843
0.301194867374844
0.110162905047830
0.065872186902579
0.757493937032373
-0.147992188810831
-0.177870864556203
0.341174976949221
0.423537689087237
-0.094892075386167
-0.377488991177832
-0.156869562500316
-0.074006246264620
-0.030855120505469
-0.229828154157242
0.416465414615210
-0.592305017086256
0.390185883963408
0.410281488838050
0.009166952323154
0.323937867623603
0.028863320287309
-0.400538599818621
0.613758243913334
0.027067693352990
-0.085608639360371
0.010936445806221
0.475638323652526
0.278665019215768
0.301499836911801
-0.674102451167563
0.189022676908873
-0.424148052741413
0.307686346329174
0.087395952589336
-0.081451268965696
-0.214751761531216
0.025917812017944
0.021401345498144
0.303992315087781
0.361492429165109
-0.513505013269190
-0.108626377823835
0.209513992318937
0.613286459784788
-0.246857239989568
-0.256362657077336
0.063999275299824
-0.340849944133286
0.469626768352310
0.339883155028670
-0.418456736866276
-0.258799858980371
-0.190200298591587
-0.286338049092983
-0.358829637819347
0.241543302015293
0.048644172236197
-0.106811604452469
-0.083170246155153
-0.813970896247070
-0.212867954581694
0.034033000358336
-0.238204353574553
0.150624025874373
0.592849740258603
-0.031801657436620
-0.147097989938464
0.377658064572475
0.421732919228750
0.094768041021745
0.396120210584028
0.643342323260687
0.091661801771138
0.050088484099385
-0.276989903065926
0.084967803522496
0.279170398520553
0.269999137893033
-0.255364931416530
0.075085087586089
0.371165217281795
-0.027227412324353
-0.264384500357252
-0.524946273086831
-0.127250111389524
0.023991015946124
-0.178399785040080
-0.471331593822570
-0.194349177615113
0.167645590839849
0.080143068260212
0.151070034315351
0.208366095815303
-0.406502582096635
0.344475070646290
0.443672678785273
-0.084020863531249
-0.379222142207977
-0.284640804450850
0.419849919377577
-0.219437086315844
0.548329642400224
-0.023537957863673
0.156122721464092
0.153281630420363
0.093693673516855
-0.302930846504118
-0.197713948144006
0.217105138342868
0.016136492851129
-0.188138478747798
0.531918957355321
0.024437234314331
-0.129219938386438
-0.177625023461319
-0.283125686910025
0.824292746280020
0.047135692591398
-0.062253620098613
0.142383356291356
0.075099336918877
-0.420861811159086
0.517361553018763
-0.449159005171631
0.444772463180056
0.240962896855068
-0.126822867880492
-0.305751160376813
-0.671757148298015
-0.528179057631702
-0.245956352579094
-0.276562638490893
0.516587782721982
0.125747171030710
-0.202686905155182
-0.459114098899580
-0.560707897254805
0.324426087927871
-0.266978441979716
-0.152672710255897
0.227138963259747
-0.000076321758486
-0.027021226635266
0.245495099171873
0.353403161183365
0.334735312614022
0.527438712673827
0.339319516523478
-0.212828438048966
0.325657535767325
-0.415492188191926
0.144071002920069
0.318726762755236
-0.172679401503829
-0.139883792016300
-0.154617008318213
0.278392251034444
0.532692358769847
0.065732142695006
0.018602689518847
-0.212671028447380
-0.175259143120688
0.526384597774995
-0.307198902315067
0.295763735380647
-0.182799433041462
0.164328677806322
0.013304015736125
0.390391518759075
-0.350805463897231
0.306503830282559
0.093773620352910
-0.205779476580171
0.611165661923609
-0.018595091045448
-0.705678440949544
0.200189255576240
-0.056092364397270
-0.481761484228221
0.217935755968823
-0.135849212472648
0.055673540487299
0.202369356245068
-0.212290994403646
0.239666786948059
-0.256249277103628
0.252799253818860
0.372065543059864
0.175852389451580
0.029822664786738
0.185752340265309
0.159945784749116
0.477280931503577
-0.555868986916601
0.042351164286471
0.327267970914948
0.319633609543469
-0.058452876264035
0.114740895311261
0.139234800463639
-0.694613387972218
0.330718350715624
-0.424001825454218
0.250359800293091
0.198447743010215
0.278804988630854
0.159712551127674
0.029696723294434
0.174114955010700
-0.634095878245268
-0.299764505132518
0.057562959746308
-0.050502870511256
-0.186320751135693
-0.165504847835827
-0.342761587180417
0.195760471694072
-0.549724728420581
-0.197062431045227
0.141702928526295
-0.314646237990471
-0.051230388961009
-0.797886352160077
-0.184056245042991
-0.028595508438125
-0.077483493725800
0.086252169505166
-0.021527994709713
0.443652083761276
-0.076265119772600
-0.126880182310539
-0.470863681933130
0.206851171129484
0.137770785725696
-0.334155899826528
-0.454956592859004
0.061431697541268
-0.258794240831707
-0.141116018937578
-0.063431875638993
0.750490405204728
0.349490906833000
-0.021412723956087
-0.100738880458378
-0.299118531973210
0.201559670165597
0.555893211024613
0.266013207268048
0.022606197207827
0.440171258693974
0.550051830444765
-0.057425431324791
-0.404049913971443
0.169170081659975
