-0.074099458677602
-0.203203276382788
-0.588197564199052
-0.022931695095005
0.132834429592285
0.267483358494937
0.096716817510073
0.082684015872736
0.621274794237529
0.156266099985828
0.250917783144051
-0.542584915242301
-0.215410691943847
0.209957536187141
-0.315368169377250
-0.202954711985479
0.165088892047097
-0.243110003549726
0.229545204503328
-0.386774025722937
-0.203474144447030
-0.225389273625271
-0.350943780455299
-0.457214827142234
0.331537666535437
0.685870285674249
0.265875906647396
0.210134309654947
-0.389532869116539
-0.118789361197227
0.273171379699697
0.427701920761904
0.346906218240787
-0.188394330472201
-0.112129987456224
-0.109105218480507
0.613755941606125
-0.313763054380585
-0.094731673590868
0.505383935605782
0.508583556408389
0.229025130045240
0.516316926173315
-0.181984585341410
0.177270029775081
0.155782198879903
-0.571189505976346
-0.097515452787201
-0.146644523378611
0.249727866534820
-0.126587221691389
-0.061454859084948
-0.465509074108222
-0.140285746936622
-0.487253135975222
0.405012731676366
0.258342445319277
-0.210263191108018
-0.178955578410370
0.059843051379445
0.178197215926760
0.564748009589313
-0.286705001675134
0.311471656654458
-0.299268379661212
0.113964028066299
0.536736511022950
0.379290186694994
-0.070094124097478
-0.102123367818877
-0.215447945081940
0.187435089070158
0.192224162168336
0.361176684232518
0.406791028744881
0.165712786908720
-0.502218899562607
0.366905607753712
0.306436682402686
-0.068853927577284
-0.335141738785421
0.065400287238320
0.245033183952946
-0.489315501188314
-0.226150882139734
0.555058266246419
-0.269478224549172
0.127337429673590
0.029026981582227
0.023911764027358
-0.148844166395065
-0.272056588916563
0.404194052293464
-0.081650204900655
0.123340407107531
-0.205645966312651
0.299430217967557
-0.484603750331960
-0.223432097725723
0.403745039265716
-0.568663441529766
-0.088864749548617
-0.281369134411765
0.285536113884919
0.248351342558856
-0.046823150804091
-0.070079605357015
0.102583255908195
0.006405583985101
-0.078602019641793
0.272416022184564
-0.276758937731165
0.323777560955197
0.209607793497861
-0.247685473853660
0.227750975238153
0.282877642657106
0.018801788644103
0.118784869601739
0.416494971027123
-0.251767908411879
0.028792397812837
-0.087883913433207
0.511257211525665
0.366744340385129
-0.116614857534361
-0.315287592067971
0.388586856440746
0.099929243930073
0.184960242160291
-0.106060310640330
-0.055236490281829
-0.048329454099273
0.310338699067420
0.574568487236062
0.551417113279960
0.274253425400673
0.003521277315606
-0.313093538859967
-0.449275754844142
-0.014209105394747
0.514065730717992
-0.125043365812598
0.115254644114027
0.035768297931603
-0.592681582962669
0.361692247850100
0.039974302557342
0.290477090524632
-0.248033275601072
-0.276096318428085
0.525730844120180
0.011674529338259
-0.212202146461710
-0.166274862159979
-0.463433483892824
-0.006342190159009
0.505902180765090
-0.023244393514420
-0.315454250369358
-0.115700358996628
0.108631849480027
-0.227184987775422
-0.125685784520498
0.645482555037299
0.326687124170144
-0.195808130406779
-0.013128805678957
-0.023517278642813
0.317910315133852
0.206025157677088
0.390984621983740
-0.122243410597085
0.109456743538391
-0.106120349405548
0.062340744916771
-0.267399773418252
0.624432422360288
-0.015635699616781
-0.376008751818872
-0.215878089190536
0.424223332586329
0.304178316876986
-0.126483773780440
0.166440283886059
-0.005254838604875
-0.657501750180310
-0.027142023923752
0.056297855578098
0.714853359904856
0.187935990352582
-0.090443978757618
0.126511784739927
0.111237709994043
-0.502835211871052
-0.038951947482755
-0.651211050472402
-0.007089425656043
0.331776163298627
-0.321222653739492
0.275108552918953
0.264987220571367
-0.650301026360782
-0.103152278255492
-0.259318828252452
0.304299605482578
-0.057954794070100
0.435962084302565
-0.151408994937766
-0.098073389820486
-0.235112452280466
0.170658912258072
0.299600577315273
0.233939772473020
0.055991207492662
-0.465501974558333
0.141758566064975
0.370904651931516
-0.435697209413733
0.209641063022693
-0.227751725635286
0.056627996457175
0.184724052615567
0.185059299663401
-0.004996646022841
-0.653264334957572
0.025214042767329
-0.465598095443765
-0.370845627599220
-0.054295832941312
0.378307024302692
0.332230363365891
-0.108465587764107
0.311204419846411
0.197543284856408
0.228946322225017
-0.082028566795427
0.236748868590999
0.214310593132715
0.654176057722509
0.086207233851599
-0.359793314055484
0.317674531745111
0.315987515290982
0.405231126336401
0.009062408614870
-0.590872146061779
0.232955211901262
0.110321892593720
0.192483218522403
0.063877078118643
0.040743157879208
-0.462683210639556
0.582364057851770
-0.333471866260037
0.149542205632767
0.109642672558999
-0.087068048267046
0.642676790006709
0.103320375491702
0.075258372000465
-0.085459639427162
0.060285252792733
-0.383433640448135
0.292003280948700
0.241902671226271
-0.270204749751987
-0.643724870061414
-0.056617960137763
0.157873909540909
0.301643428357052
0.072665394179943
0.197024902828371
0.295250690275423
0.162187018514380
-0.100814266541019
0.434113701909827
-0.297435062138330
0.237141232777667
0.120175837632823
-0.006508222550900
-0.160079363541776
0.420119505035724
-0.319647573634511
-0.501750773040532
0.102276904140126
0.238487387396466
0.032060868504139
-0.657164402061551
0.078580013471112
-0.260707591582138
-0.178583533158625
-0.008673318569074
0.687770961142556
-0.341236458601732
0.027434747632860
-0.135681963126698
-0.452559491560702
-0.394864078739967
-0.025288918022818
0.115010018448312
0.177875852664399
0.290586629034656
0.528340793355786
-0.362313396976864
0.434944125757218
-0.220802663548597
0.393177790180884
-0.438138705575834
-0.032986281199032
0.304285500543759
0.447303793124018
-0.063441316603974
-0.328329866405824
-0.287325198164648
-0.321651937332707
-0.039983591352965
0.274142545084615
0.590328472021753
-0.063931046032344
0.173108129521014
0.243349574166699
-0.055961576790339
0.336879245798103
-0.629172380489685
-0.261059944205242
0.294504245276016
-0.386855122964967
0.432091216688171
0.476794958031980
-0.352348823377162
0.294014294244356
-0.038604728490850
0.276420119452051
-0.363023444409076
-0.349300191166909
0.371868886435556
-0.050719015920159
-0.425433409484606
-0.049839726550269
0.056049733093548
0.570341452544493
0.407384840448597
0.417736646362246
0.554307269535024
-0.019711662577203
-0.077623312111598
0.632157017757664
0.476776609609172
-0.075671741201011
0.608723603230179
0.521110352873315
0.047731156023147
-0.025579497280966
-0.187470851685506
-0.308878046956703
-0.157785742458184
0.319927704622384
-0.171683633506006
-0.529191830744390
-0.639401304979392
-0.323498302057793
0.402213154738765
0.047618393975448
-0.119460059375321
-0.013135337598617
0.187813785830219
-0.093111061705948
-0.295817876754272
0.652150986037719
-0.208894488521892
0.241569002707487
0.334957117902586
0.314354143394125
0.088477509972052
-0.482375197278301
0.184327742092908
-0.020060276666217
-0.520381311307382
-0.409235881921997
0.306505609956213
-0.317132514070780
-0.189566776573976
-0.372246204694993
-0.037287372742669
-0.352190367389864
0.501512034311818
0.416593565041670
0.004678960016304
0.159499406155151
0.059561621941465
-0.243921598512686
-0.383957691643045
-0.052279169335717
0.464756416496379
0.073362257362524
-0.367766752064054
-0.395191108029476
0.328004139712142
-0.293866895013938
-0.556567525125396
-0.160597822186728
-0.110016868024124
0.037461850330767
-0.635669828268455
0.230897695786279
0.245090957626785
0.795597602724627
0.017321401767689
0.140854539251571
0.222199547466749
-0.026175889580058
-0.475730845416396
0.318856459256694
-0.122560152894036
-0.450632111170896
-0.415795633895909
0.033165417738045
0.225956597830815
-0.457268646734725
-0.154521425576070
-0.040778440096450
-0.134251184909790
0.086928903744982
0.040281557984850
0.602483272232011
0.399249570791078
0.052900230075665
0.386601961194410
0.025135956293822
-0.128707907820923
0.352931027658902
-0.103215559956317
0.448165881077968
-0.092005940926147
-0.108325441532455
0.103911304108363
-0.273665916665531
0.035092572106028
-0.504640963455394
-0.711589616120582
0.281862538103438
0.049052043305774
-0.304979536513393
-0.014563195319487
0.512623159648138
-0.154574558306162
-0.140199441809792
0.060269818474368
-0.676764508285417
0.269870484849731
-0.223416173336782
-0.374592956547946
-0.291808275216273
-0.208911245574166
-0.139194994815666
-0.808603016432937
0.245642020977518
-0.370270711753227
0.076635812718027
-0.101703053085790
0.069050650254323
0.396071443938813
0.138903598147343
0.155162997087211
0.388618859959595
-0.116721578050740
-0.407903134536534
0.509759199548302
-0.089344855366104
