-0.422529799860940
0.021038929097669
0.430220771782045
-0.119117112068141
-0.025322376188567
-0.272738348578779
0.315364933596172
-0.316742977148814
0.006470858957326
0.051101988276141
0.050608785042556
0.263087737599327
-0.356318619648123
-0.470910056287010
-0.374374137802681
-0.229073505290697
0.040204978595230
-0.471426313096312
-0.448580146557388
-0.198210513254073
0.050864429126568
-0.443618488988161
0.308243859289365
0.455199227388496
-0.554726660430553
-0.295626591333580
-0.516691124310334
0.227000556627003
0.387064560805722
-0.075923076344051
0.161309934601979
-0.044982211174728
0.453606065879468
0.284352857120712
0.178661493846795
-0.390057631319063
-0.301812388441107
-0.125809338718539
0.307792300299154
0.152650777916942
0.140071751453970
0.428468561825809
0.404625993742643
0.000914894770950
0.089644201158065
0.786295835770797
0.076295338238813
-0.094577951146826
-0.140924010399891
-0.318199178897764
0.120709666867806
0.582016144476025
0.238963861533737
0.277796074433739
0.377235517867237
0.123324693222635
-0.278647116081618
-0.272056341480461
0.167765905740210
0.438141673824631
-0.511730195154664
0.069117952957133
0.207045652715076
0.026974720481561
0.320182086578387
-0.191230399011818
-0.531281264725372
-0.094833360543005
0.102922332387028
0.124321901898792
-0.289113689541848
0.489918465236650
0.176781783243095
0.441348012421352
-0.029664424266994
-0.498928446793853
-0.089164490472277
-0.262992077103451
-0.127993074610894
0.037291312503231
0.698091458420489
0.318840553036029
-0.303029792037000
-0.067608842084862
0.015452419850556
-0.178659162936402
0.233700500862961
0.199426588116768
0.048755974933639
-0.216990028039367
0.418740441389006
-0.235207818822352
-0.138166730397645
0.207466252618351
-0.395120646738459
0.671761641772986
0.152491341735798
0.353228384787331
-0.270702206275270
0.253486542693446
-0.111741321460808
-0.260415580270997
-0.169554816460896
0.006070746222297
-0.472520751673275
0.206246542976984
-0.039871242222787
-0.284152917584356
0.077143334291836
0.441383206261665
0.195705296270154
-0.050865464704518
-0.109287897906538
0.190231243665538
0.222935454530936
0.006271782524811
0.260210905334067
-0.157493916709181
0.106562610458548
0.255923865575225
-0.448145058002132
0.357471602045381
-0.216124607398810
-0.174864076395280
0.002713193995550
0.121060239976592
0.135680597973534
-0.249756838354597
0.444158892852293
-0.314058426894512
-0.257250387327609
0.617739201766979
-0.201922950143251
0.000841207737676
-0.188775760219960
0.075278732518667
-0.347575566833843
0.211131848154039
0.384378987044310
-0.110611059717979
0.004538709873992
-0.013236308074453
0.079272642864802
0.088606464378374
0.073092146447815
0.010036358286767
0.403780341587718
0.141240933886486
0.147181049004822
-0.054826362238324
0.086012090441357
-0.661409189263101
-0.361331997050469
0.267370717407772
-0.183079669878119
-0.015456427743682
-0.129879221780378
0.451424756967415
-0.312230162482860
-0.208478177458088
-0.117326468203334
-0.274986806108920
0.150711421357054
0.673202457526250
-0.058622436253317
-0.335276989321021
-0.198844345490642
0.036465531610174
-0.146735563864396
-0.550280236030105
0.296340230981274
0.448441865170122
0.512468678456719
0.163030339901950
-0.510052292930471
0.168486331413994
0.044206548797754
-0.095640087715823
-0.329180772646179
0.637668346752422
-0.174345637257200
-0.280940314028155
-0.103708374904850
0.397649086567764
-0.500391056170249
-0.328252990212330
0.069498081900672
0.004968394026437
-0.391813075762215
0.304416259576171
-0.225556877906827
0.012366574149591
-0.263342598888495
0.282034602638781
0.380111968538016
-0.236802982585815
0.424615864285167
0.364033019155973
0.369810127839772
0.504762774982626
0.604491903792656
0.018407878671334
0.004581211402597
0.254310811887755
0.222327873010996
-0.307321146104875
-0.269623697777122
0.409479901703998
-0.007877366997913
0.230497754210456
0.212813600263305
0.143183029918161
0.059747268255975
0.214938199688068
-0.382965165475214
0.272601008124662
-0.373526547070056
0.494758064502079
-0.303961940769152
0.244867473467024
0.256212253398203
-0.328649127503494
0.209386619983367
0.188419858391027
0.426605998009926
0.233452194711696
0.114988565081654
-0.520611436060607
0.308307305276882
-0.256063593499126
-0.081607901798448
0.147035578570486
-0.217832143966308
0.341731683527634
0.219849063410952
-0.390988449476302
-0.360936847516965
0.021784730121304
-0.176328847941579
0.111629017733526
0.083460807679693
0.247922786567242
-0.454416406499146
0.036704501650664
-0.062729899565464
0.004799387404673
0.078283825035439
0.364307075870585
0.452864669578499
0.132577515175043
-0.240953545164262
0.165263762547038
-0.465423922735566
-0.171786210229820
0.538149847233792
0.108113814482059
-0.447003795221782
-0.348195154012039
-0.049775856844277
-0.622865043208640
0.234932942623116
0.400955486173803
-0.265872659390364
-0.338148443637060
-0.195849248039930
0.106705940985333
-0.038111889569320
0.268885703784132
0.491134738466029
-0.395983633177971
0.219401266778157
0.177337820062251
-0.015825184063269
-0.302287355858723
-0.139497185023155
-0.231831129435147
0.450787538447798
0.424328876746649
-0.026194341561133
0.028747930834705
-0.478735058963656
-0.253244084733910
-0.581884671347183
0.146610967431359
0.004049232517471
-0.193905764768451
0.365680889399634
-0.416147076280540
0.486079781480163
0.205241504231377
0.402686124286994
0.373023244353102
-0.183525968252216
0.375680277076150
-0.385895807437303
0.032121609674077
0.346826291064330
0.295206394822728
-0.173775339925522
0.084838898619924
-0.314208576197006
-0.007169983009222
0.340720423087136
0.371951570803465
-0.129955939146734
-0.453539514444390
0.173022054765423
0.162945481574294
0.341696299937082
0.483814336679528
0.457907580747296
-0.306003697426179
0.393966741323656
0.322229984043935
0.157744217949679
-0.290919166407257
0.492906419179387
-0.284699676634603
-0.354000225617079
0.334915032678233
0.007557730548727
-0.281814812959024
-0.556289570275883
-0.012673123977297
0.245719198994379
0.556691269906384
0.323515847112051
0.014994781952767
0.479121722163264
0.108776171130582
-0.015580160267442
0.229862007314364
-0.391942902520781
0.266105840163476
0.191993200256366
0.163399565719965
-0.186390696978440
-0.088777896362428
-0.849022982088485
0.184579925757304
0.312156443501694
-0.089785698811044
-0.187182029984327
0.521626747298168
-0.372083881793263
0.233438224116763
0.031183393144282
-0.079615507218288
-0.374784382590132
0.246798526737431
-0.119273800934107
-0.439198715946156
-0.574466430143320
0.351174831395310
-0.084728146908192
-0.327093802999334
0.491463958119247
-0.537962983169874
0.086417801522443
-0.170176826902657
-0.045251338029469
-0.766219459490455
0.294684652119212
-0.272208591083606
-0.333472111248119
-0.077789277380529
-0.243588995502347
-0.594688973843217
0.641492957998524
0.006248167128070
0.653590070493250
-0.339917321190550
0.015297348300914
-0.225993466098813
0.007388307230253
0.157424553342373
0.171246378627307
-0.146207248946121
-0.184122818821984
-0.706584257876497
-0.273356081403852
-0.551020371296627
-0.093900667731084
0.297652724597998
0.007011922928713
0.341972249460638
0.596081745105644
-0.174950275934047
0.387360221883639
-0.126695151667031
0.366608032403446
-0.072448250418137
-0.880022797433835
0.041268451349970
-0.254033606951935
-0.586592136539119
0.212856779098626
0.438078289828748
-0.354129413528959
-0.292446477271749
-0.049113471826440
0.406434421430888
-0.131085783361836
-0.066522042248159
-0.361059537709184
0.262137590931175
-0.141032713931254
0.482265021029766
0.149531255615583
-0.542781595722341
0.305180044718105
-0.204171937045479
-0.408661669446993
0.327558293909620
0.148811455844622
-0.471626750229011
-0.370935523484794
0.310746853278703
0.214819372112037
0.140160423311737
0.194704218550932
0.232270666065677
0.148717088129837
-0.207922465583387
-0.067216533540046
-0.136863559081681
0.336220893261047
0.196595533391786
0.162770812581172
-0.498608007571234
-0.567297438100075
-0.040302304988263
-0.041154987068381
-0.243276929313499
-0.295087529718393
-0.459923846582702
0.485040072624333
0.027434555297937
0.437839138804927
0.044260339541314
0.184631637769199
-0.273838271487726
-0.101730410481807
0.349369605519680
0.643512839263851
0.279257324596145
-0.128320297451774
0.060467566137324
-0.319334899134960
0.198692803342661
0.255846429861882
-0.417294934743966
-0.434384681129639
0.019472689576915
0.302430708622547
-0.159702229694946
-0.539785071118623
-0.066933935306724
-0.391611070229682
0.370512631435450
-0.533769965921073
-0.176911837138811
-0.124877416443520
0.633072268799167
0.072079584283082
-0.076195662261167
0.096959797778965
-0.231247026662041
0.254069655242224
-0.505761373799473
0.202853318239192
0.228766921111570
0.569036332299969
0.379644944552937
0.059926210293050
0.405437901656278
-0.384770845395046
0.072953296017709
0.309243772942753
0.295359250499639
-0.326677175154494
-0.153942957761692
-0.081739718419457
-0.657551685705722
-0.435526899159132
-0.067045739930891
-0.062061957119387
-0.088516865029559
-0.036319070700296
-0.809520859361915
0.613703891831575
0.168644058718731
-0.292409887347441
-0.282788704307693
0.386323407720473
0.177104414165253
-0.210044846303951
0.693395667892944
-0.216644214216678
-0.187746312412844
