-0.689282094584376
0.026864599020460
0.401645847337358
-0.147259415848657
0.425516626472756
-0.206780024851200
0.320923700252388
-0.616984876144729
-0.190596630620822
-0.509308031793262
0.272931819940093
-0.170618091776460
0.119290064676500
0.120852839046158
0.149516908927894
-0.346575752394897
0.073648370841519
0.464071601153701
0.099407706125168
0.213594798377651
-0.468651667314463
-0.195849415007491
0.064408512804798
0.079187033865479
0.530252428366382
0.055764114327890
0.082480199390509
0.698306505947774
0.634009746191078
-0.073525165747098
-0.417539327637274
0.413903190763782
0.583798308728748
0.033265824684480
-0.202499657012354
-0.323688471952130
0.298785103666801
0.253097957633399
-0.585195448234630
-0.206666851350866
-0.026145235072286
-0.572893740819145
-0.413871070805577
0.116460947981838
0.318643972001389
0.533819751493100
-0.140056830974430
0.263181912300230
-0.581927499135898
-0.062094484046761
-0.103923289799984
-0.217505611969168
-0.055919464049387
0.141108518763062
-0.533664783412096
-0.511979300493062
0.297592626743932
0.451201614278662
-0.196016536451665
-0.267310499114149
-0.493684334036192
-0.079730563217430
-0.159183596541093
-0.477847973014461
-0.444828299391350
-0.028468177095634
0.059567672543135
0.007438836626475
-0.068438755619870
0.189425849239926
-0.309386554915631
-0.660763536588042
0.271867962642312
-0.231839208755424
0.363324438477023
0.241860001401309
-0.368088508031799
0.113317662956928
0.176763550872522
-0.234309265061174
0.227619273977545
0.164237190562103
0.231752118403315
0.233159019846334
-0.547448828162243
0.023652203779422
0.599751515238859
0.086737227751746
-0.028339564845784
-0.273066981526960
0.071927630101061
0.183536201703403
0.637385035058892
-0.298935249377657
0.319302475498504
-0.353733457275226
-0.154328409682426
-0.175416199026327
0.102611580154069
-0.120269237410439
-0.081039156666587
-0.121610757169093
0.201702958591323
-0.137946492638798
-0.158592652997489
-0.014336425737207
-0.079177846824561
0.427794324281971
-0.172625296931610
0.253362168853272
-0.124510618779584
0.336709544796278
-0.400132583291036
0.097735590228987
-0.257642454633668
-0.380771393612302
-0.201708102811454
-0.260694264646227
0.559125453881636
0.194294604310818
-0.554304581671444
0.150724524701228
0.343101309311626
-0.004962089541192
0.210953676477424
0.468913268221079
0.035011139206923
0.230720290221687
-0.135821971769293
-0.106331134618142
0.208875413266166
-0.141626613842358
-0.348237243871020
-0.504014181375944
-0.303552116100042
-0.167799716350458
-0.291581251447999
0.659402491363857
0.078824871738035
0.111153502302133
-0.161409166115404
0.086505062758755
-0.308568812993247
-0.197235279473569
0.220474631335300
0.540923009854616
-0.262452442150386
0.419542265680264
0.276324803791417
0.342145642967489
0.305835570417573
-0.205786806030455
0.314865156191132
-0.257782263384975
0.439674414314371
0.040710459727613
0.232314286922460
-0.036743157279883
0.569087943175407
-0.005820652008062
0.210088687820066
-0.433580205973487
0.412106377077813
0.188305975957280
0.010638750145290
0.463581857526187
-0.398009377155620
-0.250326652579603
-0.365039022299325
0.261591418217981
0.147073454764801
0.163154983581465
-0.000985814718921
-0.414654484058459
0.061864427282483
0.154093137089826
0.300205840269817
-0.170053016870645
0.726627574582751
-0.379383446360554
-0.272554657612435
-0.212117107740380
0.289721907815681
0.428713920704700
-0.087933991411022
0.037373397789905
-0.512888082896998
0.077907987158488
0.053062466514592
-0.264173010250066
-0.212030623248303
-0.121257308617340
0.100164524567027
0.323231119087242
-0.176262598195721
-0.420566831717793
-0.475058042812396
-0.293641530667115
-0.331630183949419
0.021286276596037
0.229121610749067
0.136864358539014
0.716453151318484
-0.276057562274538
-0.296890942074990
0.101968094074865
0.081343050580195
-0.312031059186675
0.102658391788141
-0.276805591164518
-0.026344349002863
0.343110964475325
-0.100458446097177
-0.570976906298981
0.058311721313459
0.035215830573246
-0.209972563549335
0.029956145979232
-0.047640028330421
-0.218072237464236
0.550646800954746
0.176631728953311
0.196033993610015
-0.103696846646385
0.120850283014147
0.687932301408764
-0.258634331369216
-0.222381527085428
0.156339455310865
-0.026873503476668
-0.233506763730582
-0.239006379642711
0.324336121673735
-0.464020117250443
0.041359572974403
0.285664112626373
-0.203289231707432
0.386343808663724
-0.002307237213130
0.093435967713905
-0.058430447724895
0.443159893053892
-0.267011511164394
0.414653124689929
-0.272981930941131
0.163087074655326
0.358561511049871
-0.445831851723120
0.671006050071009
0.442516767627215
0.213819373680113
-0.026755308740082
0.307414746872470
-0.017639451073063
0.137294638734010
-0.250081047125674
-0.168513739975751
0.169014505759834
-0.107609830341507
-0.216274654684576
0.218916959225138
0.752877345162906
0.120383828358221
0.168200273759491
0.433213947158307
-0.125053340241902
0.446784614368503
-0.118220400640762
-0.116340976801460
0.600689577771278
0.075783987381882
0.217683331068478
-0.285910718934902
-0.192841508977184
-0.527598245416888
0.139001558368722
-0.030876479593610
0.262646709634715
0.073666541822930
0.019906081035865
0.015165681753140
0.165160433854914
-0.325850158944892
0.351349881142563
0.119494080262083
-0.014584012884655
0.083191813115181
0.135741945200607
-0.106192940479258
0.565591169676843
0.184595982426152
-0.177581384662348
0.234410420183980
0.491214761292530
0.151234189774916
0.145813190162703
0.111913139790196
-0.480013585883961
-0.094976023662470
0.102181083692662
0.600858189451793
0.049245447700871
-0.342294473024848
0.386188709564730
-0.065510712166296
0.126051044150841
-0.515612378966006
0.188192929050306
-0.134417058450526
0.025020530088767
-0.015330298346009
0.336745113022069
0.240013223892662
0.086404163141500
-0.345925108530632
0.799260875252916
0.254763674514004
-0.265850151527022
0.046862125351350
0.422403912076943
0.118200456701957
-0.016415468332955
-0.091738680212447
0.423088416088396
-0.079653274197509
0.309058725281900
-0.509115558782861
-0.159999031206082
-0.362334694126411
-0.442069501556340
0.469951409965260
-0.385217039802497
-0.201630145015858
-0.238686784926781
0.215802286395508
0.141014956215974
0.490824830431883
-0.260469288634946
-0.063733492562319
0.473440808095217
0.051026574451087
-0.099279435185230
0.423937966336343
0.397077461407189
-0.117093186759397
-0.049622206142457
0.650631044090952
0.591122757360143
0.019560869850344
0.140352604761986
0.336067450015748
-0.497714453330772
0.596190317368138
0.142964323321117
-0.396529734857659
0.189466452315223
0.122873735896242
0.372108048019520
-0.165542297209187
-0.706867262463378
0.405051737414761
-0.404393089773360
-0.010007141220823
-0.511101210233516
-0.214850070977974
-0.178163386594230
-0.463271619698339
-0.220541671865225
-0.187448095547937
-0.256623493683577
-0.215685535172779
-0.399020159072173
-0.488328869346486
-0.245239190493746
0.058645386590342
-0.251981752830453
0.691736757477188
-0.150712825853192
0.195775345135857
-0.304748928544336
0.400942156431742
0.049413997648804
-0.173887467464364
0.093469344155665
0.516429935366690
-0.312208308697474
-0.227645648798629
0.515040886904950
-0.136901894342309
-0.011734931030049
-0.739161561611083
-0.374877454854866
-0.274014617119469
-0.070630862687628
0.129509748075553
0.036948652604932
-0.244325905457402
0.324988386802671
0.043299804066038
-0.317070317972735
-0.544943207792750
-0.345147196931028
-0.158004792305487
0.217868052051385
-0.129187275164180
-0.557701437369366
0.096070583771332
-0.266339681891654
-0.473423038655814
-0.061652687742658
-0.147104184687803
-0.709165987998297
-0.061654388005399
-0.067051512554894
0.172086460947600
-0.107682403536098
-0.046110013666918
0.109635330023770
0.480912782381019
-0.324522361251065
-0.650417717879846
-0.112497024288243
0.409024431982976
0.396653253139211
0.125098970827058
0.015492129352563
-0.283480324104228
-0.143500784564521
0.272740091973704
0.098557421536409
0.089092659893236
-0.280901458623663
-0.263152832543488
-0.033568019313775
0.669353522436188
-0.102452494892636
-0.298546063611876
-0.194539563669612
0.719061203921898
-0.048533099770711
-0.754998853773949
0.024056976723679
-0.307815892427211
0.193288967425923
0.303391878883696
-0.052657468054074
-0.013634647031047
-0.189871103144368
-0.195608200690143
0.568782951994798
-0.138248325514430
-0.258039743548061
-0.133969903483581
0.003610096841360
0.384000300837953
-0.451418908506805
-0.669152169024031
0.046554916899020
0.371357006583305
0.082736391137129
-0.503831670161401
0.424389557420002
-0.091587054267530
-0.291426070512759
-0.121671139479301
0.221418075554389
0.353224732373497
-0.079381679248645
-0.574009833218428
0.627986073671484
0.048667659667427
-0.110322787435615
-0.157889599611094
-0.572545816195374
-0.484277486088634
0.095495224852641
-0.468738677071747
0.025183763194636
0.356335023107353
0.169692431406336
-0.672007125514640
0.110396154775830
-0.133598939063198
-0.123638464316569
0.263088016376544
0.082831782809687
0.298247255061441
0.601335385946965
-0.397787114938571
0.321591350213206
-0.087036868957991
0.215952518069258
0.370567090711123
0.176427432840499
0.509692242477860
0.000000000000000
0.000000000000000
0.000000000000000
0.000000000000000
0.000000000000000
