0.124300985150488
-0.190815762390284
0.270651238284970
0.455483577572027
-0.319272232499295
-0.477780445853398
0.090762340418850
-0.255123527388612
-0.266791194701976
-0.021512799935861
-0.348351303624096
-0.281789237104700
-0.255301588959574
-0.117100236233864
0.196287979083149
-0.108653196464419
0.611481383903239
-0.060653366448305
0.258293544520536
0.046438069205390
0.059838039776288
-0.391658538240796
0.454432244348019
-0.023097652659476
0.212097502409932
-0.171656189611288
0.459341433495395
0.536201678791449
0.168077631537174
-0.130248514387884
-0.388299442445298
0.391044979931980
-0.102032401231896
-0.169088214091889
-0.302035246747535
0.164926989298307
-0.333189948612964
-0.158043741428918
-0.215487961482748
-0.040687135091922
0.242860916136374
0.019107447301972
-0.473630919982681
0.163856339821898
0.460402013012144
0.098087039135576
-0.443406861971407
-0.159720565254433
-0.190783562561794
0.317675208958898
-0.476423133792035
0.017329775278821
-0.136017233761160
-0.172026612486346
0.629562888759863
0.038970610905353
0.233547468425021
0.068058875884800
-0.080919464333929
0.358165178808832
-0.166829894537992
-0.263296048564319
0.432596784410847
-0.227958790441548
0.145686515238489
0.028507755007473
-0.126252138138484
0.518240884283768
-0.016546584582030
-0.193221166139849
-0.031826358164252
-0.388519975771558
-0.133603788654228
0.107506839589488
0.192567980693540
0.134724361800542
-0.008203309091358
-0.468889975785690
0.117315969614095
-0.653554447101596
0.054691940668430
-0.227728194116972
0.447695955779749
0.041029996331902
-0.240722328087880
0.273521820954055
0.047761551854138
-0.030751564259171
0.282399999801123
-0.352919007235357
0.232272269975327
0.124492444054152
-0.529457504944513
-0.140106701048096
0.202133999458219
-0.311883329544598
-0.202106969824280
-0.572234643653015
-0.328952046246587
0.449819688661206
0.186109807772509
-0.036899785838894
0.567862709439967
0.200968058304930
0.068027090053074
-0.062373490115395
0.359964872424858
-0.274377874161786
-0.217111260670729
-0.032071879588104
-0.292948451540147
0.007182952629238
-0.094098530087597
0.557918393867884
0.133306325659895
0.250947182122012
0.054115666296225
0.256533580847570
0.408710431960446
0.143822979720561
0.110932518968573
-0.288424419556749
-0.351895905073385
-0.361544891194223
-0.063092655794565
-0.547959165618762
-0.605853110014141
-0.295437085600854
-0.003254781121377
0.094570505936527
0.038957734350497
0.168442542344208
0.113526874388680
-0.067581661364823
-0.110154741866407
0.515037712029204
-0.477953628440671
0.209321684676779
-0.352569675089070
-0.169330642606678
0.060852961254098
0.219721378880989
-0.046610315612074
-0.417966401020006
0.295109245108299
-0.113315181751572
-0.099339766050812
0.153071702537235
0.363776391468478
-0.522797603622666
0.267682632837936
0.242626169415800
-0.043652205389097
0.771914366833898
0.161880086329586
-0.045669390022725
-0.101779634459212
-0.257420391663827
0.190812741000938
-0.130914531777176
-0.417669230948992
-0.022212861605971
-0.310297952643559
0.090151595212760
-0.358210086825130
0.078893264823859
0.577251574738138
0.123047972159085
0.352740366288826
-0.040229005846163
-0.089274042133583
0.034929112163271
-0.053348780067466
0.519658586224930
0.199443549216952
0.659520467062451
-0.312909249961169
0.026920044616330
0.041340866458586
0.258088368020139
-0.234411969510707
-0.178014147407380
0.198793669766517
0.630134152920018
0.051525112806006
0.006088277813233
0.297404789955324
-0.079097666290584
-0.620486696051956
0.383759678245872
-0.221850512635498
-0.138690994995871
-0.011277751238723
-0.115760588797175
-0.187124281578199
0.067819405962411
-0.043636703065482
-0.497081731438090
0.104281315526099
-0.675118864255949
-0.192320119141445
-0.365014802141396
-0.129843183605729
0.077252858500473
0.413134391040167
0.021740042715326
0.161770043434908
-0.221802132160765
-0.489919335076882
-0.076989477105128
-0.375106808356444
0.222282083161096
0.061682415385262
0.133592809033441
0.242505405409902
0.120745835350851
-0.144128253997711
-0.007572453012198
-0.528661769265793
-0.206803227539890
-0.135251378549018
-0.249787201554408
-0.017176419477960
-0.289228621325704
-0.505490494039524
0.239769471945042
0.011960966965007
0.385661650451181
