-0.402066752713791
-0.153106331362366
-0.591648496945763
0.000000000767038
0.427323234275826
0.531269881669205
-0.414957995551871
0.125957202998175
-0.351427687295606
-0.221684086074306
0.289346623742574
-0.308594613098496
-0.136345807859275
-0.214362433524236
0.201624261620103
0.081970885865283
0.401968744233493
0.305224904954693
-0.095335622258807
-0.044573454258685
-0.042875415198922
0.000000001296754
-0.066130751577471
0.422628695905212
-0.383489009337135
-0.348211315296142
0.343577674886498
0.000000001038894
-0.174969647896904
0.488123363366334
-0.381759261765886
0.188554162338126
-0.427493743129860
0.372253059989894
0.329092917811805
-0.323829993787567
-0.047537539956897
0.126902819991024
0.093321548482642
0.000000000802316
0.263019204331153
-0.338501416097068
-0.278845924929102
0.324044313537278
-0.270679065352021
-0.000000000830756
-0.348062473198345
0.502833790291452
0.340666943571173
0.340025511566679
-0.225000501327580
-0.489472277923231
-0.016055242904776
0.298609903341365
-0.393818773671018
0.225575237881831
0.268234617686063
0.566980934255896
-0.000970597689275
0.163236837724889
0.098398084434351
0.394790721500672
-0.050191268584157
-0.000000000213859
0.385749457031576
0.087728187446487
-0.283448887856528
-0.375062366713711
0.300489673851289
-0.411651365552340
0.050903158950307
-0.346044972252020
0.086199606068317
0.054136033628049
0.085288733094580
0.000000000329334
0.388444833142864
0.465586013242149
0.278381758565798
0.458733090195751
0.298660357754808
0.437821242452934
0.242063817402915
-0.120264388758927
-0.259595314054068
-0.315570969214971
0.088489790388677
0.498503848183381
0.025571140116319
-0.264241451195797
0.088042338145211
0.095885182640566
0.000112769024467
-0.030853441667156
0.440413468707620
0.397441387319434
-0.393258692519717
0.225830780404398
0.105491215206887
0.565652488966152
-0.105537294998526
0.290619828369765
0.099209257123311
-0.594301274860497
-0.259259527768206
0.000000000216567
0.402670911009614
-0.260328782960286
-0.469651285313588
0.571175113243548
0.098782980926630
-0.000000001104359
-0.119281639618441
-0.570552519419379
0.000000000000000
0.000000000000000
0.000000000000000
0.000000000000000
0.000000000000000
0.000000000000000
-0.042966474248087
-0.223814645170708
0.303157710880162
0.525578313805124
-0.175026321252923
0.098167202147176
0.395327683798105
-0.222671065266686
-0.108498249352425
0.564497123113586
0.099577167368953
-0.295186414935833
0.440233710630703
-0.131066901432178
-0.346493399145913
-0.000000001250004
-0.686757013685219
0.037690980943907
-0.226236424102885
-0.080137619871505
-0.501324764786301
-0.000000001034696
-0.013339788711570
-0.188815301094146
-0.168214511981746
-0.174371845617416
0.180707269368415
-0.432208348224887
-0.077804452710328
-0.001253187481093
-0.069529088453970
-0.283307047889122
-0.781497806492462
-0.000000000546427
-0.218278762372556
-0.213735859029193
-0.355926464089524
0.265215414044921
0.105461374662450
-0.000000000080422
0.178423080966246
-0.360560687864687
0.217533464443276
-0.195281392789079
0.363310960277382
-0.292904423241822
0.157778701455900
-0.246083520827096
-0.154386935610397
-0.059872204207735
0.044258804201436
0.062520893408825
-0.446559515997958
-0.375839163019857
0.315745171354921
0.075147437700814
-0.238325089225319
0.000000001577849
0.716156133471241
0.020480600383303
-0.288151874302043
0.114369537688997
-0.303851996411063
-0.394866136644481
-0.150202389963375
0.173141128639078
0.224535489731460
0.695208474420622
-0.250164242989936
-0.000000000251532
-0.067481196794094
-0.117635692776549
0.178283101130081
0.175036173081082
-0.197128926454996
0.375883428311354
-0.110931485935142
0.321321020148350
0.204674230181119
0.376149801860466
0.346738201496597
-0.290636721218463
0.265041136203111
-0.218831389427712
-0.413735542467701
0.212778994628124
0.271861434536186
-0.569582571271743
-0.073839831646019
0.099708001748907
-0.142203226524323
-0.211031074772997
0.203213721300380
-0.073576419924107
0.400445207544565
0.309576124483359
-0.130359693183775
-0.221478401078998
-0.218392966970367
-0.000000000282223
0.404309541778506
-0.250249979228763
-0.066757660794529
0.241517556147576
-0.195646501873930
0.000000000532232
-0.003398326440497
0.050930132608732
