-0.404910363031405
0.140114205657186
-0.000000000036488
0.661715973044914
-0.351849626556365
0.504727073369560
0.330446821965921
0.438643621486639
0.392514920035512
-0.201993090363360
0.251493141955841
0.233763868305234
-0.183589491778398
-0.241603521008029
0.462074487784651
-0.296284696052004
0.097890113905538
-0.294715369452802
0.030867572226658
-0.437664890879688
-0.266650229013096
-0.215093785792072
0.142155529245729
0.026086832361448
-0.159963265677216
-0.504840243110201
0.000000000000140
-0.026709923592109
-0.550501530144989
0.296971252939405
-0.150052854335114
0.475121269178824
0.000000000000005
-0.004605670573777
0.055728299579842
0.248085727971379
-0.338146815897062
-0.370940016102131
0.000000000000903
0.007980409285109
0.497052813640125
-0.290577150451391
-0.300791877669336
-0.057085926506432
0.000000000040055
-0.657875727837904
-0.304972776018582
-0.104716804595288
0.360101209841542
-0.418852815061847
0.495011179996267
-0.345841699767763
-0.084379617123587
0.309883729816982
0.123042149768565
-0.436121003429837
-0.027877576248170
-0.053976440519997
-0.127281672563290
-0.375306866893525
0.276254953950202
0.438342138916029
-0.551589909368421
-0.316050011280788
-0.246756464035848
-0.352634448062975
-0.310934274615075
0.118778156185257
0.000000000005578
-0.162072309127032
0.130665659750953
-0.503577818047656
-0.325786548009680
0.416844875873696
0.579327381048927
0.286893319672874
-0.079816611398419
-0.121123351790688
-0.038047040803746
-0.338321367666014
-0.276805817236633
0.326432910738477
0.249965668463786
0.356730356212294
-0.370755132652303
0.353862268509305
0.000000000006240
-0.025535678252987
-0.598944906058165
-0.186837771315500
-0.279268567874162
-0.428848972696864
0.268319561644190
0.267801178682190
-0.266225811513551
-0.147714421285088
-0.401433711555705
-0.123327522746097
-0.000000000010296
0.285198991028489
0.255221844094006
0.091661028929232
-0.252851996919171
-0.426186649431963
-0.000000000001180
0.026306818442860
-0.261683029357400
0.393055478346786
0.250196254395158
0.264712302681951
0.206785378241618
0.345278828774672
0.073866437748164
-0.301087343648408
-0.345458543728868
-0.139760685036178
-0.000000000034421
0.502630978600927
0.135168843072095
-0.117301898676356
0.000000000000000
0.000000000000000
0.000000000000000
0.000000000000000
0.000000000000000
0.000000000000000
0.154263034417971
-0.019893011100091
0.428243463216286
0.280883462726908
-0.090035125348332
0.301738348084796
0.315101184725142
-0.366649939477352
-0.352063882920093
0.178580434696826
-0.248588995396394
-0.242545228148181
-0.363365876431128
0.036420976923606
0.516101943966687
-0.270860822383164
-0.226330921890233
0.380692135527675
0.363774179620318
0.049510439469125
0.000000000000008
-0.001008490396764
-0.354719609864351
-0.258806581712259
-0.367978651436395
0.177650738445204
-0.000000000002999
0.026618289980651
-0.652479124461493
-0.306047255303164
0.208749068355602
0.345991073014908
0.000000000003394
0.025883187449974
-0.426346886989723
0.266030759358234
0.271118279284497
-0.128064197384575
-0.000000000006886
0.069372076938888
-0.176097376211521
0.493723238045708
0.057603730839180
-0.131816080386379
0.304013412427490
-0.010878131161368
0.253512208013803
-0.222698103795787
0.343299413758501
-0.051018720544916
0.580245336581013
0.341704750750725
-0.234900700002290
0.069498865795739
-0.238048023869232
0.027867029739032
0.182240546000061
-0.140474849005660
-0.102529862418508
-0.145807818394779
0.259393927476422
0.074496764123044
-0.000000000034981
0.641455068198069
0.326862331855169
0.033785997839861
0.163872500047913
-0.138034449287166
-0.042895323677470
-0.193434842259777
-0.254985623010766
0.361872222042671
0.362679037078633
0.280105434209674
0.510726525945821
-0.114290627716816
-0.094436697418093
-0.135478510567699
-0.143052770644478
0.363446329249945
0.000000000000021
-0.008203940380578
0.264628878772978
0.346949023399234
-0.234523459237771
-0.094300144099798
0.515232994956153
-0.219041678387297
0.021884732830596
-0.351954580272584
-0.053126488301396
0.066809461811149
0.000000000035505
-0.596941445734733
0.242439186926313
0.496347783322384
-0.306572109273928
0.275090604042927
-0.000000000001676
0.004926155631646
0.600363878502725
0.025412391736388
0.265310010094883
-0.350434645948811
0.542865884475668
0.020333524113165
0.256861110474489
-0.234421492972901
0.211199521610567
-0.011089535919883
-0.000000000019993
0.430394991993799
-0.324744669122138
-0.490947989374696
