-0.337048138012673
-0.100034922539279
0.272819955798429
0.261659607327291
0.341971449113884
-0.231196720614411
-0.214732966994040
0.172309887332721
0.149924372727409
-0.058288506497458
-0.207487362420975
0.405376456879653
0.220562541763806
0.177018451918299
0.230815138624193
-0.466633896045170
0.336428532115592
0.318838078382017
0.071484036303100
0.219565299448905
-0.384112059967269
-0.204078439218697
-0.480550372849789
-0.339973037503657
-0.197040435424034
0.289175120003272
-0.124716038954703
-0.017721044488040
0.071217779956596
-0.083453124430711
-0.051219860423350
-0.531236495804358
0.202927598406415
0.302000190321133
0.189471834476100
0.228538371510125
-0.116649271482259
-0.236823978309910
-0.156416919525763
-0.195350251620720
0.426836346107545
0.108788813127405
0.185804355940461
-0.141168265977724
-0.152498613810839
-0.040040620059311
0.495326172163629
-0.253546806287279
-0.270187713838317
-0.651566889228568
-0.007645483315619
0.300986686247005
-0.140441516547134
0.062803926667761
-0.150253883662814
-0.211953549902849
0.308993063723380
0.044329746765926
-0.298334620742359
-0.600832169413933
-0.189903411058846
0.252049282896491
-0.180744327190013
0.136105442716062
0.009116905128103
-0.286556605283875
0.157202097360617
0.031686737280111
0.003152200797985
0.282736019173699
-0.107729128019860
-0.215263474724043
0.145233969710838
-0.299363428572674
-0.438452800541317
-0.091043136282491
-0.171865559878421
-0.541021479209565
0.476989330259230
0.289842583186148
-0.034156882261068
-0.230981716831845
-0.114132730941059
0.132779930276578
-0.367423020785097
-0.293954566672236
-0.479367501525140
-0.325551261970184
-0.213476818593967
0.258361348215432
-0.341998356708265
-0.227836403121220
-0.096690041322564
0.165460533180110
0.051922293888159
0.024150872150929
-0.100507532762683
-0.188968214020206
-0.498984458255015
-0.072323026878741
-0.333795010936954
-0.091650271109958
0.425584662231890
0.085578515530498
-0.245486665162188
0.540603548912742
-0.293132274606816
-0.175331814729189
0.207532083910788
-0.173286902613605
0.226672177589138
-0.471407471960587
0.153684567084945
0.126801696010409
0.123969809170360
-0.006180180861437
-0.528879364657699
-0.192852377916632
0.224562954939017
0.048413791282197
0.497161704874935
-0.219400727759319
0.225847415773022
-0.451234324412806
-0.223404477175990
-0.371834142852357
-0.069561043722460
0.133574031789921
0.006502257570183
-0.207869601541091
-0.004187644092104
0.291821283277109
-0.210072727351123
-0.582909763772935
0.012309120883920
-0.337525740742034
0.456113966667382
-0.222689742519302
-0.553547839216813
-0.175415898410434
0.239225128092526
0.024958070174647
0.091028418911450
0.101346374476066
0.547360547989894
-0.081540157826181
0.116468825990676
0.005839964113920
-0.287529702836388
0.400716737182913
0.195939742064545
0.288281314656937
-0.108359701801920
-0.190448025045330
0.410055118821144
-0.594379622916914
-0.101148514799930
-0.072078213266742
-0.252350263105138
0.152255451152924
-0.264792852975145
0.511613145541885
0.115020593499375
-0.122507227546567
-0.198425231856467
-0.451486257456016
-0.141578435809488
-0.345667580580922
0.304317920079577
-0.038166082971201
-0.316734160586716
0.521610916653512
0.185505404030852
0.590568807743218
0.491849181071183
-0.084594947411683
0.098122070812095
-0.150507682146085
0.461098387759562
-0.026212107023256
0.227946585689919
-0.560531331831619
0.003728125143835
0.514538761071099
0.090914564136486
-0.185662574557696
-0.252847229732801
0.278591121940397
0.676948221731607
-0.032956099338397
-0.082898482443997
-0.057387203524949
-0.028757071762458
-0.325227389890617
-0.313507851287447
-0.324049828136873
-0.276195165986331
-0.044277970863171
0.353031439851560
-0.428342226184500
-0.152743068390645
0.128741461168734
-0.013697598766067
-0.191974186495538
0.200327120461836
-0.567267466433852
-0.235222329184411
-0.410454083749499
0.066609077458788
0.420540892470681
0.125295004772878
-0.067149798030077
-0.022682304532608
0.680684576158910
0.556640249650436
-0.206125324734140
-0.190841374998336
0.311145305394217
-0.231460781150300
0.380373047576082
-0.055076694639982
-0.178868350371256
-0.346517982515774
-0.305695499802019
0.462038240830005
-0.283093582340403
-0.123202874262270
0.284555281332171
-0.243320229922535
0.122086619456724
-0.201998712358096
0.279090691703053
0.250905571676519
0.273372814457283
-0.744750545098467
0.313258816755464
-0.184254774130150
-0.055602705574636
-0.303503413884189
-0.095823225088391
0.496617907935882
-0.174848518467858
-0.149319369156397
0.248080685109618
-0.452100544569453
0.121316548777784
-0.115382656197897
-0.173604395207936
-0.454243000867031
0.156161936562576
-0.237902812322682
0.107692579341234
-0.069831146908918
0.240470117380558
-0.400259898723918
0.192775459798430
0.594466304851843
-0.011677674551746
-0.383792546545090
-0.537611433217322
-0.118155133896274
-0.181266639521759
-0.287688632650064
-0.221381350383283
0.199423148293683
0.181381343426356
0.218748702979064
0.131943898004578
-0.326131552809652
0.132714498377748
0.264465429014135
-0.232308898715190
0.616120602402707
0.398122647242635
-0.370432585769136
0.222831918213401
-0.048449142270306
0.336423344989133
-0.121059316076122
0.106916232573053
-0.194411215948120
0.254891542161399
0.022528526777997
0.150752774460730
-0.324110743748705
-0.344362096200998
0.277633012800096
0.512306718285472
