0.408248290463863
0.408248290463863
0.408248290463863
0.408248290463863
0.408248290463863
0.408248290463863
0.408248290463863
0.399891423974499
0.141786775743018
-0.356950511313889
-0.102328467795061
0.375162955602372
0.408248290463863
0.375162955602372
-0.309761706464902
0.215948652932892
-0.356950511313889
0.281269566898804
0.408248290463863
0.335075271748108
-0.356950511313889
-0.020677436591820
0.281269566898804
0.141786775743018
0.408248290463863
0.281269566898804
0.061820131294986
-0.179790159503688
0.215948652932892
-0.020677436591820
0.408248290463863
0.215948652932892
0.399891423974499
0.335075271748108
-0.389525720289781
-0.179790159503688
0.408248290463863
0.141786775743018
0.215948652932892
-0.406153700509681
-0.020677436591820
-0.309761706464902
0.408248290463863
0.061820131294986
-0.249891220957787
0.375162955602372
0.399891423974499
-0.389525720289781
0.408248290463863
-0.020677436591820
-0.389525720289781
-0.249891220957787
-0.179790159503688
-0.406153700509681
0.408248290463863
-0.102328467795061
-0.020677436591820
0.061820131294986
-0.309761706464902
-0.356950511313889
0.408248290463863
-0.179790159503688
0.375162955602372
0.141786775743018
0.335075271748108
-0.249891220957787
0.408248290463863
-0.249891220957787
0.281269566898804
-0.309761706464902
0.141786775743018
-0.102328467795061
0.408248290463863
-0.309761706464902
-0.179790159503688
0.399891423974499
-0.406153700509681
0.061820131294986
0.408248290463863
-0.356950511313889
-0.406153700509681
-0.389525720289781
0.061820131294986
0.215948652932892
0.408248290463863
-0.389525720289781
-0.102328467795061
0.281269566898804
0.375162955602372
0.335075271748108
0.408248290463863
-0.406153700509681
0.335075271748108
-0.102328467795061
-0.249891220957787
0.399891423974499
0.408248290463863
-0.406153700509681
0.335075271748108
-0.102328467795061
-0.249891220957787
0.399891423974499
0.408248290463863
-0.389525720289781
-0.102328467795061
0.281269566898804
0.375162955602372
0.335075271748108
0.408248290463863
-0.356950511313889
-0.406153700509681
-0.389525720289781
0.061820131294986
0.215948652932892
0.408248290463863
-0.309761706464902
-0.179790159503688
0.399891423974499
-0.406153700509681
0.061820131294986
0.408248290463863
-0.249891220957787
0.281269566898804
-0.309761706464902
0.141786775743018
-0.102328467795061
0.408248290463863
-0.179790159503688
0.375162955602372
0.141786775743018
0.335075271748108
-0.249891220957787
0.408248290463863
-0.102328467795061
-0.020677436591820
0.061820131294986
-0.309761706464902
-0.356950511313889
0.408248290463863
-0.020677436591820
-0.389525720289781
-0.249891220957787
-0.179790159503688
-0.406153700509681
0.408248290463863
0.061820131294986
-0.249891220957787
0.375162955602372
0.399891423974499
-0.389525720289781
0.408248290463863
0.141786775743018
0.215948652932892
-0.406153700509681
-0.020677436591820
-0.309761706464902
0.408248290463863
0.215948652932892
0.399891423974499
0.335075271748108
-0.389525720289781
-0.179790159503688
0.408248290463863
0.281269566898804
0.061820131294986
-0.179790159503688
0.215948652932892
-0.020677436591820
0.408248290463863
0.335075271748108
-0.356950511313889
-0.020677436591820
0.281269566898804
0.141786775743018
0.408248290463863
0.375162955602372
-0.309761706464902
0.215948652932892
-0.356950511313889
0.281269566898804
0.408248290463863
0.399891423974499
0.141786775743018
-0.356950511313889
-0.102328467795061
0.375162955602372
0.000000000000000
0.000000000000000
0.000000000000000
0.000000000000000
0.000000000000000
0.000000000000000
0.000000000000000
-0.082179776699101
-0.382835704827888
0.198123696562072
0.395215828814310
0.160995103684427
0.000000000000000
-0.160995103684427
-0.265921702526549
-0.346457567334207
-0.198123696562072
0.295895416326827
0.000000000000000
-0.233219272208791
0.198123696562072
0.407724306710623
-0.295895416326827
0.382835704827888
0.000000000000000
-0.295895416326827
0.403540503584631
-0.366527168450451
0.346457567334207
0.407724306710623
0.000000000000000
-0.346457567334207
0.082179776699101
0.233219272208791
0.122214483181797
0.366527168450451
0.000000000000000
-0.382835704827888
-0.346457567334207
-0.041301794500467
-0.407724306710623
0.265921702526549
0.000000000000000
-0.403540503584631
-0.322832842745117
-0.160995103684427
0.082179776699101
0.122214483181797
0.000000000000000
-0.407724306710623
0.122214483181797
0.322832842745117
0.366527168450451
-0.041301794500467
0.000000000000000
-0.395215828814310
0.407724306710623
-0.403540503584631
-0.265921702526549
-0.198123696562072
0.000000000000000
-0.366527168450451
0.160995103684427
0.382835704827888
-0.233219272208791
-0.322832842745117
0.000000000000000
-0.322832842745117
-0.295895416326827
-0.265921702526549
0.382835704827888
-0.395215828814310
0.000000000000000
-0.265921702526549
-0.366527168450451
0.082179776699101
0.041301794500467
-0.403540503584631
0.000000000000000
-0.198123696562072
0.041301794500467
0.122214483181797
-0.403540503584631
-0.346457567334207
0.000000000000000
-0.122214483181797
0.395215828814310
-0.295895416326827
0.160995103684427
-0.233219272208791
0.000000000000000
-0.041301794500467
0.233219272208791
0.395215828814310
0.322832842745117
-0.082179776699101
0.000000000000000
0.041301794500467
-0.233219272208791
-0.395215828814310
-0.322832842745117
0.082179776699101
0.000000000000000
0.122214483181797
-0.395215828814310
0.295895416326827
-0.160995103684427
0.233219272208791
0.000000000000000
0.198123696562072
-0.041301794500467
-0.122214483181797
0.403540503584631
0.346457567334207
0.000000000000000
0.265921702526549
0.366527168450451
-0.082179776699101
-0.041301794500467
0.403540503584631
0.000000000000000
0.322832842745117
0.295895416326827
0.265921702526549
-0.382835704827888
0.395215828814310
0.000000000000000
0.366527168450451
-0.160995103684427
-0.382835704827888
0.233219272208791
0.322832842745117
0.000000000000000
0.395215828814310
-0.407724306710623
0.403540503584631
0.265921702526549
0.198123696562072
0.000000000000000
0.407724306710623
-0.122214483181797
-0.322832842745117
-0.366527168450451
0.041301794500467
0.000000000000000
0.403540503584631
0.322832842745117
0.160995103684427
-0.082179776699101
-0.122214483181797
0.000000000000000
0.382835704827888
0.346457567334207
0.041301794500467
0.407724306710623
-0.265921702526549
0.000000000000000
0.346457567334207
-0.082179776699101
-0.233219272208791
-0.122214483181797
-0.366527168450451
0.000000000000000
0.295895416326827
-0.403540503584631
0.366527168450451
-0.346457567334207
-0.407724306710623
0.000000000000000
0.233219272208791
-0.198123696562072
-0.407724306710623
0.295895416326827
-0.382835704827888
0.000000000000000
0.160995103684427
0.265921702526549
0.346457567334207
0.198123696562072
-0.295895416326827
0.000000000000000
0.082179776699101
0.382835704827888
-0.198123696562072
-0.395215828814310
-0.160995103684427
