0.524446890028500
0.025929045256772
-0.128061676235584
-0.360182861356377
0.089767105929255
0.180587501719759
0.180587501719759
0.524446890028500
0.025929045256772
-0.128061676235584
-0.360182861356377
0.089767105929255
0.089767105929255
0.180587501719759
0.524446890028500
0.025929045256772
-0.128061676235584
-0.360182861356377
-0.360182861356377
0.089767105929255
0.180587501719759
0.524446890028500
0.025929045256772
-0.128061676235584
-0.128061676235584
-0.360182861356377
0.089767105929255
0.180587501719759
0.524446890028500
0.025929045256772
0.025929045256772
-0.128061676235584
-0.360182861356377
0.089767105929255
0.180587501719759
0.524446890028500
0.524446890028500
0.548329002890031
0.156934792238053
0.360182861356377
-0.047191780542156
-0.063620449331368
0.180587501719759
0.262223445014250
0.522399957633260
0.128061676235584
-0.110029369243142
0.042575325387099
0.089767105929255
0.244207951051127
-0.262223445014250
-0.025929045256772
-0.028873116002469
-0.470212230599519
-0.360182861356377
0.047191780542156
0.063620449331368
-0.524446890028500
-0.548329002890032
-0.156934792238053
-0.128061676235584
0.110029369243142
-0.042575325387099
-0.180587501719759
-0.262223445014250
-0.522399957633260
0.025929045256772
0.028873116002469
0.470212230599519
-0.089767105929255
-0.244207951051127
0.262223445014250
0.524446890028500
0.522399957633260
-0.028873116002469
-0.360182861356377
-0.042575325387099
-0.244207951051127
0.180587501719759
-0.262223445014250
-0.548329002890031
-0.128061676235584
0.470212230599519
-0.047191780542156
0.089767105929255
0.063620449331368
-0.262223445014250
0.025929045256772
0.156934792238053
-0.110029369243142
-0.360182861356377
-0.042575325387099
-0.244207951051127
0.524446890028500
0.522399957633260
-0.028873116002469
-0.128061676235584
0.470212230599519
-0.047191780542156
0.180587501719759
-0.262223445014250
-0.548329002890032
0.025929045256772
0.156934792238053
-0.110029369243142
0.089767105929255
0.063620449331368
-0.262223445014250
0.524446890028500
-0.025929045256772
-0.128061676235584
0.360182861356377
0.089767105929255
-0.180587501719759
0.180587501719759
-0.524446890028500
0.025929045256771
0.128061676235584
-0.360182861356378
-0.089767105929255
0.089767105929255
-0.180587501719759
0.524446890028500
-0.025929045256772
-0.128061676235584
0.360182861356377
-0.360182861356377
-0.089767105929255
0.180587501719759
-0.524446890028500
0.025929045256771
0.128061676235584
-0.128061676235584
0.360182861356377
0.089767105929255
-0.180587501719759
0.524446890028500
-0.025929045256772
0.025929045256772
0.128061676235584
-0.360182861356377
-0.089767105929255
0.180587501719759
-0.524446890028500
0.524446890028500
-0.548329002890031
0.156934792238053
-0.360182861356377
-0.047191780542156
0.063620449331368
0.180587501719759
-0.262223445014250
0.522399957633260
-0.128061676235584
-0.110029369243141
-0.042575325387099
0.089767105929255
-0.244207951051127
-0.262223445014250
0.025929045256772
-0.028873116002469
0.470212230599519
-0.360182861356377
-0.047191780542156
0.063620449331368
0.524446890028500
-0.548329002890031
0.156934792238053
-0.128061676235584
-0.110029369243142
-0.042575325387099
0.180587501719759
-0.262223445014251
0.522399957633260
0.025929045256772
-0.028873116002469
0.470212230599519
0.089767105929255
-0.244207951051127
-0.262223445014250
0.524446890028500
-0.522399957633260
-0.028873116002469
0.360182861356377
-0.042575325387099
0.244207951051127
0.180587501719759
0.262223445014250
-0.548329002890031
0.128061676235584
0.470212230599519
0.047191780542156
0.089767105929255
-0.063620449331368
-0.262223445014251
-0.025929045256771
0.156934792238053
0.110029369243142
-0.360182861356377
0.042575325387099
-0.244207951051127
-0.524446890028500
0.522399957633261
0.028873116002469
-0.128061676235584
-0.470212230599519
-0.047191780542156
-0.180587501719759
-0.262223445014249
0.548329002890032
0.025929045256772
-0.156934792238053
-0.110029369243142
-0.089767105929255
0.063620449331369
0.262223445014250
0.000000000000000
-0.618185653587250
-0.107276245840226
-0.335002643864180
-0.002665311626474
-0.177724809825045
-0.177724809825045
0.000000000000000
-0.618185653587250
-0.107276245840226
-0.335002643864180
-0.002665311626474
-0.002665311626474
-0.177724809825045
0.000000000000000
-0.618185653587250
-0.107276245840226
-0.335002643864180
-0.335002643864180
-0.002665311626474
-0.177724809825045
0.000000000000000
-0.618185653587250
-0.107276245840226
-0.107276245840226
-0.335002643864180
-0.002665311626474
-0.177724809825045
0.000000000000000
-0.618185653587250
-0.618185653587250
-0.107276245840226
-0.335002643864180
-0.002665311626474
-0.177724809825045
0.000000000000000
0.000000000000000
-0.286637614905384
-0.057266541951120
0.335002643864180
-0.076407938345707
-0.245255769007800
-0.177724809825045
0.454184329700425
0.331548038681866
0.107276245840226
0.479428829874481
-0.079073249972180
-0.002665311626474
0.067530959182755
0.454184329700425
0.618185653587250
0.164542787791347
0.144426186010301
-0.335002643864180
0.076407938345707
0.245255769007800
0.000000000000000
0.286637614905385
0.057266541951120
-0.107276245840226
-0.479428829874481
0.079073249972180
0.177724809825045
-0.454184329700425
-0.331548038681866
-0.618185653587250
-0.164542787791347
-0.144426186010301
0.002665311626474
-0.067530959182755
-0.454184329700425
0.000000000000000
0.331548038681866
0.164542787791347
-0.335002643864180
0.079073249972180
-0.067530959182755
-0.177724809825045
0.454184329700425
0.286637614905385
-0.107276245840226
-0.144426186010302
-0.076407938345707
-0.002665311626474
0.245255769007800
-0.454184329700425
-0.618185653587250
-0.057266541951120
0.479428829874481
-0.335002643864180
0.079073249972180
-0.067530959182755
-0.000000000000000
0.331548038681866
0.164542787791347
-0.107276245840226
-0.144426186010301
-0.076407938345706
-0.177724809825045
0.454184329700425
0.286637614905384
-0.618185653587250
-0.057266541951120
0.479428829874481
-0.002665311626474
0.245255769007800
-0.454184329700425
0.000000000000000
0.618185653587250
-0.107276245840226
0.335002643864180
-0.002665311626474
0.177724809825045
-0.177724809825045
0.000000000000000
-0.618185653587250
0.107276245840226
-0.335002643864179
0.002665311626474
-0.002665311626474
0.177724809825045
-0.000000000000000
0.618185653587250
-0.107276245840226
0.335002643864180
-0.335002643864180
0.002665311626474
-0.177724809825045
0.000000000000000
-0.618185653587251
0.107276245840227
-0.107276245840226
0.335002643864180
-0.002665311626474
0.177724809825045
-0.000000000000001
0.618185653587250
-0.618185653587250
0.107276245840226
-0.335002643864179
0.002665311626474
-0.177724809825046
-0.000000000000000
0.000000000000000
0.286637614905385
-0.057266541951120
-0.335002643864179
-0.076407938345706
0.245255769007800
-0.177724809825045
-0.454184329700425
0.331548038681865
-0.107276245840226
0.479428829874481
0.079073249972180
-0.002665311626474
-0.067530959182755
0.454184329700425
-0.618185653587250
0.164542787791347
-0.144426186010301
-0.335002643864180
-0.076407938345707
0.245255769007800
-0.000000000000000
0.286637614905385
-0.057266541951120
-0.107276245840226
0.479428829874481
0.079073249972180
-0.177724809825045
-0.454184329700425
0.331548038681866
-0.618185653587250
0.164542787791347
-0.144426186010301
-0.002665311626474
-0.067530959182754
0.454184329700425
0.000000000000000
-0.331548038681866
0.164542787791347
0.335002643864179
0.079073249972180
0.067530959182755
-0.177724809825045
-0.454184329700425
0.286637614905385
0.107276245840226
-0.144426186010302
0.076407938345707
-0.002665311626474
-0.245255769007800
-0.454184329700425
0.618185653587250
-0.057266541951121
-0.479428829874481
-0.335002643864180
-0.079073249972180
-0.067530959182754
0.000000000000000
0.331548038681865
-0.164542787791347
-0.107276245840226
0.144426186010301
-0.076407938345706
0.177724809825045
0.454184329700426
-0.286637614905384
-0.618185653587250
0.057266541951120
0.479428829874481
0.002665311626474
0.245255769007800
0.454184329700425
