0.011677929311536316
-0.013834244121916667
0.44814593710897654
-0.10964942791985739
-0.05906909633307265
-0.15424262235708291
0.34399586460671605
0.02293641294528987
0.508454690172935
0.004100129710558293
0.5593789842514152
-0.08598569031931841
0.2681238000895495
-0.546881326088786
-0.0482632752970402
-0.11307360766682059
0.3230401524750269
-0.2916239075262156
0.5778039141826471
0.05535297160563869
-0.08171538208008056
-0.0013601761840085595
0.33975737125078
0.18619317334407368
-0.024335265045000984
0.24372829175099525
0.3765774070178529
-0.6358456940895809
0.19429171887728733
-0.36153192247838584
0.07942504781316641
0.023721915675402928
-0.258666561188878
0.16359160584086546
0.25820254783481417
-0.4577402683478102
-0.019860518262713036
0.16176274539027186
0.3126955261676608
0.7288269189091741
-0.4977584074892782
-0.09027957608159275
-0.025221908040907216
-0.10421059169740543
0.023172110523501786
-0.2908401902214329
0.01529045566878467
-0.7173642768758639
0.5503765437683691
-0.20091938973670503
-0.1825870551088841
0.04123286240639567
-0.1023274247405555
0.1462558278332262
0.10127676103319308
-0.00925547005292614
0.07462777217858971
0.3808979424290341
0.1556678120423818
-0.29209324143027043
-0.023886326706468092
-0.09698268522706985
-0.6716299691483028
-0.20865222379138518
0.16090247979185388
-0.2956721869537209
0.018836095156574046
-0.1854224945321558
-0.5495151499413785
-0.14104677052180717
-0.22118631735253563
0.3540046618173528
0.3172220962490359
0.3532964732355372
0.31758414036397126
0.45695771473915625
0.3972316129334299
-0.008788235614572646
-0.06447019019073981
-0.27086701286742615
0.13021533769538957
-0.5628523773940912
-0.32025853401574406
-0.045101734782084124
0.4938916348469441
-0.17031782847689095
0.2680341503591928
0.059759452610144925
-0.6130743954346252
0.0017838783238761096
0.31095320714200614
0.623253594631478
-0.18269761789328615
0.34833823463419505
-0.20462890706357886
0.09428539350001536
-0.16310754725866547
-0.35328085672368836
0.1648065663257633
-0.22710985051861507
0.3905942130725895
0.15678332103386852
0.003282208770387506
0.3057185271524424
-0.18188926870569122
0.013610312688280949
-0.6877967923676992
-0.21684578951987796
-0.21171049776649
0.27609586494416233
-0.0390118150687421
0.15235185923181954
0.3985007600871076
0.3046746496918834
0.4320858667760741
0.150974391778669
0.24570951781000083
0.15724963773113507
0.1519411385216776
0.24565122058185562
0.14790450785654663
-0.6735328364806681
-0.20064405579390504
-0.1687422392987755
-0.0646438046277565
0.4372555832681614
-0.0053583944266475305
-0.1449600842132022
0.4484576547276731
0.0835442602414769
-0.30893281495888025
-0.24054238685421686
-0.017589718916914267
0.17787681858949414
-0.19176931167685002
0.1028342503601429
0.0587449489192449
-0.44002836829205516
0.6552915208394764
0.2441992312151461
-0.07898045975439016
0.2859983409382181
-0.09022736628546793
-0.4315595431498881
0.30818388133594443
0.4583724494207637
-0.21664119771519783
-0.4943241512168945
0.17577967909460077
-0.29248316192077733
0.1747319674387516
0.11200394472483033
0.20714497262997483
0.3263353597030566
-0.39526516168226516
0.5786538895046961
-0.10201243991552501
0.5094564290486192
-0.1400392965682617
0.08684700400240213
-0.14819680424302747
0.08706203693569567
-0.07116573012282407
0.19633213911742833
0.2874722286900809
0.14980386520841973
-0.26425300230967885
-0.130769178971238
0.08433646000135078
0.13613114461468193
-0.1937658008162058
0.3362132730732358
0.5950159684295664
-0.27231710385026847
-0.49590307728539595
0.2782755827295375
-0.26214243080110244
0.4420737936424138
0.04763106817000301
-0.13025207163180444
0.3212043429003769
0.35891119128337023
-0.04887490383418785
-0.18670066773525903
0.20028030667089936
0.5303993922369267
-0.07793353712707268
-0.15370509958290499
-0.45960570304917087
-0.33149991163390335
-0.2012382485661972
-0.027949409789434138
0.18014580333575975
-0.39014857772598116
-0.47150783548446684
0.34714327831967556
0.24649797871632437
-0.12700793020387072
0.24818967663136526
0.01600142291135315
-0.07484844589555209
-0.5318266574824666
-0.16112900084929863
-0.019117759092117433
0.17302024489332152
0.6235459011272158
-0.1715731993802771
0.1844726616205535
-0.24270909646168268
0.1485606373617888
-0.3310666664618469
0.4751334039478098
0.28406086375481887
0.05796986654192982
0.31760189794488
0.15499935812814541
0.0007467738756907976
-0.27702806553048565
-0.11287698812257418
0.3832939997103883
0.49668010497821113
0.3769703549451203
-0.1266103222335955
0.27570826996052866
-0.18905583803334683
0.24234664728732314
0.028460033916479166
-0.15040948038009289
-0.25796737049980256
-0.35584655265598436
0.5915693606248614
-0.1309146745883482
-0.33101707572407224
-0.2994917675322858
0.22406233071101941
-0.17487480193622287
-0.13313708717294004
0.1597797868160967
-0.2771574141048645
-0.3185011385619726
-0.5281078460483968
-0.29297753056363374
-0.010130129052208685
0.2368699987250037
0.04619700731292341
-0.037922357356377584
0.45820111887701037
-0.2143993342511797
-0.024000045682012094
0.30292159815596953
0.02616657953722524
0.3966849327217247
-0.202089512036075
0.07075943926098612
0.2208725868503354
-0.08212186803530483
0.3214490760699125
-0.14399355212750709
0.44629804780638305
-0.16308973969210613
0.24659014346297395
-0.5094842857948606
0.23261758908509592
-0.15162958285505718
-0.1624031565009474
0.05609138046674961
-0.05909901055510673
-0.16558917895075878
-0.11206423158742512
0.12476169557559742
0.34211190874802977
-0.03935511504127235
0.021049408745864376
0.16589177925980716
-0.21475039011556088
-0.4425646483058233
0.13313614270766547
0.0770247598291448
0.09742997030590878
-0.11226526630286542
0.7126385416423767
0.1902876295106658
0.5787993020427581
0.16457013952694724
-0.37144306927961224
-0.25774189089885596
-0.2940675333783886
0.2765598751266715
-0.41273964748783787
0.13030186908694785
0.1192506508384283
-0.10480751513633997
0.11003731087917815
-0.3967914434993706
0.3014553890133713
-0.2752897478833296
0.18245035057822334
0.16899066260432888
0.2541679578110335
-0.4195864617362375
0.12114845456611158
-0.1781149540642935
-0.03099392578507955
-0.32733068908218144
0.28857607264258683
0.2631111531728437
0.38373319979412246
-0.3042326145162512
0.4338899031682843
0.19736012207474007
0.08383348046248137
0.10033921095291347
-0.3930887266173658
-0.2085054553086763
-0.14063759118688568
0.15515072262591367
0.17606418825000353
0.054253541628349534
-0.08105723159300189
-0.4253372956345199
-0.18833860051915063
0.1290677468784098
-0.16717260210912074
0.20450845690259745
-0.15863133567731177
0.08497015721056297
-0.5743338804527832
0.29945135374982024
0.04027321622734999
-0.37305139998927245
-0.09134354945199856
-0.25598478065534297
0.23152989533906138
0.009241216167344501
0.04009580226978755
-0.47328524246007286
-0.09654282894254015
0.32963072954343403
0.1756997635751068
0.577770554518634
0.17931613508102723
0.29625461556893096
0.19684849615751798
0.5196206844135214
0.46000615616259927
-0.1237027167132789
-0.1693794817688942
0.24005180382144004
-0.060890595554524585
-0.14502114164705687
-0.2475251626073436
0.16431375041400564
0.11704687322472468
0.36560640903969494
0.5774640500982116
0.22552059740252073
0.3414813840823035
-0.27058347656068604
-0.012666003264143931
-0.20797638315262632
-0.029634950803087513
0.6295972623379014
0.024910598550995297
-0.3869140016934026
0.34258077333597714
0.24221610471836214
-0.2931990878598014
-0.04711074877777697
0.051313322579968554
-0.34208304237387577
0.0011112201167275844
-0.14388172121748022
-0.21250382081396374
-0.181911568554442
-0.044094228655838265
0.014152449268531115
-0.40385200885324285
-0.20902629445322105
0.1016478723909213
-0.07239377812653092
0.39824636379538636
0.29127833118962193
0.17190360440490945
-0.16696690266861633
-0.6064223260761218
0.22173351331798125
0.3062918100040061
0.10238515564224161
-0.29916300657755
0.25028468847474505
0.134073673282616
0.3760840479784998
-0.5810941197321313
-0.1700561807544621
-0.19903142197664087
-0.44582448762069826
-0.07823218681282292
-0.16364355193303645
0.2049631713544023
0.061502483562668776
-0.3829006203149001
0.41263262766274095
0.1062331728041546
-0.2231958114286426
-0.09952019063888742
-0.0646801776432428
0.18033858135642508
0.5343678220388791
-0.04875402786917113
0.052367666011784296
-0.149716567391346
0.4319665387010844
0.1464403826364234
-0.41683889014566655
0.5532413598497166
0.4105072285118628
-0.1229789619663457
-0.30689350343825716
-0.0736105494469107
-0.13629146280394114
-0.20195453788775425
-0.061240782540087385
-0.18675146644361162
-0.39274586358108515
0.1426174389183507
0.3763110257554572
0.33765336752504294
-0.05830089902088526
-0.5623212838733462
0.3617110435816065
-0.23487262581229362
-0.061334041605057135
-0.3046528414853209
0.21418158664420425
-0.029159531656901484
-0.07929294625889415
0.5192223100450799
-0.14626157113554183
0.18966011676856143
-0.057006953434136004
-0.559480419985203
0.022771744734869665
0.30957999034713957
-0.08425466579084809
0.0436868956343266
-0.37190658264733817
-0.0698200859772396
0.22084292172320727
0.39750872221688077
-0.15139001816762193
0.3957899486227092
-0.5668284314225158
0.395587675421627
0.3911803467117864
0.002103329286148227
-0.05086779749351509
