0.33084711892139146
0.11295783979895947
0.08065157252075329
0.4500729888820609
0.5830964516608125
0.37707725688654553
0.2768014124930274
0.49826880308969035
0.023682034171886763
0.043500821228344914
0.39168205797547745
-0.573539815114197
-0.5191715184255858
0.051944195716860785
0.17211122294246864
-0.3722127290399447
0.01556172682588979
-0.42223189848673087
-0.09203384631855017
-0.467055213266605
0.3648240894955388
-0.3611849223912342
-0.09359610060295202
0.04066733533341762
-0.5302898870749096
-0.28346045880550846
-0.44478492025881733
0.14913509347023318
-0.03952680021995535
-0.18352334373390275
0.01981200601998138
0.22789804812244016
0.517166643327418
0.06314924762545851
-0.3399864283209072
0.4139527781284663
0.34457348399846854
-0.05578925711561204
0.1416261913211001
-0.7327600748079355
-0.03897651937112165
-0.18435473808261965
-0.209285169002628
0.2004342306337432
-0.4653745867689712
-0.33857620327044874
0.25406671898859323
0.005791164247869743
-0.22857912836769442
-0.045796537682120796
0.16601119548619814
0.010909943799367208
0.0992418899261856
0.23816359421207386
-0.2637246321935933
0.43678684331364726
0.6642261334588453
0.21932464521496373
0.25666256533504833
-0.168068130320853
0.3403324884774559
-0.21579787942876952
-0.11348909507566614
-0.22860677703409332
0.14399453737057288
-0.3093350734146899
0.38611257252516473
-0.22853184203043866
-0.14364509157116284
-0.22623485886213
-0.5077354336928065
0.05874401200137652
0.030002632725400182
0.18654532637146276
-0.09607424766796098
0.10074085857288101
-0.2768850363434662
0.387710365808951
-0.3496377163307475
0.4837617569655227
-0.3669279132700666
-0.008706762836557613
-0.20868227764133981
0.09707946689447777
-0.10512093833265564
-0.28218136027656976
0.20687196426404
0.21792261995459342
0.4137114375799278
-0.12796775193775942
0.14387388941040422
-0.2646525343934625
-0.13815457518662572
-0.13693973891472286
-0.453535882039263
0.5116501903883993
-0.21128541026761077
-0.2951316670469653
0.2835510568191479
0.3101967378997506
0.06798597142797798
-0.10547813337358893
-0.11491498404736557
-0.2491515443199277
0.3248290971656957
0.33036575974126564
0.22822091660626703
-0.19744443832634448
-0.11406905745953742
-0.2740817713517996
-0.034911630872337646
0.26927370337671147
-0.3074261371113965
0.31650930901139923
0.6183532141324308
-0.34297016987518236
-0.05886327956649683
0.22233797782613504
-0.4610298158835598
-0.11301020210463314
0.13752862135348673
0.0997644956493464
-0.4087194519992956
-0.27699900105700526
-0.009692444511235122
0.06904694434450423
-0.2992109365142808
-0.04224334145259796
0.6090335629076008
-0.29651004667370784
0.04677844895400001
0.4104551730683202
-0.19330033327041807
0.04697504199312387
0.3217116747517584
0.02499240147577848
0.24770501560535654
-0.2506482399949989
0.024968603857360265
0.39988747523589874
0.3790780628156729
0.39609356100336535
0.006706208456793061
-0.27331456200556686
-0.2085514918139221
0.08498705067093382
-0.15477754251769937
0.43772268576633505
-0.032975859348348104
0.2581505135977129
0.4464062108742254
0.01119774002929723
-0.0036261506052539883
0.5025342117055209
0.11187918834892313
0.011566195660595262
-0.5412230476657003
-0.17865121366352696
-0.15165890252002884
-0.14124495585481575
-0.520188579848447
0.203808302396393
-0.07384317816111843
0.7003012757783589
-0.15537755614092383
0.3419709172075622
0.21828764786525465
0.22319002038316113
-0.3663272306249958
-0.09790781922879904
-0.017149759324380207
0.36446711584014957
-0.6277272586699032
-0.24945940956482993
0.3739966352599932
-0.08964144974211131
-0.03760476725692993
0.061746089750910296
-0.22952359880566833
0.04959056351049577
-0.14668614686948733
-0.23748702374790925
-0.1923716855621634
0.31491065341126884
-0.101750541538
-0.005389352728583567
-0.07999934607953382
-0.034160132339817774
0.6308380955705313
-0.0349858311714577
-0.10078079591097949
0.13611306914117544
-0.5653385105834898
-0.42981259227024154
0.08832355724548265
-0.04672330007751225
0.2589594518856967
0.22242140515505637
-0.1940432229425425
-0.5699248969321404
-0.12886448826487715
-0.43011585298970006
0.41889014701899213
0.2739663160646471
0.4437979321776444
-0.07184071812740866
0.34503773732952336
0.07679020482784008
-0.31351850243671364
-0.5401801658751869
0.09816522358852894
-0.24676935205929598
0.20039569385421235
-0.08572000821334773
0.23777411264802562
-0.6890840819349581
0.2638079880469163
0.0022746135237863415
-0.1936307530779028
0.41978214187935714
-0.5849928349015875
0.27564133070717556
-0.42320707654635314
0.06589065109488301
-0.2689165923265265
0.0603134976597348
0.1272565759672114
0.12531390455700187
-0.6382965974462177
-0.47085187080011875
-0.13596660642348385
0.1936949791942016
-0.02759903543289308
-0.0883389345839545
0.43832976954207686
-0.33185963395119844
0.11831972537763409
-0.14477718355601302
0.10671760536974341
0.48840732626940053
-0.15965606723916928
0.2994613622769348
0.10309201395573422
-0.1782092768317465
0.1339050243337007
0.10505892024176422
-0.15002870407510938
0.17440397274188482
0.22893682877565694
-0.2558322237791111
-0.13941926973790628
0.008244685303973431
0.32375261628476937
0.1998353551732696
-0.356825280975514
-0.17186698843806697
0.10310543565411767
0.26236044552382787
0.2401776855745105
-0.21771453015041486
-0.2913084536589246
-0.3201336595675427
0.16359476741408832
-0.4245345826537755
-0.0748394614959505
0.2654636453766102
-0.19190510693309876
0.13612999814839014
0.11544453749204121
0.4882278537953908
-0.5768015436894126
-0.08246165840366511
-0.1693835054885863
0.11312221762156788
0.07178228556859907
-0.05597387952166845
0.053655259474041615
0.06518012879585272
0.20431923009807915
0.11505012845834307
0.40851140168938005
0.23804148353543086
0.002980501499024908
0.5541063456608769
-0.2075881315117484
-0.3354173555369962
0.2334225814542695
-0.05575471773599762
0.251981318288125
0.08455593173603289
-0.12204675680703182
-0.7504840227744188
-0.024427686975649548
0.4494908046341539
-0.09273345549575895
-0.2705239238586538
-0.057988552433664554
0.12218213358918023
-0.16219896287016067
-0.17280627868860027
-0.6908158083328476
0.1851115153174224
0.2967352591889742
0.10200571629829575
-0.21373329680522776
0.020247675529721672
-0.4163477558598641
-0.399761842924451
0.08348935301005642
0.22365597440948903
0.24857954473546862
0.11699907419373563
0.10741670103804878
-0.5769978189861202
-0.23746113891159298
0.18143425503593597
-0.2731605378587559
-0.4577656156455532
-0.1267625582891282
-0.0676621566421032
-0.549442725375966
-0.28976796340418776
-0.13893442700641243
0.17389923217108932
0.008615906731990742
-0.10752515349853467
-0.08693248821129804
0.2332164361646353
-0.13343023594597175
-0.7349268040271083
0.13351368675649392
-0.09577226131341182
0.37838070900822934
-0.21664488566089696
-0.422639794073195
-0.09060824503968372
0.34085568247721637
0.24404487949407963
-0.5577378220912339
0.4260921283019494
0.0524167623752915
0.06907120313189692
0.2718502816101032
-0.4169959506040629
0.04557844434501644
0.002918546543288712
0.595930726191684
-0.11826217684877392
-0.021290828705367613
0.1640658391917973
0.529989218874133
0.5383692420248759
-0.10521673407219818
0.1851481514510091
0.01390501665203169
0.31424718130572227
-0.028123598293874
0.32748443640449776
-0.11877461091993495
-0.02651159473419119
0.029357558412275202
-0.07365366730398842
-0.30898134941045396
0.1665335580889269
0.7577947149940286
-0.13692700031016675
-0.0835039216083867
0.43602678457784333
0.04941553142452349
-0.15039741993053002
-0.09572065611894165
-0.21879344184153937
0.23614353892070017
-0.05379314509534787
0.6760850160901946
-0.4425402055073729
0.12456344335094321
-0.07082854290940963
0.4347466950588157
0.2553806716003993
0.1360229603532031
0.26598801278906736
0.02206868452001266
0.3466519787041438
-0.1780630112819913
-0.3887152032667871
-0.22700988652552676
0.16275099809407567
0.4340561654112225
0.46558035641295226
-0.18503163656477856
-0.13410134073518037
-0.46153355831912035
0.1468434784607601
0.34814998138304803
-0.35691325930229084
-0.18923639180255097
0.14513328286002422
0.21047186768174028
-0.3300369656683344
0.32622556042104794
0.05963899472948489
0.13968772798204596
0.18607650963687353
-0.11485461345594819
0.22326621594376825
0.3444321358607758
-0.17252745343849332
-0.015460382498116218
0.31975129768608024
-0.2014305652795372
0.1484635566025837
0.04826053268753034
-0.3152646870218244
0.009835825886363302
0.20183036671205173
-0.5366549769868224
-0.28184788369263375
-0.3332926701698773
-0.521891640602404
-0.13254721754859855
0.731760332847282
0.27471974869320476
-0.252383127806227
-0.26934963033640447
-0.10375899242756503
0.0034559106285944113
0.0733887342617361
-0.12362439989467795
-0.07164900146802773
0.592893492292728
0.43270293258252324
-0.22661740531933883
0.0014292713441640373
-0.37947530251015843
-0.2194314687771395
-0.3506022439874019
0.05202891356103323
0.21028697728622364
0.12476997468795845
0.00030077199073325864
0.14705409825855023
0.16716114048595165
0.275761915397516
0.3607040340603972
-0.13958423548925633
-0.2784791735312051
-0.09739800340510736
0.21473546240199134
0.010323223538067708
0.07158606283899516
-0.23423078094798522
0.11168333539342915
0.33650386284480766
-0.07832456267857758
0.39844365203599563
0.1399770439506621
-0.1990532304610766
0.14086722804963794
-0.28110314530307073
0.3713918167784352
0.0498527744422481
0.36106960960383516
-0.1877014865694004
-0.01983739070637453
0.7224357721240612
0.08308307566689942
-0.11785437884131947
-0.022100751000585256
-0.4531907793061117
0.28451016162703563
0.09181013100101564
-0.10305951661254409
-0.020954962997985976
-0.38795930161062964
0.3663032422755581
-0.19411499539504445
0.10145513698367317
0.15762942229360907
-0.23523296220477832
