0.04835819994373589
0.15897500154478106
-0.22556215243498415
-0.34415020311942907
-0.18460725573843295
0.5050146543651318
-0.09017420607186509
0.0027446035487122392
-0.20988958130821886
-0.5406535928476581
-0.4058041933902818
-0.028312014174972283
0.09645560064544449
-0.3851365378381501
-0.22186976020346177
-0.26448881550568404
-0.31201750348901447
0.03998931672536072
-0.07142646052627699
0.0991750088090503
-0.44460644786895387
0.03616642907221389
0.39949660072934146
-0.09304010428156562
0.2815064802225219
-0.05914819590868272
-0.4948008760193423
-0.22628232834515466
-0.43307503205383696
0.20527947024251592
-0.025590665550282207
0.28538416716961695
0.0971675743625125
0.2466703434775
-0.4727206105964825
-0.06295772694960225
0.1389537601446134
0.24271538725816702
0.37242588986808906
0.46455247392465804
-0.14372167312379622
-0.18603471241516334
-0.4938532398896144
0.22819121429934874
0.3106729636748506
0.46962880909898835
-0.3537517865856579
-0.16535947094360529
-0.2019135746813174
-0.03746706285080158
0.027325762471923528
-0.5340227804428104
-0.033016210949806855
-0.10545258389487547
-0.13055025174066875
-0.5975951222817684
0.34297966095523197
-0.036319260926734966
0.043370417455211786
-0.20919031223802886
0.6027045858294567
0.23849746901757218
-0.17352581985178625
0.21810822355243692
-0.19056582183965462
0.2102087849165831
-0.1210807334853778
-0.10328867485388471
0.11253857849251309
-0.16594809295606588
0.09286966588381454
-0.25402086456478146
-0.08167488874577182
-0.4143864287203544
0.5067604405420101
-0.012189092184777144
-0.5045843249506379
-0.13261068503759213
0.3720746096137182
-0.003967706402367521
-0.4166873687975102
0.44156561555452256
-0.37507803771315446
-0.30353354334227245
-0.31687407838307485
-0.17428731862534916
0.25392904311294484
0.2983979134805252
-0.25972811204575735
0.2830017210424954
-0.3012980343294776
-0.27865297442796827
0.5426572054088845
0.3267226471091335
0.005121889686148661
0.11990673337373699
0.30966011514554886
0.39243864953384155
-0.21062137632961536
-0.43327244655050284
0.05556425021897418
-0.21438079697470563
0.19606883816181708
0.18960146387902257
0.31715551151697163
-0.5584620909366353
-0.05214703856611814
0.45257459908208414
-0.4928035040808605
-0.588548362959311
-0.04857366928842838
-0.15808711217360147
0.3007406055682218
0.07665561520992376
0.3226320629343405
-0.15125046765102024
0.34738317370767346
0.14619606435965554
0.2846888332327584
-0.2583455806249621
-0.3826390575015743
0.16192534716322896
-0.4870152066647752
-0.43206080179923273
0.21334184958815616
0.10482986078578123
0.7237461679622577
-0.23905488266168057
-0.23046961949193318
0.2425665361910383
-0.13071151209608967
-0.25375550351067305
-0.1576807631051557
-0.2755285238683899
-0.18537065340293962
-0.006313181606194328
0.5516971379530831
-0.4033684853691694
-0.05192675825605136
0.5045654244889942
0.4608648373672631
0.2725569921413729
0.05056134648444505
0.3939642341656769
-0.011420146049482396
0.015669936072183286
0.2597352743130987
-0.513273012217562
0.12948126373076863
-0.5585734673530991
0.2406654554349993
-0.2550197473883968
0.4978905890558985
0.017891395522606747
0.1841591000111109
0.3968710441017099
0.3532666840278901
0.12330924117781986
0.24012573364156706
0.3240309633386516
-0.0017870948918114902
0.1033749939916854
-0.36286374225912044
-0.22201309352349055
0.02033985825217297
0.2198092549148672
-0.15214780156410726
-0.08285707733664735
0.03785193170411391
-0.6341163788283674
0.136972179082406
0.15455593546539106
0.3846110551840043
0.3937550989260414
0.16294695859795033
0.3781107155097152
0.12148281396433816
-0.11970511977460814
0.2181234268320715
-0.1052980238525929
-0.12884030140951228
-0.6128638985565226
-0.08051468320116145
-0.03348322433809677
-0.5729498256572954
0.034379345671993695
0.3726921935891827
0.10491078738398187
-0.1443663513944226
-0.25373671115285007
0.5452503623965428
0.33598437201657
-0.02870182010950185
0.5055784384507548
-0.12937255710347234
-0.32816048106979406
-0.03872493365753842
-0.4246727132302705
0.1476134370602546
-0.018381011920340765
-0.5044951443326595
0.2912392049364218
0.09285744732738602
0.3927736583736708
0.05446454549080721
-0.10494398893889963
0.06893784721599844
-0.2910598003192564
0.13061559569128722
-0.18231656054126663
0.4059009965863758
0.22162030389094717
-0.21015287842944788
0.25162391363662817
0.0854232439943558
0.3801376182658693
0.30340808158155896
-0.14331957906753037
0.07234249795026626
0.20215020844608367
0.3036567478205595
-0.21055945094461753
0.2852344121547871
0.24097155547334384
0.6151629837512337
0.17024705909737767
-0.04106615982636895
-0.08422523907052991
-0.35271248444453573
-0.3050295818231124
0.19030943006755896
-0.14490574974490686
-0.3068012737186886
0.6691496790189578
-0.31331245570913835
0.26515212651447195
-0.2439138286381474
0.12931166509463804
-0.2477554195669915
0.5364608454841241
-0.173764282517379
0.0041993643236173245
-0.20147682580204063
-0.37398990202885
-0.49786280137097877
0.06456581885780434
-0.3101034985615234
0.08305084896138619
0.1465060406326374
-0.013593120013764923
0.5993307374631348
0.1733303130269287
-0.2500661369746714
0.02869450262981658
0.21768733101468932
-0.3052621518526956
-0.5309638424822546
0.06458109309931322
-0.14689117219614953
-0.4342064675780818
-0.11045200262170274
0.5436333422890024
0.009166780429986239
-0.3260343752113382
0.5168182425202544
-0.48804266036790855
-0.19538905608830498
0.1968778506027559
-0.14513579443267785
0.12056854906463231
-0.15524517419766468
0.20975951389650846
0.2210117298013647
-0.013439174756851132
0.06456186469253547
-0.5198415151841045
0.08256931764722968
-0.029347663174093
0.5820014290190589
-0.2996192335217047
-0.32639343909963386
0.2783446513358351
0.044190017212226956
0.40302769485323975
0.2688485549068352
0.13407979182988608
-0.13314603911851158
-0.48952766120191504
0.340827614985213
-0.23632456553793374
0.02558995931444342
0.2288077639207903
-0.09719666733862527
0.004118607348689955
0.05190476572381158
0.16032866868177212
-0.044794441529033606
-0.7223492060283038
0.3218806929704476
-0.062356218164259354
-0.12497947651896356
0.3270541681476652
-0.0666217477432247
-0.3739360858368436
-0.0732090218185588
0.4347763474650918
-0.13412810291053678
-0.472727912111689
0.017366280531074862
-0.40695335397777466
-0.11731655865239869
-0.023299026143806162
0.44750515689898046
-0.46078899204614737
0.22066516586813362
-0.5186541341975907
-0.24473462009683136
0.26671746977129424
0.15944843800846245
0.10617148915193465
-0.10056642316876267
0.30648503822971246
-0.26325170790101815
-0.287094256420426
0.2175304296826795
0.013333281700124731
0.32323056681654
-0.1583740598740979
0.2840683563116273
-0.04865801332401217
-0.14744917861221046
-0.2071296505370958
0.6128924936255109
0.06838420322950568
0.21486854494358104
-0.27752253422843065
-0.450006039041869
0.06157077088935267
-0.15809523858758256
0.41708398645134465
0.05642870496072805
0.08665953617072755
-0.36994190591112946
-0.25289625211433375
-0.21845449769478772
-0.011526753817419121
0.40701671421950353
-0.23374828976064776
0.04746749533009054
0.26752012811889797
0.3756654109763436
-0.03442105090826813
-0.062016378486163946
-0.29261265475114584
0.23183014838510357
-0.08171811374569049
-0.20276038478206618
-0.32494193561473367
-0.2373495819729369
-0.15370970113852744
-0.5936075628149873
0.007437956319062562
-0.2419900119342006
-0.14920087245580496
0.22219549588294818
-0.3171390107874191
-0.09038046814988891
-0.11143327832854086
-0.1411495827402713
-0.12768667581582527
-0.16303756047744622
-0.5134284746593814
-0.2504105887495892
-0.05495726414205008
-0.24663488763748406
0.25083780427596225
0.05989403733508144
0.18041810077858075
-0.010967737855496788
-0.03352502624018764
0.05606898038459435
-0.2632054673630277
0.5615390759661657
-0.09355001846953473
0.15617916512822883
-0.23409200240917252
-0.2580887554620289
-0.11402793643200677
0.14034405777524098
-0.3460776453235556
-0.16780517569137895
-0.294123172251965
-0.07382270033387132
0.07482815623322223
-0.45803947704297243
0.06653191311025206
0.03367441555487671
-0.16113831611310975
0.021304710699241045
-0.5660600023739517
-0.2236599078712538
-0.19851355615543725
-0.09199836232090178
0.23185898113200182
-0.6499282235742218
0.09541968211021436
-0.36605346910685205
-0.24273941823952647
-0.3708219698278758
-0.1246113040586963
-0.16924266519821132
-0.029691117472766076
-0.1915144548896348
-0.7218425622490284
-0.23738109928632586
0.15770572801530494
0.1332039375090556
-0.05406538017879752
0.38533724303390526
-0.021770726209844736
0.39584374501467484
-0.44416697120682763
0.18320163657695865
-0.1207666831133731
0.5835402812111062
0.009188176224146997
0.3410300864730573
0.06291351552142287
0.2515738716160008
-0.1804671990545461
0.23308414322191554
0.017180365978389227
0.34862230537870487
0.0663664885943537
-0.08458647053557229
0.03295683031594241
-0.32773842684706717
-0.33629052154853595
-0.3609528869599021
0.37886529755175796
0.1776321803587408
-0.2116371052503714
0.048358281490345226
0.29117979819929424
-0.16212241652916
-0.42736690313469405
-0.4490161622141492
0.14481243136189326
0.21007294475842983
-0.000435952152545118
-0.35261043638226436
0.1974270658810342
-0.23639698147986776
0.30242525428713407
0.452131376514337
0.5754767251103717
-0.19555632177978963
0.6150339719691069
0.08609490048955964
-0.11531618730813177
-0.2950790584061617
0.050570632708257714
0.7100946417532134
0.17806245607085838
0.3379270899400866
-0.19817850444715343
0.001349413667475002
-0.12389628911805466
0.04988118303401981
-0.5400172411251059
0.07856637442003492
0.13323800399690158
-0.3515353992074141
0.052680457091064045
0.00683780812820081
0.23689372443418782
-0.14829831001917568
-0.022188411297537812
0.07707256007530247
-0.3144151736130292
0.11668764423499282
-0.3894677685704848
-0.05930151877205776
-0.4402036416849332
0.1242399065277362
0.1676561540229965
0.4511902569258896
-0.0752542572046737
-0.49380807758064915
-0.02575359581470408
0.28653152565416
0.03801362656580403
