0.18893567674777187
0.05245364753929619
0.6775485627954303
0.16759948244002867
-0.13717880180200437
0.3271387403376674
-0.048798140741910474
0.6958539359408634
-0.5262847527157342
0.09437816401961603
-0.32617819913654417
0.05462921696998448
0.24153735759768957
-0.23352085402430045
0.11966285791326407
-0.2014953224563942
0.09129401859465129
-0.008065917235267901
-0.012109448281566603
0.5856945619019326
0.18745572313653067
-0.39914741922865815
-0.265235304977357
0.3118923434242736
0.11725242849063082
0.12803454582672946
-0.1069518727075645
0.10490293900535655
-0.14519548124523016
0.3735988017796202
-0.028893714476240347
-0.2779754912787042
-0.14202809587041643
-0.10322808268472869
0.4721663268565862
-0.1853474758295321
-0.15016186225660802
0.04528238129919045
0.11582626372950706
0.7728780641284508
0.050346074438004214
-0.13478898365482464
-0.24221889152457365
0.40864101290858046
-0.18374885215985742
-0.07814762276769137
-0.3467482923650986
-0.1865777307351226
-0.45206519778321236
-0.28482884541259285
0.20419089642007285
-0.3474051440724065
-0.1020398743999678
0.46420349135774935
0.2123537658458309
-0.10365065443257754
-0.36132272846742974
-0.13012446136462233
0.010365886754304391
0.06318612924689677
0.293598354176758
0.3556622896931803
0.03456344138546324
0.011299171255365408
0.16306305496184456
0.16544443261456696
0.13712951213700497
0.10498103469862571
-0.1452711874976226
-0.6619820072660213
-0.21565894931144308
-0.3374228866948792
-0.354007389146408
0.05601381858933848
0.32044694900647885
0.2288272771310461
-0.46062928164501354
0.16705500901363451
0.2869538968581493
-0.22589567196276775
0.2176332089138618
0.4483911538204707
0.11863082316749225
-0.26585348264405106
0.17945733446152307
-0.11757831509060503
0.31430549959331
-0.46401560794411045
0.3033112860033715
-0.5549716756657589
-0.24936322476562534
-0.28967249941823436
-0.5207608815984599
0.14824074936394568
0.07982098241117154
-0.11004102485807958
0.09622103258598093
0.13423862184609278
0.0940405002955376
-0.4619031605435957
-0.3764977414187775
-0.05036192036855409
-0.283228864472789
0.4625436751709143
0.27995938201069026
0.3118668367284784
-0.13221893349254993
0.09939045513706649
0.08565930467929088
-0.0522872012546358
-0.4783019529115196
0.30148626575108606
-0.06993829677772954
-0.12082728524285817
-0.11909374439030906
-0.010568192905258652
0.16163000661856344
0.22701073180873524
-0.003955272023601802
0.4722197916844906
0.10556464775939887
0.19624135524248065
-0.09353839291290167
0.18557857342513168
-0.000163138140227313
-0.016715386053085923
-0.07176902913340867
-0.18834015626100367
0.14448969831044828
-0.07156520490634703
-0.4638920258010677
-0.22233443172261286
0.40516412420819375
0.2012313386951625
-0.0008029694360695873
0.17461074248810418
0.3856498579186774
-0.11444845697625458
0.5823949339648523
0.4811426063732075
-0.049891181050601044
0.013743870445054424
-0.12130416627892143
0.0412591729527057
-0.15929616620094667
0.07068535016714947
-0.2187247406595626
0.07339505802434663
-0.6428996055780354
0.04208391036827827
-0.3409833465701984
0.38347669260189043
-0.24073002415149172
0.19957670862207869
0.30647983177217447
-0.03032802350872573
-0.33635284821108213
0.25228359149598284
0.15344110190550883
-0.004205317320569391
-0.3210838134574841
-0.09739502090604026
-0.29020665685827735
0.32425323472876877
0.5042271985963722
-0.15272578442768267
0.00426085746495081
-0.3694159730078047
0.27672295770833394
0.1969936090060546
0.7065441963268335
0.27535718364667483
0.20024171205248967
0.012374629790265993
0.2480225256676638
-0.17611460572848187
-0.48606230827158836
0.03584085299707928
0.03866999657595989
-0.2559173371668512
0.32010251331154876
0.5042398345089891
0.0547378438838995
-0.11708086783224098
0.2622568187885436
-0.020966294290523473
0.04233625962861151
-0.2105996743692896
0.4983934500473704
0.3620881684510958
-0.23373332786085252
-0.25914942031790394
0.25971817544562226
0.12102653792781332
0.2848131942898589
0.5054317149070352
-0.2525375164566643
0.11674878828544959
-0.07147927171289038
0.34669435684140615
0.1680435809332941
0.0037551896713344784
0.11908884511192727
0.11257911519652035
-0.07697407100236082
-0.16479822645746076
0.04011838063423367
-0.47957539281705863
0.44148436388372286
0.5407728782375429
0.35099822862194224
-0.4953524641563243
-0.3443924229406382
-0.45010783005766886
0.054620909730501856
-0.029052457455582895
0.1740735123642046
0.600755076371398
0.15493937705476396
0.047031381280559295
-0.4664735942290382
0.09368132746267413
-0.48510199714282365
0.08014491262659271
0.5162359216384643
-0.22498020985029374
-0.19955706870128373
-0.09235255965318719
-0.03690778661354988
-0.0029795406925312504
0.25381427060710127
-0.36961088975745626
-0.34987032415387576
0.2891069281057239
0.07970351271002604
0.429701952989263
0.30086922642890274
0.11669205970491374
0.17002459967192463
-0.04843297188086591
0.3121404989245863
-0.2646082812518448
-0.07326535056832059
0.386709808155109
0.024036823008883837
-0.11105072534634407
-0.1837234764577142
-0.7262929017770885
0.04153159421538648
0.4342531270655937
-0.21423642455615605
-0.03854043781141364
0.13157199419048515
0.19063677882995264
0.023035838338624673
0.04868952078628823
-0.5235988502417606
-0.13357341802559453
-0.2629198605162487
0.09207086196417938
-0.1172906030989529
-0.0004625607190386376
-0.15894545020386175
-0.03900950162844857
-0.33141964464666296
-0.10145395950546916
0.23141799406865612
0.28699720848815213
0.6264234532371964
-0.4187464376580178
-0.07007334957906329
0.05149523889900179
0.21463038941034115
-0.1695753090376196
-0.22441251540635268
-0.40247401108521863
-0.7822671413745943
-0.059008075952597355
-0.14059205511334064
0.31090903224065025
0.13254308891216743
-0.19322485534987036
0.18092903287729462
0.15295961712372588
-0.45267157934032753
-0.1315336556429539
0.25617870622381117
-0.538330646709665
-0.11926752797763247
-0.2832666927579981
0.28705913744528877
-0.041530613331929804
0.24150100144143602
0.32714929615281174
0.6159291984357861
0.0064850609791004335
0.218156540846138
0.22349631231207098
-0.2392493386767397
-0.21267875819886867
0.16759287539793766
-0.05310566966105977
0.33780732505202465
-0.008141773584336051
-0.10779151032888443
-0.4117300584604963
0.43504361422332666
0.3862952282681352
0.4148711379268923
-0.1676457202379035
-0.11256441351842998
-0.4911162249691914
-0.15691898034166324
0.37917336757100845
-0.13225504065994745
0.13342597680026064
0.18263526477559028
-0.7035446560918994
0.03573504329429503
-0.2936511121150902
0.3467370970191565
0.21543538482390354
0.13883507743862877
0.2776066089515381
0.35598485048371253
0.27521745684773496
0.21030321708195407
-0.46449804377466497
-0.04496158765402337
-0.10922022270230766
-0.3794154423612559
-0.24008965597716114
-0.4253197699823276
0.14460659184478158
-0.31450067913987895
-0.17646713135538755
0.1281853069929518
-0.3038435372990847
0.008888059476266601
-0.04026433959239479
-0.29465756818598493
-0.20640981374236125
-0.1545244717659138
0.5747752619580117
0.11592381808223867
0.3175388653614883
0.17378855667608437
-0.2086721209849879
-0.38292899259761376
0.09257965223231174
-0.29361834797095965
-0.3505905952661662
-0.3540401157461423
0.34141027938420515
-0.5273759568467968
-0.007677983919500967
-0.03595798528080683
-0.4367669331306085
-0.17609080658053972
0.03981980003268268
0.25906321391862613
-0.12182604063738066
0.5294791387238773
-0.4810409634978541
-0.10613247634483018
0.21401683314857203
0.7141899338518722
-0.381745936260452
0.14039780415243397
-0.05249935342406259
-0.07839706971601162
-0.025072666134594315
0.3643797464962104
0.17933004237870412
0.22475843119687763
0.17647185071235738
0.33500195392624704
0.7403109668573855
0.24603211812244516
-0.453128976416796
0.22218275537428273
-0.34997903183497747
-0.4239730778218442
-0.22646983629288756
-0.2516550258949906
-0.4503495018035758
0.5482696720849038
-0.018601089822235604
-0.16414921106604335
0.09486115756858357
-0.30294928126839216
-0.10180384834376853
0.011083681292389761
-0.5082980416826028
0.1683310371535721
-0.1457927069385784
-0.056772116993745854
0.25558893441474273
0.14414527866633364
0.05824603669315606
0.17036238020624372
-0.6160904383425794
0.21443371097397632
0.06392431861495933
-0.32417471418038524
-0.42454016079889556
0.3383994124918604
0.3068201580976659
-0.3875198524316351
-0.0746271078251287
-0.1392459960721536
0.37557598909650164
-0.6071221838276939
-0.04787829151211882
-0.07229292810377323
0.4640728879301527
-0.10234757372798525
-0.19473805365294228
-0.20126610931872305
-0.29510589983182095
0.06570725016385234
0.3413073889812251
-0.022937570675510794
-0.07523085229932057
0.37721454972015434
0.007547299303203613
0.0804893099290132
-0.4125033819559291
0.11765083401627402
0.11082208982941265
0.042561245254125496
-0.6311624220218769
0.41491881541976566
0.07802886025738717
-0.20222307430732916
-0.009296870081930827
-0.5117258219632916
-0.27615962366204344
0.2972410258975052
-0.028698643677260813
-0.42929780099402837
-0.14468559169381928
-0.06353598314090407
0.3925795100721735
-0.09115431517536635
-0.22910664625803415
0.43376171515967676
-0.04447183259486833
0.005447599701599775
-0.5029494858242833
-0.42569504505554107
0.043399114237095256
0.6109487163656606
-0.023495117078420828
0.48379754378585543
0.16915852762670522
-0.0014697560042735312
-0.2066546851082295
-0.13229608684358407
0.08458592006366146
0.37912826068971817
0.19200821888052674
-0.2756843289889942
0.03282831182357718
0.1382169522088051
-0.15339742072158355
-0.11492323083870506
0.41650198100458474
0.001358248304094267
0.14409757255785322
-0.13702384782024749
0.26155937374905724
0.47774057182419905
0.1414529384703042
0.29882278132356466
-0.007689715628541216
-0.021425542506247147
0.24983755160250834
0.4476211860031872
0.2004705369999718
0.41451142080299924
-0.1694503839166042
-0.1612985751003768
0.4903474009973286
-0.3221476204618905
0.14433620572143394
0.14720317997117244
0.236132675422207
-0.12458796778561364
0.6382201728353416
-0.24319033580450017
0.33792607096032234
0.32925120164786115
-0.33717866785479766
0.14806413901031132
0.2652060934112827
-0.5503000683985709
0.2180486465924018
0.12355797811872853
-0.13572305968788634
-0.028338214648825234
0.034235127513645935
-0.0577201853117555
-0.40257546043354114
