-0.358075719942120
0.124241143736480
-0.404122499013999
-0.153589352154260
0.429511154618353
-0.524534519161069
0.404997179714483
0.093714247826957
-0.582673334945166
0.022002235451642
0.002410608044076
0.054016690587940
0.490342828070595
-0.074626982684874
-0.174333553675631
0.582973838090948
0.406099310008126
0.175603223286720
0.382191478659405
0.276755206520963
-0.295676525114966
0.459493697936330
-0.096710878320629
0.376654644782871
0.664510930842347
0.221803146513347
-0.105044375950427
0.015221100092492
-0.240874244607581
0.004213686914295
-0.528646016886828
-0.485801945804774
0.034490339059128
0.026158678661034
0.167099394333653
0.002062303035311
0.031408314912078
0.478135890456049
0.005036981103466
-0.328267867073638
0.387788823330715
-0.379232522563559
0.230055620436911
-0.395360822620139
-0.109279030098493
-0.170662513936476
-0.273603857790822
0.164154403947547
0.323505371757460
0.059017425241140
0.017224778827046
0.239315315860232
-0.248689688987485
0.325938708091679
0.444996382093900
0.263718743816305
0.184354027179275
0.210323252649119
0.005185112292560
0.267424957834890
0.403480768948439
0.144007302168383
-0.239303783620056
-0.144810729211545
0.615145892889742
0.212911699161795
0.215267453649716
-0.478664740180575
-0.096950655219394
0.382536389270901
-0.056047232510077
-0.515274235211464
0.035895700702587
-0.396292705846394
-0.251977812716856
-0.021679765883267
-0.026607542109475
-0.693319334281333
0.061183505986660
0.590523110937461
0.470489198177208
-0.109307906796817
-0.485299852270262
0.094843210253000
-0.016591334321160
-0.089460018251594
0.025256118667171
-0.535085743538614
-0.256410112244564
0.047033706821124
-0.041579635696624
-0.092926819360059
-0.388665696475212
0.412826650374373
-0.147735215991060
-0.142667890833420
0.511575592976311
-0.118728003350521
0.202203226101303
-0.352041170095901
0.233312964096009
-0.413363619496029
0.675403268560945
-0.393698848074377
0.341118892982967
-0.189679614064197
0.116655119695736
0.214996101945878
0.138172795576841
0.142043011260740
-0.500531562573135
-0.441784272601764
0.439352091127499
0.034331590176825
0.266135225116661
-0.156881406039041
-0.253633734883077
-0.364167981728318
-0.681608038283785
-0.125766025625090
0.124335957576501
-0.004641155930029
0.281603648206347
-0.280756706716944
-0.120610726840600
0.220956498290618
-0.170610457734690
-0.008209903380324
0.218064524643605
0.066847643007470
-0.071843106312498
-0.351198291573444
0.056419477700841
-0.521374959879776
0.077877837680894
0.449323384736684
0.166356036524669
0.417152822259476
0.285398853678999
0.013660580740989
0.242698766672892
0.225956747753784
0.067686110591427
0.064294236068825
-0.421429667131915
0.516075880221440
0.387315477700700
0.224848586227865
0.014082702892386
0.192618092270089
0.401728965135965
-0.335231866146197
-0.414122196508052
-0.104452507785247
0.082061744143609
0.597330133688940
-0.588996646175101
0.330863472794184
0.087432709099449
-0.122481056067107
0.139838415784059
0.012341326135999
0.330852837147318
-0.595732337269265
-0.077217552920953
-0.308239534596156
-0.042208072748310
-0.064702882842601
0.107142762903771
-0.198932939548796
-0.040376770862792
0.460030766478391
0.091662509945703
-0.203540585564004
-0.148183941989799
-0.043148255914480
-0.293886771311002
-0.506719073481076
-0.133144639786514
0.007052298005795
-0.257058216097012
-0.250635691477719
-0.524328868314038
-0.150183712880765
-0.086855195573727
-0.376846976133153
0.375775138903256
0.164636298444409
-0.455555266334544
0.211075470268300
-0.247321915365921
0.193182188127656
0.666477243598695
-0.074263246477412
-0.162993391897035
0.302363120036565
-0.183031985558151
-0.186382396430901
0.436010431874643
0.583586908547427
0.265568831877168
0.119722823787175
0.139773664936070
-0.267541616423831
-0.145420839997238
0.428164433989056
0.194001812413399
-0.587224098906398
0.103372949252990
-0.328347555473948
0.426734047562900
-0.271521504083547
-0.213905579903749
0.236921433000888
-0.080753905251507
-0.024491314389290
0.119030316674114
0.324767224909016
-0.510912135288236
0.351530919199671
0.272507317807848
-0.182482570838516
-0.252762762198032
0.089412360068618
-0.153765136315327
0.034028327748425
-0.390812150582020
0.577756550482878
-0.474161265584449
0.182073743758632
-0.156280418577887
0.400735328546637
0.267289578150736
0.422573556911296
0.085367164914953
0.677359738766896
-0.181594983655712
0.259413072556585
-0.130062179512616
-0.094893003540290
0.579987604224541
0.263120986419490
0.179972546293691
-0.629074810110737
-0.036636342146640
0.066592911036584
0.051827841718980
-0.137562691727272
0.026134998727811
-0.374917131534145
0.590893072009602
-0.058169345260683
0.067766712142037
0.109843509705670
-0.230008582688931
0.208511590406709
-0.128853878408459
-0.062129271240354
0.033718099382349
-0.073336214219886
-0.622074036821809
0.127420812391271
-0.190253286542585
0.114013814458967
0.253323208481017
0.237980080170846
-0.367147549145842
-0.397376618949489
0.008287428075705
0.204924087129561
-0.294990994542213
-0.053793946350860
0.081419287685392
-0.025750685640130
-0.058912482548929
0.330376430167408
0.227409408533356
0.201336086694605
0.556381186063246
-0.095126207027163
0.267177659822575
0.045108939153577
-0.285384285548040
-0.164354009147371
-0.005874694183328
0.060947590896715
-0.063990564970869
0.267750919565040
0.121744359533993
0.062588959141400
-0.075369337280871
-0.510768282579924
0.016098912451810
-0.204920546982666
0.421723800180262
0.002091015507697
0.023022566462897
-0.077534460275008
-0.372554928522436
0.341658141218563
-0.040368179676612
-0.500631751006851
0.089757305666763
-0.069321433731186
-0.427784951337478
-0.081277290255632
-0.043518806303415
0.200770465296129
0.313558638702758
0.457534565586338
0.085239146819057
-0.106262268050266
-0.062766165731369
-0.451503204751206
-0.238727909283092
0.314635196010901
-0.532457568082499
-0.024469849155346
-0.055899727557409
0.282441551417687
0.393671587143888
0.593101304255791
0.103098091496315
0.256780840595970
0.221047351079231
-0.609742263439954
0.255571298626226
0.018042191268432
0.283875176335878
-0.125660209882358
-0.149550425988714
-0.057319113405069
-0.309409918142696
-0.109563580281742
-0.165961944297495
-0.391867328930403
0.266018550910946
-0.163253383240807
0.099483890962208
0.255277133169579
-0.272554086323253
0.231064743477347
0.028048903369650
0.280463392672366
0.282514745379722
-0.147714834625634
0.001448890283978
-0.339438198219110
-0.199990144702931
-0.149879971891434
-0.067261498053630
0.224003714722364
0.145046348745754
-0.177536667319088
-0.214077579468276
0.382170915813462
-0.077969418591408
0.529004622427094
-0.246001731131091
-0.313819855369219
0.205190563129827
0.415062167977830
0.051641015570549
0.260537448671135
-0.518085532663785
-0.269499732570477
0.099178269089829
0.035685078360400
0.231563177636498
0.158334705023129
-0.490327327351484
-0.062036253821287
0.160164306842048
0.183427168604129
0.209693529104036
0.044916202050862
0.163271600871759
0.211458879035990
0.130486109614834
-0.358020126127655
0.113794920300927
0.157503699389704
0.302454335563422
0.215354579655016
0.174941982267526
-0.050415945207197
0.342976723622136
-0.146803742955451
-0.045962050285110
-0.229699626252109
0.055956110638263
-0.356639612359728
0.359117633845149
0.046115234813610
-0.347255546847943
-0.617271383307742
-0.022380718604498
0.101447461304775
-0.044061568740897
-0.374437629857018
-0.714864381107706
0.355434558176078
-0.178849905208649
0.128897861024761
-0.348142416632005
0.173620455740549
0.324963007071587
-0.098932381054759
-0.390180796455761
-0.131958255877558
-0.662323963229220
-0.272486918595110
0.196903813861818
0.279891552373962
0.397762011087336
0.112445743486448
-0.317300512791053
0.071409864034288
0.083241735718417
-0.186079741434414
0.128186676813061
-0.111906982587571
-0.216602667814826
0.024491508025256
0.012059881533767
0.321980603027909
0.137748409577237
-0.303185873423657
0.163539088282650
0.266745016762799
0.477512593484907
0.253863392603129
0.318006487261841
-0.028116291622154
-0.442911041177817
0.174700193063652
0.247272592356556
-0.197343614751581
0.587042131024791
0.219695269681242
-0.115419243477279
0.041534819908470
0.404249497470278
-0.338390106435493
-0.006410599353567
0.130121676268426
0.368393114612552
-0.484668490675678
0.155252410398125
0.451193720539806
-0.007781277654984
-0.076207542868855
0.128763177071754
0.449826813791056
0.445764391947936
-0.023901806160486
-0.220509065890177
-0.033452519703016
-0.554607062275932
0.332208721368433
0.081625675443063
-0.082214923020219
-0.030619715448272
-0.078670719744965
0.264241742016869
0.345407266650559
-0.002373176840710
-0.409635798269546
-0.002370583733515
-0.149798963004586
0.052687571417209
-0.090208591320073
-0.224551290202068
-0.457781027888152
-0.204630225654482
0.184242920528032
-0.442189858141238
-0.002701472497910
-0.134192272094383
0.072078775514401
-0.129803208250707
-0.057267453490296
-0.029082444901631
-0.243782411904092
0.722130696478135
0.182452501750691
0.178235339513484
-0.308438514777473
0.351298992760222
-0.005409887942373
-0.370548877948276
0.023320280450771
0.021289737965295
0.405428843936488
-0.321647103635719
0.036822074058290
-0.256167017156726
-0.285513462864107
-0.038275222930068
-0.060535583789244
0.263975022251411
0.346834964744034
-0.116365597733643
-0.313604745843491
-0.065748749323678
-0.140987409513391
-0.375975692189986
-0.244929874802613
-0.226181160853663
0.361934895522374
0.154669371425784
-0.176112899977933
-0.087327727720452
0.017072910372780
0.184111611924538
-0.252441248632736
0.306536107761969
0.403308328397624
-0.096339022232127
0.170567934279248
0.190873924325019
0.391377971022000
-0.369603923106882
-0.269693221790773
0.364153814143680
0.135312817231473
0.280450827373117
0.653900571217119
-0.245735545173652
0.111120448992263
-0.057274042266277
0.039454543797260
-0.502648479265172
0.459185227130154
0.100121767418907
0.439948820959851
-0.409668087982757
-0.309042284866768
-0.245320080111852
0.131637453549460
