-0.09033109581292398
-0.0048444249788149535
-0.31827454811853007
-0.14356933284649673
-0.2750430536162065
0.29471658502841014
-0.08348362057736582
0.6654352738798346
-0.13055522884652612
0.26380360925799873
0.02735435140644947
0.23348303788173708
-0.23567612777614805
-0.44998349326184756
0.6409349977955155
0.0201699324494954
-0.3124693980334517
-0.02974927790066855
-0.6034932913161778
0.451149055775161
-0.09823921596797132
0.32270966163922
-0.3504427026304361
-0.15027319321418758
0.055482871364046026
-0.3704004306420692
0.10828663882630118
0.12496366887325
0.04401508476270331
-0.4228773659062339
0.07116546662294049
0.26724946663913424
0.21237647478350644
0.30429882102638617
-0.15098187875481583
0.10759419997292913
0.32445578913152334
-0.08605627584485336
0.32832862237869676
0.06612350973787508
0.0807339950325523
0.2394848192454057
0.04343908194795015
0.17945174969430763
0.40481039980732425
-0.18018941523702786
-0.4387765614989044
-0.3877044848470782
-0.43525757838180074
0.16937991754135057
0.354834396935312
0.3935791328351052
-0.14472158716919037
0.27418087551927883
0.44669513414670886
0.017327113484802825
0.5036800258095286
-0.2631605716680904
0.0868624352205986
0.29659187388811353
0.146921796024744
0.29549596841754433
-0.2221795866281919
-0.4943562601166246
0.29475209283010884
-0.040283468466699064
-0.45263724997525107
0.008212016510614283
0.20892361643730353
0.3829576920791771
0.658313472277072
0.09260352164770236
0.16062419979623754
-0.20112638793938314
0.6685145736925384
0.04194253855814813
0.39179850433893837
-0.23055073567985482
0.241928723375542
-0.2629572272727418
0.2102835657716366
-0.09249590788086008
-0.29851129062180787
0.6592785125926671
0.25064951509640004
-0.19072255780347824
0.23494556077120213
0.3400090474646853
-0.4613359647095148
0.2666762685913572
-0.09473706196929518
0.15751440774497116
-0.40383432224399785
0.2517231790093244
0.011536175912374377
0.09990891844575314
-0.14405918254220615
-0.36532689919780614
0.2697161930994677
-0.23231866695578463
0.1548834529213653
0.034673130154240235
0.0443035095860074
0.6360177116780905
-0.22843569932153712
-0.20067360893845732
-0.2578610352930177
-0.1841946148140377
0.021034961682906975
-0.07613747663065036
0.1945299438085114
0.09417085668883167
0.42062129948053123
0.20725043240131283
0.09973157130466737
0.03465751233161632
-0.0358169542639091
-0.46751675999705605
0.016136680889958472
0.35003630156198645
-0.15870510004516758
0.18021042313901695
0.12286882623547853
0.039001970317142705
-0.20243201979372402
0.16303332423212666
-0.754428606990811
0.3593237716434312
-0.16693308008562632
0.04897251963475634
0.22620812631047893
0.26026759096762736
0.2010559835271842
0.20076619123127343
0.2777756719930576
0.4633393160210809
0.2571479248697328
0.03966313650142579
0.1680381794792075
-0.04809439850739091
0.004887487365470634
0.22157349952669605
-0.0725216978925807
0.15524813798058595
-0.3659818594430437
0.039409010843600246
-0.3827057793852737
0.19483760559534635
0.3013051258871
0.22734948018846285
-0.00068151807711977
-0.42244128709146045
0.5478167250593321
0.2648767693289263
0.07167152339356962
0.08297583526024198
-0.44640733229550306
0.021500863753871332
0.47367957215555934
-0.4005259781614582
0.22581250461671698
-0.29652475864847705
-0.3124758177203686
-0.1334241144436117
0.22149042164420155
-0.2772148607509189
0.10395115439769419
-0.05958418226243028
-0.213679890532623
0.25308245057130946
0.2903390923379274
-0.06162880686155002
-0.29920030000320513
0.009834135975571296
0.36577891467359247
-0.26339033588591126
0.15433683220270594
-0.07537272283505125
-0.17876208526185294
-0.2099487755437565
-0.1544456478384274
-0.36629045338325467
-0.11731074550384006
0.37345299256145614
-0.4349484830307306
0.13774712137879913
0.14817742309404563
-0.3751873204467671
-0.4530067411322386
-0.3152866530576839
0.6412714856992149
0.06381502862990139
-0.2420166839605276
0.6673599347177932
0.535245216282166
0.02059876835065152
0.26370009713245895
-0.20554048108547707
0.06879751263131835
-0.02366280759607538
0.43817066385642106
-0.08268903586579601
-0.42015785150531804
-0.1641165438527394
0.19001039440264117
0.32330676724076596
-0.14893457790237213
-0.07093457880439873
-0.6198384482822077
0.14212441824125427
-0.5074665200179034
-0.2785793511900998
0.20174547196679896
-0.2994786116558017
0.08300826929177396
0.3946608595761018
0.28587694259035024
0.31895239342301906
0.1728517744512816
-0.48319729541408646
0.09355008854302375
-0.03821598548703081
0.10680745025762317
-0.16549941598017956
0.03168039282613926
-0.06739414332390924
-0.4025888651707892
-0.06432165734035397
0.5844501879935395
0.33558792009117466
-0.07040805432144932
0.16425442517627942
0.4524809713045938
0.2335221490019922
-0.4355983815231905
-0.10419365334747568
-0.16851935152872916
-0.3460277770193499
0.18832246675239897
0.03925523676172931
-0.3602556633997891
0.25059926652676295
0.10196593112404603
0.20042663044259812
0.12226366975386072
-0.18359942954230601
-0.04063736581613321
-0.17122188932290927
-0.4000665317966676
-0.6645527356136364
-0.1864237798356597
0.2393528258605964
0.29933034222239197
-0.2996636582849154
0.29381485778476174
0.21851535084541684
0.12467213539998626
0.2678297582784069
0.28531854884539487
0.1800166657296073
-0.3961707367336537
0.1935877067066189
-0.0520297835295295
-0.024885821536964975
-0.45538548223053943
-0.4408657556992836
-0.2889306714866372
0.0710200179744529
0.2523441900500327
0.41921029535850574
0.26313736239578306
0.3845044777248454
0.0961186490407332
0.4472607644433844
-0.09246712030054059
-0.35016061201036025
-0.08968664580179128
-0.6562895694300986
-0.028532351677248245
-0.3525085536606415
0.23645118895051917
-0.2960645248899252
0.20147131889279338
0.07549995665320204
0.04144256325826161
0.5530089588774602
-0.08589505932266413
-0.2170748446054208
0.07871042540666248
-0.3465080842835145
-0.2847373702412995
0.0027163221691051593
0.01854228833159207
0.15670107962293617
0.3403851805853733
0.16472283739127846
-0.11596965966000017
-0.007433042780226693
-0.05202719524790997
0.11776698035599555
0.20139356211567738
-0.1742478086787932
-0.09069064230281874
0.012121270106017261
-0.20287002697154763
0.7288148130160547
-0.18149152477073033
0.5559499243608261
-0.3227866718150286
0.2478765369619081
0.4652482844689653
-0.16531832506528604
-0.2846438028856254
-0.0962850536360449
0.1980356192881836
0.6197881024549572
-0.18126055266103028
0.40592623269905426
0.38372384855763547
0.10405539715688067
-0.2854232200443291
0.23644877953711282
0.026152228422999517
0.36138745893886676
-0.00117805104207431
0.01213898447092021
0.38970336942875505
0.07068044466015351
0.10141456907736249
0.4874748318416616
-0.11309478302652819
-0.040988186856286024
-0.2998410733774051
-0.3949115527536689
-0.23869802795631903
0.25376630457295235
-0.4760925281423206
-0.46388167348723147
-0.043795070271907335
0.08224945239251424
0.18025133714842947
-0.1606824704769853
0.19112076231778102
0.1864376900982077
-0.21263569540841293
-0.07596351005610975
-0.05054668649941449
-0.19485597725691936
0.14202039335338965
-0.1567879061771244
-0.1257247155869154
0.0657958617673281
0.3245056318295476
-0.3289764075638818
0.056571842223873764
-0.35965698576498245
-0.13591415283253597
0.26896362844435595
0.25350734727078966
-0.09032488250149281
0.07458589541345625
-0.22549692403311772
-0.039069522454086264
-0.2363290232410693
-0.5667140618654267
0.10532080425409446
0.012787866909271082
0.12441979337449022
0.29934742627254607
-0.43756911498076895
0.6548909601568257
0.06364676119054574
0.16468145529408082
-0.33640229307416175
0.3847588871464645
-0.03998713765275646
0.39951063495628475
0.49430729966865444
0.06818328256779105
0.2999067133222473
0.188646444199894
0.11956406495626272
0.3887845940907981
0.3240623858370438
-0.029620525897985736
0.02329319006422257
0.3549100033706215
0.5735969668308825
-0.13000392185106266
-0.5038650490357724
-0.5124989289412796
-0.0542402191658791
0.3925136216754394
-0.14973567331869864
-0.3100163878771814
0.32865918699064167
0.18125459393894439
-0.19188148040072592
0.40740328463977576
-0.7506748972353794
-0.23864364058446702
-0.04525096467350126
-0.1395225367640097
-0.1836090713130271
0.27968852279587714
0.10294038338360081
-0.043080278848694586
-0.09323344779918163
0.023400078600014414
0.1652728648830335
0.16867568389260007
-0.4713807272505792
0.1241421488023751
-0.5155611792484588
-0.5432389693903792
0.4544848196621869
0.060887248698275186
-0.5091788180988166
-0.34176132095375644
-0.09764148355237147
0.2432497966622773
-0.2418905830786704
0.027567821771647297
0.003660397388451615
0.1406003868513986
0.6319674575630475
-0.24854746650920176
0.15876989097740893
0.5892336288972265
-0.06581088747749007
-0.014230436141897158
-0.023337989848976313
-0.3475728507429906
0.04728909785195831
0.15220199156333702
0.19202037849815515
0.07332692759150691
0.2967984752057844
0.6277530418159789
0.07786588423870382
-0.1869054967289187
-0.4195124393275165
-0.02244519216206347
0.3643206696036657
0.0503045832834792
-0.337391006508114
-0.297799680896233
-0.15794074645891276
-0.43447480193643656
-0.5420481752059665
-0.011792758302474397
-0.5613656728831767
0.16288485403630507
0.4376276889614244
-0.057351494237646274
-0.39330254053246677
0.046736194508683264
-0.19497204881857225
0.31489558062151934
0.03978423264713052
-0.130946085863308
-0.5678971594034736
0.14121400312217203
0.03915397381159172
-0.060052254847291514
0.11184252194167851
-0.20140986204496286
0.1979906174675577
0.2733223075421432
-0.11741265547720947
-0.002314166792860293
-0.08499673456628477
0.032406825233480624
0.024319596465133
-0.49788886087325257
0.17483593264045716
-0.04179705578742701
-0.024334825070865023
-0.2989561289357864
0.47141726802480327
0.30650097640360124
-0.02119295992053697
-0.14745208484463457
0.2566697244449015
0.3703169104256311
-0.3295579464608046
0.10337609840934027
0.28290464815002003
0.1736578988940459
-0.2875866956695916
0.29340510656569824
-0.28664201959999475
0.07979598152656976
0.5623988092587398
0.16945547174408368
-0.23002598596199758
-0.3721696902215481
0.013307622645883086
0.014110480165364706
0.3347529592997221
0.5656258185071514
-0.39899819316369867
0.08696797137671707
0.43644841838137954
-0.013432696193464865
-0.26118414738221757
-0.14382686222611796
-0.16040412417074015
-0.3342449793897372
-0.16750325401548355
0.24405086345020682
0.2629443998077264
0.6419563585749338
0.032924724087216146
-0.08616694857149933
0.25483344574990585
-0.428843471184231
-0.39243079364644673
-0.30539633243178027
0.029008228162679735
-0.4884773711904575
0.19381339975795447
0.018517533052909794
0.17796392564437874
0.14735676424862773
-0.2691809948602316
-0.2341687097740481
-0.30705542405734254
-0.12799265708975852
0.13813215520209235
-0.11845958846003735
-0.3882684625952366
0.6196443336557484
0.12265480915134004
0.536534512305521
0.23536927338787844
0.22060602626759368
0.2097076715060511
-0.1786816055822528
0.46967440869932303
-0.2735468706919652
0.11231990356011524
-0.33920818804008424
0.13180750917682485
-0.09969681927057486
0.20125428909056683
-0.3736536377564206
0.24740583646563094
0.25442316168153983
-0.27108663564735924
0.1930149495018997
0.2572369677810179
