-0.437158209492848
0.437587844966610
-0.164966847346929
0.115878989435452
0.498402197030719
-0.409015499624615
-0.383228254142798
-0.156695957219394
-0.726854856065031
-0.163002593140959
-0.058819355159492
-0.230603091846864
0.119543255997104
0.515559298478849
-0.447078056796100
0.343536510377795
0.123299275477248
0.352520275643024
-0.188894886353923
-0.085660083845308
-0.364960441070007
0.261813479754102
0.042016162861650
-0.514461347125675
-0.310830467743705
-0.279447178858800
0.068639914884317
0.354562482209129
0.242402122075269
-0.551457165356549
-0.205415684638248
0.066512972446566
0.134326119241941
-0.615307462704710
-0.370260289037795
0.123346149954335
-0.291932911563907
0.526069099832799
0.069480659838655
0.329164852974482
-0.255372456209043
-0.570120788867608
-0.048417223007760
0.322692697911151
0.232631179557776
-0.191359539728360
0.303119003592828
0.625636089947811
0.391805739167488
-0.217375103313402
-0.093860440929863
0.469511842858729
0.191065035137033
0.211157011269416
-0.284957237772734
0.042336071306694
-0.527856102163329
0.013400497700413
0.108162252368157
0.344272859011954
0.343200348526378
-0.021492648631758
0.031664790109418
0.348729631442308
-0.394073979822886
-0.224409503138578
-0.595098321531131
0.405928482021779
-0.168506813129070
0.130799677533675
0.075806446841987
0.028037651536307
-0.291317097638935
-0.545921866369683
-0.024652580032906
0.305985416316781
-0.024405433022337
-0.096573479003005
-0.202373897254684
-0.385236277291895
0.057956296320396
0.517978678024952
-0.355563051451611
-0.264066724689542
0.079036624982032
0.438709455873006
0.226236381201904
-0.327134609146055
0.070469967847698
-0.692056386453995
-0.055487846197803
0.260127127171415
0.336680832730402
-0.058258766914574
-0.224772592035059
0.288622021324894
0.011778237265428
-0.231120979648418
0.156203514001288
-0.060396145108813
-0.336167796894646
0.009819830144384
0.183360878459047
0.536450526889744
-0.432034799793977
0.080269709292218
0.182804956816001
-0.168836979749314
-0.261884481246155
0.141615289137522
0.141514017723732
0.277966991645147
0.070036848982924
-0.064455422291933
0.149313721169205
-0.325397960951823
-0.075456142378999
-0.283050038640591
-0.393868885215572
-0.004053496560225
-0.009713341975507
-0.051036699765365
-0.217540990468541
0.235926239565637
0.395542295304337
0.434503288434690
0.254957825981867
0.003150622657574
-0.192448669057626
-0.142882083991048
0.153221871641706
0.255995623573235
0.375085580189451
0.110643188346200
-0.272195978083601
0.293506514038295
0.225073378508351
0.036625209200568
-0.043965578066296
-0.143135079612604
-0.267975206715280
-0.105425661268082
0.004848072843737
0.227276585680653
0.604705344952567
0.124986104399841
0.168893987091237
0.002443544636957
0.513292723228170
-0.131929218464800
0.166651698416562
-0.698413035726252
-0.386201251353573
0.025900246322460
0.273767513761509
0.065952500034827
-0.014329506665495
0.167070020809099
0.222295528205065
0.434584183206577
-0.333456453418696
0.336154520665499
-0.251578512854764
-0.216833717551891
0.096975994815653
0.507231625759087
-0.011916926212397
-0.040894274427899
-0.294732889541688
-0.230452517676892
-0.190490255375940
0.346145708061950
-0.148324113769473
-0.012038227496516
-0.397707267850027
0.518256207711871
-0.070066121571156
-0.457049803252385
-0.108468068706559
0.423380957068313
-0.500334659814931
0.045242863585810
-0.291546053231247
0.328150618509840
-0.140859768853430
0.156163739671940
-0.013330822486883
0.322964677163051
-0.044054937553290
0.224675192484453
-0.028951565700164
0.419168180846475
-0.318287536343141
0.335404981402005
-0.349790180937588
-0.032481496931042
-0.149923051749597
0.594538820981494
0.170694824024363
-0.405805123764442
-0.265644822198022
0.318259576917513
-0.545136038830807
0.066957643404193
0.050192934767729
0.094188657619755
0.259063432817827
0.454918733768383
0.102691864246250
-0.353342474252961
0.198023445246459
-0.184957446681768
0.364712593879002
0.128898299100439
0.372955958290039
0.420325787087810
-0.012836934951643
-0.088116317124902
0.073134233180116
-0.156026721426659
0.293849016322806
-0.718944733896820
-0.196216703290439
-0.389732581414115
0.202133610395558
-0.139368595033249
0.409119097621478
0.402921118266258
-0.076808495785969
0.362356471225815
0.071871314685291
0.054321605404633
-0.536880500481889
0.114468060372968
0.110796052125414
0.499802617393469
-0.243037691490966
0.279014529862493
0.206360955586421
0.047853815014694
-0.628434969705406
-0.529378600212937
-0.306861448139308
0.073977841765087
0.185119536466732
0.229664214293076
0.347317495552169
-0.034087266065902
0.159954154994139
-0.188203964081897
0.352316561016461
-0.223173718145348
-0.468978164995793
0.003328224904274
0.337524522688393
-0.015254583719175
-0.393309170362170
0.072032329927100
0.435111424996172
-0.457490220673654
-0.081447040204283
-0.082349165198390
0.131591771798880
-0.235296029302908
0.590214272285073
-0.204337303617847
-0.141736986727765
-0.323839049071270
-0.316885239377637
-0.408867582007330
-0.140782312140404
0.159366090672102
-0.305495357730084
-0.363285045342370
-0.013428122674826
-0.423459360219473
0.271419614372520
-0.042918079759611
-0.140506475572879
-0.521513283201071
-0.222960694290254
-0.036105258721670
0.090501988149824
-0.198658056243352
-0.017979182085389
-0.177267036555734
-0.263110985408922
-0.163344956580997
0.033408755180883
0.134034634012399
-0.297993876142419
-0.086507464795010
-0.009042014002098
0.213593235421129
-0.082902385254451
-0.160077779519286
-0.214175809779228
-0.044709458464301
0.135459123674698
0.344005907241253
0.070473442318455
-0.228760241601425
-0.106819836900366
0.201788490661962
0.195045823344163
0.339218131680810
0.256116766384638
-0.052999780850285
0.458039836561732
-0.403774391643657
-0.176620161944409
0.127941810861550
-0.126493899312097
-0.338450628211100
-0.120383672945868
0.023849260151964
0.183527500021332
0.390782567867743
0.469017570824062
-0.075539436005411
-0.150049264062833
-0.331099668345534
-0.215744761415934
0.007444759690291
0.259305735293138
0.082139345603017
0.181469796009171
0.076937009196476
0.137874452282781
0.052443476623365
-0.385336201696630
-0.153105803164868
0.053731081544112
-0.154295618007181
-0.219191590496140
-0.269857950029570
0.070733622587508
-0.180943550786931
-0.610520514070771
0.223506205644039
0.037649294899973
0.164439769501712
0.109167784297219
0.170216230174978
-0.544517890098285
0.184906144496686
-0.351379759859578
0.113681998556986
-0.026077224474221
-0.675227638868489
0.060463310599625
0.185856561461430
-0.125945685978518
0.206904495513086
0.007330626194444
-0.306841656200054
0.462915141445236
0.111530486993969
-0.290865282563567
-0.153318608866847
-0.168314286758646
-0.183526964921619
0.571051088537684
0.178871558162499
-0.246991432542100
0.178425850046791
-0.452745133699586
0.063191230843559
-0.124959127449868
-0.050208136580873
-0.176608719982384
-0.290728544042002
0.080570632127356
0.049973871460912
-0.107527833032202
-0.349075782446463
-0.110317741601645
-0.067853214285520
-0.141754822798689
-0.241273807142543
0.475781853767963
0.427897365108545
-0.290689324569817
0.326204275875240
0.502342180711706
0.166634251506160
-0.034148820422668
0.346365108736168
-0.360466302183196
0.523551708274303
0.113089453956320
0.279931140969201
0.248903678347538
0.154740175583499
0.441717075017832
-0.226752160613479
-0.101422599720747
0.438135024524910
0.597215455625605
-0.104133667872338
0.478310349024049
0.080438463276984
-0.196273212809000
0.438563713165384
0.299335515861014
-0.028275059047271
-0.520867486762579
0.195693696752021
-0.154374373499660
0.039669578408055
0.245850337851263
0.161110316410066
-0.627187008441258
0.209526201947672
-0.488655372340015
0.041930029053201
0.663375664976687
0.214947586808864
0.067576300247713
-0.239051468506702
0.737132069740158
0.072498409222743
0.072672371490823
0.243960197972603
-0.098736589970179
0.108010475998736
-0.437328589567225
-0.241852789878951
0.314939094576066
-0.371817830495020
-0.194967541220151
0.563719259500498
0.094929311139766
0.040955159411166
-0.030100622110732
-0.411564748336948
0.348445430957947
-0.083122344929714
0.248758543740470
0.363289402511826
-0.078815740890178
0.205672541948716
0.096834984190652
0.059797132336659
-0.052439502396530
-0.161075525097182
0.429252295275434
-0.467092972219356
0.099221089470917
0.261604783314799
0.151949472272858
0.554624715323370
-0.340970133154258
0.380343211213537
-0.171958874797488
0.000329602456225
-0.123874025355322
0.091715848951788
-0.362708491731379
0.325146703385954
0.619062529425338
0.193656901573766
-0.015082733031070
-0.188359750203241
-0.225052659272421
0.247932595999509
-0.009671256292801
0.143175425091244
0.307665640898718
-0.408741639725430
-0.092986088672568
-0.446444234984838
0.164933409884479
0.117550082350308
0.080931517947908
0.301589845419444
0.117440374084887
0.715904915065066
-0.143104254912907
-0.149194194706871
0.005617568820637
0.161694500750605
0.254317750447097
-0.239059119483216
0.372534877141784
-0.007022043582629
0.291557754528934
0.169897441473028
0.058334114970600
-0.437595507860042
-0.131512059836340
0.081322430355812
0.323610181289413
0.191160322432677
0.252551000735828
0.022073958155346
-0.598899837110140
-0.122195031102882
-0.161415578722808
-0.282393546451151
0.201887475310598
0.156107573132519
0.518898563848252
-0.144888044771306
0.046850320537981
0.272412821572470
0.390805007977390
0.268211761828813
0.237465708361252
-0.041100305606224
0.482875759189561
-0.277491990500112
0.062321725808065
0.140332531849924
-0.292100146802558
-0.023055121940725
0.173905382652003
0.070466368521234
-0.553563328748081
0.273818541693804
-0.321946705510747
-0.181854574584196
-0.216092298695862
-0.194325544514817
-0.287958947237726
-0.190466656133691
-0.560996787886437
-0.194310890842129
-0.132546196256327
-0.134721250644680
-0.101039889876666
-0.168074970448700
-0.207946744605469
-0.144075708591522
0.445254296091837
0.418029783157276
-0.274540227982741
-0.139199265727462
-0.354784342883524
0.222818522641805
0.024900241716421
-0.062246565354286
-0.041568556987138
-0.021227904625039
0.194159175224995
0.679441775846344
-0.383825316065948
-0.372909448999711
-0.242637003461185
-0.032441650545049
0.241638229495944
-0.332547115682788
-0.255717366604609
-0.070422776473662
0.220928818176511
-0.025720777719487
0.131566204640273
0.283216904754869
0.472703800593064
-0.482680366209531
0.198199806911198
0.087550673494720
0.214590929478251
-0.023546503127834
-0.239796032444067
0.208416332943232
-0.327596680346074
-0.493069026636961
-0.245146381205233
-0.265109963959991
0.191869998386039
-0.017205691764885
0.467290053892318
0.641924712935625
-0.311521762686955
-0.245163773482145
