0.16426842200098243
-0.4088772900594889
-0.5414811881710833
0.16934008423620311
-0.25954017925803274
0.11626850980035933
0.07869584229553483
-0.22069108399969342
0.2387035180357173
-0.045792579997459275
0.27804283315226097
-0.15554789704083
0.10848605106892575
0.23036810887495193
-0.1131352044189086
0.3788921792168199
-0.3985757849174095
0.20102859165782946
0.06926602485928145
0.17371928288503627
-0.4888380262413395
0.10387161610582844
-0.03207507704747521
0.1468989222999984
0.3099994541299899
-0.15887556376110132
0.31832255177648056
-0.09042651578058897
0.018457647002958467
0.43303289412757817
-0.49843282881052176
0.09136638292921186
-0.6597065962558328
0.16692840438533452
-0.05940959515223976
-0.014315096700896413
0.04779915199781353
-0.09509373823887683
0.3456881019483424
-0.4020985107053928
-0.15533278923738683
-0.4619006093763676
-0.053026654140601835
0.4531351145825617
-0.07016149413309791
-0.2643109410554319
0.7069213265736399
-0.34045661206980576
0.003821431094735091
-0.1956813306907483
-0.45902552573033667
0.052311330583994606
0.35675986707167184
-0.5135060708842115
-0.20188946986410858
0.21306662724780487
0.4170838927490095
-0.05854721541975033
-0.09348397096700804
-0.19027843697433994
-0.2567765181533014
-0.01677244396613743
0.5238304900631875
0.11269910694592478
-0.26777561163678965
0.2348782428632622
0.28446410925255683
-0.23197224412963294
-0.40597608450714434
-0.16282143067120744
0.2396614052104462
-0.3402257380725329
0.15050809240854865
-0.10175572367184414
-0.558020648383147
0.12859463904402277
-0.1942232946588132
0.03143963724551276
-0.25320725075001754
0.3178716749299684
0.23611329757216618
0.38918977940996197
-0.03200363659077755
-0.06192559579209664
-0.22446915168092715
-0.41832704151984357
-0.011164790708441468
-0.24634031626232633
-0.022845693323758527
0.21806844971041392
-0.2980654562909582
0.3973798058501788
-0.15045486703670077
-0.11549383100753591
0.49577798725203504
0.4497757641634044
-0.11101698386023763
0.23365633416224374
0.2856795844278593
-0.26802526227092566
0.2603156722837338
0.3784233612086379
-0.5717641284761146
-0.10532368290921248
-0.11725570408740793
0.007325255743290551
0.3387873583269465
0.1416101927493382
0.07535838708882377
0.16754116170522365
0.5701276964997601
-0.15724225239294543
-0.3199262511666863
-0.2762718991180845
-0.1144202562960366
0.42344228305071385
-0.28951299367911254
0.1644762424777433
-0.5185719045260886
-0.4434998256462156
0.3048553411272727
0.2220148342774404
0.47425851021765053
0.3575619763424577
0.040777669218898485
0.5646984310990014
0.2107541292255719
0.3734115950460383
0.336728499307128
-0.4070293820656622
0.05260734673334773
0.3076797488654854
0.11788934375154035
0.4459980248333445
-0.39572906746994996
-0.03413378655318374
0.042577337947074474
-0.07701277697253893
-0.4187587398994997
0.004191525112072603
0.1304010826174906
0.17148736023131456
-0.2072273802685659
-0.44723667678460216
-0.3589498305341224
0.3151934041011329
-0.03368978194196863
-0.2184167986349818
0.07394210533450186
-0.5495429507207961
-0.29325868417702405
0.08091252293122542
-0.24255897381606528
-0.27513697342895294
0.43849054464841297
-0.020585979698328385
-0.411382080548522
-0.04455953630057103
0.4363439631177495
-0.13812149460826373
0.07492312032391991
-0.023867045435561604
0.3452103270512109
0.036201949142991116
-0.17026449727389065
-0.37798639184009636
-0.1934319008395957
0.0650354422994645
-0.16390019572678044
-0.11020088107930961
0.34539473297647144
0.2083124381549434
0.14056097708656465
0.4087256434326828
0.01986699990956939
-0.2235941417692172
-0.2103481699097565
-0.45790849709874853
-0.34209408759718574
-0.15080827276343758
0.06267076528086753
0.19994147887776986
0.03865590658380084
-0.00806749802975406
-0.3462406271765291
-0.44837900064598496
0.0617421822040584
-0.026025426572259314
-0.33676906260640177
-0.2415818958755913
0.07967818261987815
-0.5534130272099526
-0.0653253332849128
-0.4018605212297144
-0.07987940901858659
-0.387606299820741
-0.13660053048084017
0.27876693231651484
-0.36502423987514754
-0.2321840262884229
-0.10578616016591805
-0.6081165872162969
0.020698104016389295
0.3833349762967357
-0.00581541446703648
0.04385605301455227
-0.04501023914891554
-0.013028829194367547
-0.458441839598472
0.05919157133020435
-0.6411520139086364
0.5607057019399537
0.0388628493033031
-0.45661132866559107
0.14255426915002567
0.04164020921780292
-0.08367400637882462
0.2724298767498541
0.21776360870884195
-0.27464220047231386
0.04545044155774053
0.4517883908235755
-0.6181905595724584
-0.10293814484709551
-0.2349931229543651
0.10872295840455483
-0.1036908164891865
-0.009137210568270408
-0.05106998529205435
-0.24180060884249863
0.030531079732236375
0.054986627722381796
0.3008116652996335
0.287430718840223
0.2008055026701162
0.2227947893967748
-0.13156372007211556
0.5084096670923491
-0.30795983101405905
0.2323376551928053
-0.2832633837345392
-0.0012774175339018898
-0.007187411693487865
0.489509397443832
0.1562357963466652
0.026904440854475575
0.4156513335098688
-0.26896792501101197
0.13115794602056577
-0.15034145293213882
-0.31534406684945965
0.31534216824518424
0.20180611611211677
-0.422610121045841
0.47557627843110734
0.14200268971587224
-0.028220084068894574
-0.13664596337479604
-0.1562782629422907
-0.2961511300521936
-0.41085364379747663
0.442166003989297
-0.30023893350440883
-0.2955732056535178
0.03753962745010749
0.14084572885300425
-0.04303244996140664
-0.5779361489437196
-0.164505901046626
-0.09178124557111479
-0.1271482344459168
0.71964958108472
0.12221014208641817
0.13546143632320243
0.19387709372547823
0.14923472419426098
-0.3596034573937136
-0.2181717081087128
0.22069884519825
0.10053181337766132
-0.6841295032975487
-0.15259463787372
-0.05285633564141915
0.01099582879740675
0.5525987758155408
0.4007262497794214
0.5588738100390587
0.27517917294880234
-0.04931862985870048
0.4679416761430522
0.32012612821518727
-0.11399723502327463
-0.254243684708239
-0.14842979454583416
0.19732313990180042
-0.2197665207494163
-0.36349008178024783
-0.24386834778474656
-0.02870240981991846
0.35131673856760987
0.37750310067922627
3.2112278771407198e-6
0.3925165367864119
0.1870387824321835
0.5111083475351527
-0.4378698926216044
-0.49867619830326654
-0.48542910262690714
-0.033941614952825216
0.2458648378982173
-0.12185780810741303
-0.1369564187301256
0.027795988862294504
-0.6847426952377169
0.4406027412077382
-0.071170909411138
-0.03719459285580436
0.14979689168837398
-0.3097759039024657
-0.07711159494087433
0.13409365199942191
0.47042244862363364
0.018774139250894255
-0.48964921640954034
-0.26494512134628184
0.03411081428107254
-0.2098404852515971
0.23279386857762746
0.0306872523813185
-0.32538808364441163
-0.2912851681442199
-0.13096710127205333
0.10147405124920647
-0.03145087023781291
0.33054337569071224
-0.49745753908882817
0.04869781069056604
-0.05879608734986725
-0.17984798476778102
-0.22079033014941632
-0.11872888077587775
0.02016668289777962
0.19752076767743618
0.27373244930023255
-0.22010377928220073
0.225067759639734
0.2681367402335654
-0.2689699394089255
-0.34946874289523555
-0.07231941844945916
-0.5973087118261302
-0.3781760775945383
0.24625888465368065
-0.06094740500876115
0.33165939645691045
0.16440870567949753
0.05813224335028992
-0.055711011764885424
-0.41184445469193665
-0.4546277152721321
0.27542034175568636
-0.330875163360802
0.17403906969952213
-0.4990382983440276
-0.18748417658722957
-0.030604430727744273
-0.407343339961394
0.35218890308592793
0.1311951436066355
0.365728012058758
-0.2744434451732322
0.2900075058541637
0.5536076635637849
0.523350290767057
-0.004749634986509044
-0.16389785036227356
0.1071295183706636
0.06346440335566854
0.2789802961549088
0.24836591042101885
0.00673997681310539
-0.21539683322041994
-0.5654346281319909
0.40007366197368666
-0.10312652489858384
0.24457450967543456
-0.21434658889224506
0.18054152883512983
-0.34344479292326396
-0.047232726680204236
0.4059599586983805
0.31679733670676796
-0.17823251468176976
0.1983834026867133
0.2511920615748224
-0.4114326128550602
-0.1425490465250862
0.050486785457895984
-0.0029580321602923534
0.2702605033553285
0.6455862358636584
-0.02568266156705913
0.2684001705381837
0.3199023797117031
0.15463976447775557
0.22236530566784546
0.42935897052226335
0.0756061662013005
-0.23804978137731525
-0.10409630680873332
0.18582463936043708
-0.2166934760702914
0.2847774612135219
0.03219803453914323
0.3370848149416684
-0.0025800202529282744
-0.08283544382646182
0.2448881527746936
-0.05855906073185713
0.023661906699489532
-0.2494551305220726
-0.06714468400394323
0.051226263433541266
-0.22654812352328957
0.5634197514489282
-0.039074894792902715
-0.10638322318932944
0.18814247419500577
0.06831214742718235
-0.6637827590309914
-0.35646582925834425
-0.05119070083222528
0.46179646307079414
-0.259119030657827
-0.10125489285360292
0.18179765232692446
0.4560763268156613
-0.05949923243205264
0.43191870767388774
0.2813131105071374
0.02335260667281039
0.07333671235910695
-0.2101202668740695
-0.3158122351303471
-0.12615560688691344
-0.2688592192899564
0.4623721034029215
-0.3586694722777349
0.19369939193070992
-0.3347653414338881
-0.6576670342091196
-0.2930149076698408
0.2685352743403445
-0.12068671735498555
0.07697624538206545
0.04622809343847465
0.01577497764418555
0.42110676227364063
-0.4501327242961765
-0.441383998329854
0.008917675247561884
0.3015152483070837
-0.2734131628546265
-0.3563826674262368
-0.25131354686702084
0.40602103860985334
-0.31790798443821505
0.28398314359631716
-0.3015499075102969
0.5253188749014659
-0.07286347851781495
0.22062810699909294
0.08043247490235286
-0.35856020374934544
-0.22979356659670397
-0.059231474708168995
0.487100183975112
0.4769146209560801
-0.335132937207875
0.01638398852329384
0.16086278815082078
-0.5035471610747341
0.25475047474366136
0.32178998467169073
0.21287849792992392
-0.1338668784926822
-0.10368587508163397
-0.08100297235592466
-0.3227067727765536
0.26376816241022044
0.06157430754541297
0.6216379242877212
0.10602820861239082
-0.0516769621593172
0.059037884158284905
0.3295155195703125
-0.23909368227125333
-0.3183285152202911
0.14008653728702114
-0.3623966060152423
-0.20676852333248583
-0.7310322901379503
0.2253111284939881
-0.057380476384139234
0.0427784294861587
-0.03517106981532673
0.055184408789559415
0.02280489806772238
0.17622862941882977
0.0691696994150405
0.30153631159804517
-0.15177261474552636
-0.49189468754468774
-0.057849702564025246
-0.2888413238396855
0.3834806993238546
-0.10478217515462997
-0.487456606602385
0.05763235180046401
0.3087365638365224
0.013186685809483293
0.42656717732727717
0.230682756842795
-0.3528662739949992
0.034892126023760656
-0.06201080096758295
-0.13739639862747158
-0.7484616610861374
0.46484403442199085
-0.24732986766279857
0.17944873846170117
-0.010399383657770036
0.419292612853412
-0.007864760579548382
-0.6884938253603953
0.1026149335414342
-0.20361890957144582
0.06083145241132133
0.11652862279914868
0.3341586802032148
0.43247719177219224
-0.042989217134351686
-0.2834311564454865
0.09271797214790864
0.46797365089366333
0.13924412553120974
-0.2786725510246757
-0.583599045186927
-0.2962099775459541
-0.0015698011530180665
0.060350825852464256
-0.07237161496577336
-0.07290729344589357
0.1394924387020243
-0.04396938513569212
0.17578040238241277
0.4396534836411207
0.3084677092363315
0.26571788944520985
0.06261270726021577
-0.4160633698433001
0.5632437672975805
0.19685476549805786
0.0614399609826375
-0.3325015915426654
-0.3795759936756449
-0.07275294600369152
-0.2835024454829524
-0.09972914741706562
-0.15015186659095073
-0.19961318205099432
0.2821914308554155
-0.26591326112348956
-0.17881441689771643
-0.21260772491485255
0.0747636524428179
-0.2572372811573601
-0.04537218448311527
0.0891785625846852
-0.0015111933191200454
0.25206212246379
-0.057920507691800856
-0.037644489648568875
0.5752471722397587
0.1316045134561501
-0.13843114887702612
-0.45411141810014843
0.037740827153645
