0.174627943420248
-0.000000000000000
0.759705531397512
0.000000000000000
-0.000000000000000
-0.000000000000000
0.174627943420248
-0.000000000000000
-0.759705531397512
0.000000000000000
-0.000000000000000
-0.000000000000000
-0.326360419082516
0.000000000000000
-0.000000000000000
-0.536083262036201
0.000000000000000
-0.564369495132798
-0.326360419082517
0.000000000000000
0.000000000000000
0.536083262036201
0.000000000000000
0.564369495132796
-0.500988362502765
-0.000000000000000
0.000000000000000
0.346763011123523
-0.000000000000000
-0.329383228115213
-0.500988362502764
0.000000000000000
-0.000000000000000
-0.346763011123523
0.000000000000000
0.329383228115212
-0.000000000000000
0.622892752510496
-0.000000000000000
-0.000000000000000
0.782307240711664
0.000000000000000
0.000000000000000
0.622892752510496
0.000000000000000
0.000000000000000
-0.782307240711664
0.000000000000000
-0.477670041761970
0.359627298338202
-0.186687236933652
0.000000000000000
0.000000000000000
-0.000000000000001
-0.477670041761971
0.359627298338202
0.186687236933652
0.000000000000000
0.000000000000000
-0.000000000000001
-0.390067256093552
-0.359627298338202
0.000000000000000
0.053817812344655
-0.000000000000000
0.056657489112304
-0.390067256093552
-0.359627298338202
-0.000000000000000
-0.053817812344655
-0.000000000000000
-0.056657489112304
0.087602785668420
0.359627298338202
0.000000000000000
0.448863467243110
0.000000000000000
-0.426366403223025
0.087602785668417
0.359627298338202
0.000000000000000
-0.448863467243111
0.000000000000000
0.426366403223026
0.000000000000000
0.000000000000000
-0.000000000000000
-0.000000000000000
0.000000000000000
0.000000000000000
0.000000000000000
0.000000000000000
0.000000000000000
0.000000000000000
0.000000000000000
0.000000000000000
