0.437884612187491
-0.213243132803896
0.132317319920807
0.265114975648458
-0.063755835556965
0.282963806058779
-0.539481292723363
0.070815905303653
0.220130278568865
-0.590876198781400
-0.032404750415089
0.454430272365238
0.019020602326847
-0.024905802429288
-0.257873335046530
-0.055682103804179
0.264388289898160
-0.360289916213519
-0.151301191640157
0.478129715449321
0.534674340419735
-0.131423007851363
-0.151641763424244
0.064046195646713
0.156895825955292
0.227974749351423
-0.063198500551395
-0.252851212110970
-0.226381640732710
0.518853363102023
0.475427831703328
-0.163043349919025
0.021534503245947
0.308311978296950
-0.333252829382889
-0.081332827110275
-0.482039641496722
-0.077939594937003
0.580749029758673
-0.213799994610265
-0.151042255652462
-0.189718683018405
-0.021957511529368
0.254900240527466
-0.071568671204482
0.106211861651851
0.462030399217026
0.020850000262051
-0.207723875353746
-0.040986341946177
0.065462551963694
-0.332810786406290
-0.239131966508599
0.271492044366621
-0.430956321434136
0.441862933217539
0.096132825248550
0.245681804271803
-0.006322333428298
0.058618963684292
0.064812950258857
-0.029223292149590
-0.116057079120256
0.165814006294487
-0.269083677387910
0.639528431552602
-0.255588114871008
0.213338461762995
-0.092484293047258
-0.167334712162665
0.243295505823533
-0.030733571821314
0.285459962828145
-0.084681236810059
0.081202013380698
-0.322315954438499
-0.194369806896170
-0.086970514920240
-0.284786839076164
-0.239783423935080
-0.032826886940543
-0.307821289733871
0.119271020049270
-0.248600822367815
-0.506379396556092
-0.180827656231720
-0.146172586801254
0.225604608504108
-0.071828478191410
-0.226664592132311
0.032229148057424
-0.192911519233127
0.213711462442050
0.055262133505302
-0.204242855799335
-0.118740385927693
0.057919815989342
0.150051100330300
0.286610431662546
-0.173455538304542
0.069204626979784
-0.213241471982628
-0.397550405323782
-0.223461012406636
-0.402155544844634
0.272529140022601
0.619395008175299
0.208574180913962
0.262462868052995
-0.282486622782093
0.122610445731192
-0.002592761162232
0.128901802657717
-0.323815295335043
0.099153646477911
-0.402592577591662
0.312327531219554
-0.108680308343677
-0.189071393045157
0.068144925631163
-0.374987394821136
-0.064827704585390
-0.377558269502192
-0.086868509216885
-0.000767389155678
-0.016072954208121
-0.197010503592324
-0.046988240126716
0.263058668288242
0.027239162024373
0.311250187947728
-0.171457220382679
0.389380196034415
0.248975911965440
-0.148372321833153
0.180547055948460
0.102172542751102
0.116908347774669
0.075222545943839
0.216675604095389
0.325926409089333
0.141912385454929
-0.253452951627595
-0.090114781012073
0.096445764536344
0.774003836001783
0.063279819521363
0.172979133219058
0.166742810458268
0.094788041666455
0.121335132540782
-0.320830042001329
0.179402466774700
0.061654120762526
-0.175720469132460
-0.243029426516760
0.317276130441645
0.166942758480246
-0.245892546126814
-0.071543482340475
0.170601092531270
0.651558314029462
0.381073256404263
-0.018080282489116
0.127790546588933
0.084726063118489
-0.239541835639123
0.100615603047606
0.254824044838707
-0.145326784886101
-0.108382768135659
-0.345441601794838
-0.145152697198878
0.349063645848326
0.106615650586366
-0.522008588348341
0.125969723977949
-0.149766194990522
0.354514804451187
0.350039051428289
0.452041880406728
-0.380864299514754
0.295135461045322
0.064182287052051
-0.314482594507730
0.089958428098061
0.209142997113534
-0.068577662813576
0.311529171314102
-0.348303065505447
0.344895321599291
0.188794613928449
0.443967710766230
-0.404641210528331
-0.157269713116984
0.203609096538964
0.014229613012346
0.477735945762586
0.064481863146820
-0.318630364068506
-0.202823324017047
-0.447488848879800
-0.326306747441340
0.278283472340524
-0.013952815587131
-0.488009310243116
0.306904742056222
-0.340889408811345
-0.227612922804648
-0.055220504305671
-0.176424797066652
0.139186496696693
-0.365251679646169
-0.464035138305938
-0.647856789155556
-0.059816567414855
0.099205655265627
0.269382141831601
-0.188281234740764
0.042814773072916
0.260285940005216
-0.250107802611869
0.373194531880096
0.297270400869750
-0.182665861239471
0.259673691971205
-0.031057523939582
-0.267315332650721
-0.059106027237627
-0.127335109525945
-0.376725307313319
-0.263114238704827
-0.072308613002718
-0.428433319369349
-0.263766771147037
-0.106171590663202
0.232761229232358
-0.410453419355971
