0.144566014134529
-0.416868183714549
0.504195693731499
-0.425153016512232
-0.268536453714669
0.522196477827613
-0.159850591202332
-0.448929772856230
0.210580358753796
-0.242280567934257
-0.019022089795246
-0.157491608170781
-0.019213656813932
0.056115075557273
-0.328787626779630
0.134278124568184
0.103406213088397
-0.220278604270507
0.102234074021002
-0.452991746401752
-0.335868578502021
0.240004314033433
0.127041963771382
0.328567062076032
0.451764411484346
0.145915191477844
0.509215356807322
-0.006211999192553
-0.388837655992062
0.115040444490899
0.406762533712919
-0.084916258366369
-0.195182766854308
-0.116020669679733
0.494136458716471
0.218665513486891
-0.514819564455635
-0.354292436315746
-0.079731127861113
0.136758292476354
-0.317945303074014
0.113483111854295
0.455663548093801
0.126669759920287
-0.038606013613277
-0.051118276193576
0.507405085152426
0.384359541960795
-0.036905531106575
0.300671212598527
0.167152645560804
-0.317009404943871
-0.305213518044902
0.192229410390014
-0.386304010000308
-0.146429791949128
0.342924423822513
0.381824437779506
0.429178325317145
0.096641099875044
-0.013213430455836
-0.070183686695804
-0.362428239742807
0.240235949736453
-0.490129907138438
0.076752915419841
0.380253339969708
-0.346747465540953
-0.037385639168824
-0.477900115073933
-0.153236065644816
0.442719086120933
-0.263609124233566
0.460693937502941
-0.432768417235277
0.174501609437408
-0.262564383033654
-0.354366727223675
-0.300219199447309
-0.349602788105337
0.353485871185007
0.327595597317053
0.217971846640399
0.199966178341090
-0.040724531012471
0.504256563785126
0.025127548937052
0.131180090348353
0.328195154373792
0.071265576628741
-0.079418766764914
0.243554430717274
-0.093875120247095
-0.304796597705198
-0.329481014053830
-0.577057478570805
-0.192207291572911
-0.204045140048273
0.343693849753640
0.510231693616382
0.092958759331017
0.044975093348776
-0.303671402150697
-0.163378526513013
0.523094282268525
0.455710090584007
-0.236304775730490
0.172951596973720
0.375414091986518
-0.056478603893156
-0.395588595183354
0.191628139489409
0.153275977493521
0.277696574408958
-0.038499739902851
0.168672108672186
-0.056235347224248
-0.166152573906615
-0.139035073293141
0.000000000000000
0.000000000000000
0.000000000000000
0.000000000000000
0.000000000000000
0.000000000000000
0.000000000000000
-0.216320975214584
0.225448745999131
0.159728863428631
0.096106268196917
0.554856397039557
-0.028123420890276
-0.475085688025720
-0.323485549515881
0.104845218468439
0.008583417361117
-0.569185293346236
0.000624152129095
0.120379268420661
-0.178938513133758
-0.252416343054430
-0.263643771471799
0.106247969763164
-0.308089326982591
0.124809673784608
0.102440031958878
0.260920737966158
0.006545981781370
-0.021162746509444
-0.512199991920335
0.287375075513721
-0.079799800184322
0.117047181939616
0.041042260747548
-0.134118731887611
0.102000661744579
0.204010754265092
0.378508071500145
0.056613677477592
-0.132899888618138
0.434105237174546
0.092003556861173
0.162006354807986
-0.381492581919947
-0.077450390672952
-0.172793069364547
-0.301958633819054
-0.241630867945662
-0.328818339344815
-0.215692866062954
-0.231774977070574
0.124009930146324
0.326263750222221
0.135616858867555
-0.363041264315509
-0.121384847732475
-0.223261399985002
0.077455454436066
0.208288300180503
0.192417491400781
-0.504834991606324
-0.027904666709558
-0.010582847573375
-0.325495113052685
0.093769698430850
0.231745695005902
-0.165685142742182
-0.006057375535026
-0.074226626158815
-0.042293015391529
0.155554560987990
0.125841494101555
-0.260585353852311
0.093089165672642
-0.271644053214018
0.141165368844798
0.085250975298717
-0.129937531292655
0.062338521756967
-0.078543958596276
0.441861620058472
-0.238101725110105
0.236981755027959
-0.296247842397240
0.102239519613268
-0.335285780314839
0.031045726574019
-0.399785515406911
0.353023866290368
0.333284615212796
0.245272273544348
0.123983365606052
0.050388641228472
-0.433139793498414
0.018088812498722
0.180061632066284
0.142855680051790
-0.113434897695118
-0.238656087474826
0.329433751421747
0.122237912696633
-0.083255438724635
0.002469858033581
0.134562620013748
0.179148514108776
0.038001641336462
-0.188400739294760
-0.175107422413272
0.000481822305208
0.464784810522045
-0.231339453445793
0.434767624981107
-0.008176426524521
-0.491962145128388
-0.101472867353301
0.323502282199349
0.221245699230786
0.473647665066152
