-0.384736861025346
0.500050233466076
0.143192305364110
0.020235170849496
-0.345543999662471
-0.027520457219422
-0.050207720051974
-0.078429688161944
-0.050494575853610
0.188519335506704
-0.123917691024978
-0.258051365908193
0.568024661157541
0.270028658828924
-0.238653298438699
0.180032723185639
0.038556129388782
-0.387886476024217
0.233805772612954
-0.012998962362575
-0.267312242168092
0.757982849889212
-0.062849671876532
0.075523296861403
-0.079824226161435
-0.108300903560351
-0.133971434694770
0.391196410143364
-0.057083376259553
-0.392170998421274
-0.170102643678825
0.156772135023785
0.178150702631548
0.400925558351187
-0.250347579299409
-0.304340501256687
-0.210931820974392
-0.007212941977494
0.062401784351731
0.086444129696284
-0.600893522007791
0.117801349457804
0.028541995261228
-0.425104314908224
-0.621360705334784
-0.072296302413693
-0.114354605578372
0.103026512582332
-0.175152672612676
-0.180148934584210
-0.070113226776007
0.461808640942628
0.097222307307095
-0.058504427634829
-0.249349634411267
0.335403508025855
0.332039656703730
0.156110571434186
-0.006072362396348
0.076372507591936
0.042851626133964
0.269889905993900
-0.145848950771194
0.081973681246039
-0.431113054513250
-0.330670975596693
-0.451833346740586
-0.378716962314542
0.141016992552662
0.280090548850139
-0.193422424226980
-0.592455059713530
-0.009172056041435
-0.120487361070779
0.283400385794468
0.307596963954317
0.006937391688115
0.145085797907803
-0.476758822096108
0.294190232991147
-0.040175531985408
0.283194137894414
-0.263913380616318
0.281389707746435
-0.104812063144919
-0.379232716489176
-0.021370518063226
-0.312479841822751
-0.221970633683724
-0.297321718974020
0.024621969549869
-0.031445863404412
-0.092341283089195
0.298550779080578
0.281762162927405
-0.193887769182843
-0.377518151314838
0.029298710357597
0.132577971564519
-0.025236029124142
0.171815294849432
-0.341254486704139
0.008004504350179
-0.069117197013794
-0.096400382054797
-0.259489933365940
0.109000946708412
-0.034272363058887
0.035477000393379
-0.391034719382098
0.204853124563035
0.049714222939059
-0.251384149235585
0.117897611547037
-0.349933160759293
0.162822756691486
0.525461783771702
0.269717377578688
-0.254106826547171
0.030660109707187
0.255419082588551
0.021703184964264
-0.672844674495571
-0.081363663600150
0.485413671489114
-0.120346273615286
0.159808385057913
-0.098282697122953
0.303516176457445
-0.330064001019179
-0.213974908586328
-0.035137785290974
0.142909267248734
0.157920167055705
0.038802063875966
-0.270959577910989
0.323033651469233
-0.425281603768272
-0.051532393457791
0.074780259555646
0.564483186119317
-0.203191517266615
-0.182679837485888
-0.202966111678566
-0.110967417877078
-0.170229088403605
0.069096471483254
-0.052270929729504
-0.132986567217279
-0.547222650879476
0.016891280449072
-0.173174359294861
0.076851325691854
0.319818479421367
0.038454053623563
-0.315687186955348
0.037154076554323
0.113295237361152
0.236933895253563
-0.115799438427154
-0.541613715645111
0.335681289808646
0.048091654359868
0.301680311539881
-0.017128495760852
-0.323749699840676
-0.298761151308848
-0.481694048359927
-0.078918191595433
0.032650604380935
0.008572994208544
0.234421866573474
-0.175170942024729
0.289556495724320
-0.223327352552101
-0.291575144873884
0.345142463069340
0.117574575539622
0.096680741885229
-0.174838730205831
0.387246542035528
0.355583042779281
-0.053608114659184
0.072033228901413
0.271146811713729
-0.292984417350498
0.507234685850775
-0.208081050016514
-0.092238920456247
-0.197278311882597
0.033041879699519
-0.225773861457853
-0.185718625075660
-0.235978437468552
-0.158461137260820
-0.408061760396462
-0.101869033631529
-0.010042496427642
0.049770201506198
-0.200419044990574
-0.335893306669920
0.129653406769709
-0.615678682291998
0.058221751281340
-0.396584090038501
0.431571377237984
0.549296001217953
0.221745935039744
0.253442056864829
-0.038832762034736
0.004598561052057
0.150413865984019
-0.170253512977508
0.177701831117992
-0.133683244545390
0.108469790605277
0.373249989336669
0.416813272101676
0.263576947735251
-0.347669945057532
-0.126723858294305
0.174744265200945
0.097589866857401
-0.042483649344947
-0.065962951479452
0.052490388369572
-0.139059189829188
0.502625324301371
0.370323962600608
-0.094944066053767
0.096070654783129
0.146997154409378
-0.239208743527078
0.550566667079320
-0.004038508285657
-0.281213553938400
0.373655312198886
-0.090282408664004
0.465873620844443
0.590645482572891
0.079757837936605
0.073374287360675
-0.086393942605006
-0.194125169724049
-0.134896310719901
-0.534151396710486
-0.250541402086849
0.078758318065796
-0.416731028496810
-0.078115200644092
-0.433535492995064
-0.315698387032030
0.362670874509324
0.273873123287805
0.117882827218272
-0.345833966088502
0.592606518262571
0.152519712302584
-0.080791121081148
0.253031667872686
-0.266441049439766
-0.232563033225273
0.253598586303187
0.081727499588227
0.149456470481420
-0.279434393749312
-0.307512542544626
0.332399905226542
0.074202425189338
0.020457657722030
0.083496096894616
-0.012113942834657
-0.076182935121287
0.011768591266032
0.209825949883694
-0.514818240475069
0.320665082614867
-0.286881117775330
-0.402260066210428
-0.200377672716210
0.317064573419285
-0.151931339651714
0.239309609110534
0.171767787822905
-0.302491599061300
-0.082334419037168
-0.545900365306185
0.027052347905365
0.102733986539620
-0.393648404560805
-0.328037150283276
0.368991842673130
-0.313690635750641
0.105016221754143
