-0.16591843160585545
0.15892225296328916
-0.13177355931706117
0.30786465982708483
-0.31238281603712503
0.06503355077253455
-0.3354012716781967
0.11960882279018928
-0.8737801472197674
-0.06624854289799614
0.08349748416033191
0.13783116048556474
-0.10056780184717322
-0.08322012694486178
0.25396198771723644
-0.07713658420422541
0.6386112666781112
0.4220379769202407
-0.03459165991876772
-0.14394454782304197
0.25291250427042594
-0.07838622226389705
-0.0797558462143747
0.0193529184551745
0.3289669069013622
-0.278611195904309
-0.3645822053856475
-0.43043078927344336
0.2690299991471508
0.1754898226121976
-0.20472856531422212
-0.3642247008951825
-0.06036271481355707
0.1952804888959533
0.19402074222721022
0.2821320907918688
-0.1631311776337928
0.10398670156675016
-0.12091445276906863
-0.11452655899471394
-0.09310439095559621
-0.5819854816778217
0.12116118925271545
0.4027244763237193
-0.013099241690330507
-0.4672672375669809
-0.06751317464124415
-0.32718189993203983
-0.06053785847149505
0.14784096424883955
0.025143303321821242
0.26808216773510357
-0.1506028683691429
-0.1515573117948373
-0.037057397690700766
0.14075219988486853
0.15841670057563348
0.0654074391490902
-0.191523330574067
-0.22459415530653926
-0.573237911938183
0.28521689171450065
0.23985297635400576
-0.3378221470803974
0.3455852295243955
0.11921186370923113
-0.14860009221860215
-0.15282700171734423
-0.05187670083836841
0.2237306166338175
0.14631081736949544
0.14480415492488155
0.6051714857413965
-0.25545699463804566
-0.03872377251101883
0.23826369578419854
0.10772265762193976
0.011428606754655065
0.0782084610508798
-0.2240441451018122
0.19790648147392587
-0.44734223812381274
0.3183430570173581
0.039860045907992914
-0.4200379831127123
-0.33436865802623733
-0.2312385986386825
0.15752896749745524
-0.41824138675682404
0.042966580572245616
0.15114799472137144
0.082013364328476
0.2179808124357894
-0.06217958110584327
0.4902510862799258
0.1516679122792627
0.16651434613617155
0.37662542520769215
-0.0252259351883537
-0.015536766326726384
-0.12332390264021832
0.4587433224216538
0.047607031906457355
0.10850003157234805
-0.383103456177553
-0.19083121483344725
-0.3220033588381129
0.10629993689558744
-0.5008437701913184
-0.027359216970350587
0.06824767495040054
0.12967075074933604
0.4565013014875308
0.18855317438269514
0.07504004982036329
0.41836259016595967
-0.029858789924440285
-0.39692298199054826
-0.2724678569429992
-0.10760941344935217
0.4321547844949394
-0.0287716065667443
-0.08434135956649026
0.4002434527554892
0.5849950454269097
-0.1957182419441723
-0.12154934696905621
-0.0736749518661781
0.34119174252909706
0.04044285354655777
0.028559270240656985
0.12610394992244953
-0.1496650589027627
0.25203038589849724
0.45676394711628304
-0.4089170297238459
0.030212444682275543
0.3315097544640267
-0.009004172690187608
-0.4082596913000999
0.20846020165848575
-0.32429674420526555
0.22006962214927261
-0.02593036594364262
0.3278589827945657
0.6208928948244844
0.16126510394942628
-0.37137902276101936
0.34034487822183296
0.2639800565408631
0.3021057847181359
0.12444468803112597
-0.04489453967923517
-0.15161953348761537
0.0998177198531619
-0.009747989976115012
-0.2272796777896892
0.12707302205681564
-0.3357909556195592
-0.24605512938280183
0.31998681963096604
0.2504646588305335
0.16171355138596633
0.0033091516575990865
-0.5270070973357291
-0.053669495326587054
0.47603278054297044
-0.20233811133842797
0.2580527598999276
0.3856783923878718
0.27792141788161123
-0.17056078509725583
0.1612396359912581
0.09692845466402389
-0.1880442379720834
-0.22720142960716833
0.1705192083213531
0.09352964302034786
0.4484954443902158
-0.3603840543721779
0.3954223741745639
0.20960606839574428
0.06305429523970775
0.34964460359088845
-0.0998153232941507
-0.10942886065241901
0.1106367059242249
-0.11859483470353173
0.018281155535581177
-0.15582623182200203
-0.24895364495314573
0.31050008543470736
0.006883230880423136
0.21416540753892946
-0.0781852975205118
-0.15177063406439267
-0.004455608359052139
-0.2880338313199637
0.24124828692203454
-0.4939204600762898
0.2507463849049251
-0.17086959565062262
-0.07664287981931543
-0.02363052526581028
0.3794403410789564
-0.14506685235381714
0.14873301690779595
0.43855058948554326
-0.4896523266730525
0.15180675787287212
0.3990637885528132
-0.147138811622682
-0.28608136051395344
0.08652584250866284
0.14005231523108375
0.2644764036731054
-0.3847997913814954
-0.15080312875876634
-0.11888047161450703
-0.4171111152799252
-0.07980323475872164
0.46335286914953183
0.21621264672106377
-0.10336181769276089
-0.7669048275000889
0.325821122460789
-0.2957267807127788
0.23415437479111859
0.02677270040721312
-0.020839411808662247
0.03273320629302829
0.08799426833102429
-0.26162349597826406
0.28223574554309205
-0.35413564585655116
-0.24122908486352276
-0.16385047119144072
-0.22299125752591784
0.1700183453107878
0.1064309040185862
-0.4744488680502884
-0.03951114388987301
-0.012839095756140206
-0.0964987834933961
0.6145546560749192
0.11199626305638455
-0.1682181700272805
-0.4875973045296618
0.24968463865064974
0.07976574973745305
-0.30779518794886096
-0.11927401031898671
-0.0497800211572306
-0.21341709548824592
-0.5019270079034482
-0.19841510544380495
0.2578817522741321
0.22206698724091606
-0.38236492846608106
-0.1847789018433931
-0.05727967833441412
-0.3357047044529054
-0.3141328135332465
-0.18096730754712587
-0.36376924684183626
0.14136059785210536
-0.3701889268816496
0.1911831505130256
0.19697501805602768
0.07021361908729723
0.12313084318833914
0.4808459523633235
-0.2127789192123735
0.36550379844562036
0.24635664196390042
-0.3955835115111462
-0.3021532139256622
0.11048453100073923
-0.35358430993031775
0.1826606114668038
-0.2305920848085793
0.23693519731292362
0.10609462062581132
-0.2792382496237981
-0.6105311063581353
-0.06394408660742493
-0.01241797913174407
-0.3033592034538477
0.15174404573042555
-0.09354695735363289
-0.2952290570165
-0.20440831331165493
0.2829522111482376
0.09954325085859564
0.25795184880403205
0.03245900793126622
-0.10960793706815421
-0.08724308239822368
0.2907667299788177
0.10875394992491892
0.263459331854182
0.5289179915041836
-0.2293813994805386
-0.03497234249260533
0.4378151080162239
0.004803540825141606
0.28775109184730996
0.4631780366250828
0.07671424366864209
-0.18413276797431224
-0.10527487204358675
-0.17651238497529434
-0.24956320581596966
-0.009408409605116687
-0.37237883961126644
-0.24281631844164475
0.005869929962731499
0.12301986103699128
0.10292961076045998
0.44395924370553996
-0.02394036607177483
-0.02952029128600663
0.10158875201694294
0.36711892834664006
0.42864600267154507
0.047592716171332525
0.31886913835884073
-0.31291104209369874
-0.11878230051275519
-0.48433263070883054
-0.3795052200767858
-0.01285725007835207
-0.04497890227897169
0.4618309111486809
-0.11395363068636663
0.1984530098315209
-0.21806140020698353
0.14881520273915005
-0.04810074481314383
-0.07291727539232395
-0.0665225455247673
0.2951694941049809
-0.4405255813525542
-0.44824540752233394
-0.2132938130153343
0.24565777253024876
-0.3197533427565275
0.2844235710736931
-0.30568216634325907
0.1556572574715635
