0.5745168459824649
0.5700422824840294
0.5841917266933505
0.004952503862926347
0.013831017530514045
-0.0008518849291394386
0.0038033796941005114
-0.5737986065808032
0.5837721916033687
-0.5724691762718775
-0.009868126916669552
-0.017214053789382646
-0.014595510442808187
-0.015120208441267075
0.5782877481351179
-0.5711229106704822
-0.5814994363596985
-0.0019953348785214093
0.0016612516144951866
0.009496221273139352
0.02683431706808473
-0.5798350907761278
-0.581684313976721
0.5679442767769135
0.007706218113983309
0.0021918441878622935
0.0058677838626951355
-0.01587238268592646
0.5677986060010989
0.003959645065756599
-0.011423154535806822
0.5746224115076398
0.5882266472317381
-0.010582412193153324
0.02224218667106687
-0.5707761643943914
0.0011961004121811493
-0.0005113430086429412
0.5797776887485918
-0.5803008983916712
-0.0015331860610677407
-0.021248068237995323
0.5857032263729492
-0.005280219889985375
0.015688357808029834
-0.5716223915956129
-0.5731909467924365
0.01944489379537611
0.00857493713641279
-0.5829910780217609
2.2301583951921474e-5
-0.003988884767324222
-0.5826462469499388
0.565315288857152
-0.007470290873314363
-0.009386235857217732
0.5566392493032137
0.012547136414486635
0.0056796021704947665
0.006476663055369772
0.010019449254933702
0.5733799232976595
0.600162443611336
-0.5668119479678406
0.0026887100341173595
-0.0111582479120228
0.005170997814101226
0.00806677604292267
0.5803691823442452
-0.5840650326273508
0.5967028186236351
-0.014441770062144805
-0.0010379547099979211
-0.004231436734159302
0.005316631421054157
-0.5642921514850255
-0.5691953075624449
-0.5866581758303624
-0.001686357104424298
0.007202398937791463
-0.007853701257666473
-0.023343742923621243
-0.5887348031692581
0.552942084280002
-0.005057638858280853
0.5874811115579379
-0.0021571462411324465
0.5802027950265319
0.011273937180126417
0.5633736843365083
0.00276606872204541
0.002977692208277355
-0.5823522252871851
-0.00965532215129936
0.5738782045415874
-0.003132179909892864
-0.5751678897818037
-0.001794079710393778
0.007296022063831971
0.5665479051472749
0.015580448789736167
-0.5857217622533939
-0.015045918563960365
-0.5782299597764888
-0.014508538645546807
-0.0047333760868194415
-0.5716434116244956
-0.0037279572913750253
-0.5685102684305912
0.007110802988866099
0.590350018992846
0.01338634501626208
-0.021398521566475568
0.5841952118962275
0.005873926076963691
-0.007319139594133404
0.5680475845132051
-0.02379278588953277
0.5767866902442604
0.006748371128500927
-0.5803778210018794
-0.020489409111886316
-0.0009083362904724473
0.585484484684445
0.006491433674204428
-0.5648899818582128
0.023712434995366953
0.5699269870815455
0.007415787485836439
0.0017816436000641167
-0.5718978241644332
0.009146745925946106
-0.5884697326160933
-0.008546235816995146
-0.5720165192957823
0.006769750359935527
0.006419947523817675
-0.5813406995724506
0.008866700680421398
0.575563862838735
-0.018710305782428098
0.0018745506657007758
0.577278840987848
0.5824425644967758
0.005038345632711248
-0.011405890244541556
0.5714518931701073
0.01571886921533607
0.0029250814925543666
-0.5888633982098982
0.5712884806922638
0.0026220078339666292
-0.0007634471777280481
-0.5701472824236835
0.014122019610972295
-0.014591364847188832
0.5765311873743562
-0.5705660752352678
0.010579148253254995
0.016296974190496156
-0.5829537241993716
-0.01196090934720324
0.00905861306087676
-0.5632334883808641
-0.583387808056625
-0.018562563745706105
-0.0039033889204285977
0.5805843672686685
-0.014666319440234528
0.003020244189758509
0.5666766258461898
0.0074133402294382445
0.5933467904970604
0.5700797107525664
0.007945919900116264
-0.0006422931162419724
0.0011807816321929027
-0.5821970704688584
-0.016136676793589887
0.560063888410075
-0.58828998106431
0.004000276344719394
0.010307552541142012
-0.015822869714583052
0.587321402396695
0.004520315725412855
-0.5780836467476421
-0.5652234013842359
-0.020168737440672702
-0.03242088531643452
-0.00683354053144274
-0.04727191155487806
0.009553269669037995
0.006143410614060602
-0.001998228909640499
-0.0023992714024471213
0.01172966424579492
0.016018940823997633
0.00623255172935793
-0.008097007219613607
-0.012422972090068912
0.02130079600493996
-0.017384606656916036
-0.010161715005797182
-0.010651758202066939
0.007106837086411239
0.009123050996512639
0.004809794067303256
-0.0067904598918671535
-0.004858477769415105
-0.015142152572433482
-0.037433415250090564
0.0023797656889277844
-0.011183811660332539
0.000430687741753208
-0.012596815844873814
0.024560535521578164
-0.016446680243387534
0.006675889780851994
-0.002020854010898863
-0.001231411926503658
-0.017669139979247468
0.0038939910514529364
-0.001531810351859706
0.013441890058734253
0.0024979829078151795
-0.0028292945051420007
-0.013780475756133729
0.019731127692062356
0.0002030172263130926
-0.00967246404794092
-0.0198228042165311
0.010634905535698135
-0.005439064352017618
-0.008120285905001204
0.0019783795574314423
-0.016429754914771402
-0.0071171444004091205
0.013331883563427644
-0.012348660397777779
0.0034455152476938703
0.0014010250176994437
-0.02145473967659472
0.0040438542291834825
0.009101543120595386
-0.015206955940840337
0.008391832611523466
0.0021556681485261527
0.012134175448689296
0.01843610075446964
-0.003639569891265302
-0.007384454583515894
9.934308453749356e-5
0.01165010876764942
-0.01614537049533274
-0.0037119904657337832
-0.0029372977039104644
0.00034408522697412433
0.011017479671485645
0.017894313516934178
0.009066975916212961
-0.006264536171088265
0.007372636718265836
-0.005482751000517135
-0.022007897705651425
-0.016449235690813357
0.018066203209658238
-0.02855136118229169
0.019881389492009287
-0.01486511256941558
-0.00886554571743426
0.024257777478309133
-0.01980887629822934
0.014565104268231616
0.011914824098211062
-0.008425855635327275
-0.004058538378183627
0.012750575813872421
-0.005712967792457582
-0.006243313186287887
0.004819255888788093
-0.009130807570222516
0.007415091173879387
-0.014038836347580295
0.003295711617134131
0.014602502196762575
0.003702065183083537
0.003325833725972212
-0.0011005281394016531
0.006526355487293817
-0.0021925186648251833
-0.018269205102443436
0.01715557334458574
-0.013527453320113758
-0.022360492296602783
-0.00543032926406804
-0.005328844499798895
-0.0018259496539984991
0.0016452928637534438
-0.02017909189668314
0.01641846331900552
0.01197115006380505
-0.010607695634673835
0.014279200852564324
0.008086473210470796
-0.019549981723716803
0.023729650158188675
-0.027794379597445688
-0.0007372558631424304
-0.016689987724887525
-0.0063797913021460505
0.009658490293427906
-0.005187646379030786
-0.0064901457049989925
0.016684430467509247
0.004964743802650703
0.007879311802143381
-0.01645683099457972
-0.005754663821090907
0.020519107782932644
-0.004334984224958115
0.0168780823694305
-0.01834473367929442
-0.03051002800043684
0.023987681827063925
-0.010624650227132762
0.023105431925469735
-0.028780787686792673
0.003122952960528214
0.004240295696874906
-0.010119389163327984
0.0006428492498117851
0.0062187393007513015
0.016381164581464908
0.0022109372655081416
0.003280997694271188
0.015203417611607734
0.012255393105663986
-0.014789668358518072
0.023344729296153277
-0.00017637357504208457
0.005952404911405129
-0.018916612246983874
-0.008686377812330167
0.00804290438978589
-0.022101214024141128
-0.006207243670923207
-0.008399798310547
-0.01628218601213743
0.02093917159415703
-0.01015137643914776
-0.010675760236781125
0.04738389401574316
0.01714988194895119
-0.006460259388713558
0.00875724473887281
-0.043459981242363374
-0.004889414341659243
0.00636789794038064
0.004549411078500477
0.0074370172101189255
0.025583666556068956
0.015595794376385422
0.02111344589992124
0.012090224109043684
-0.012095067777723388
0.01937879863977007
0.004228995476491985
0.01041290714892304
-0.008439798575865574
-0.012089814846640916
-0.0037831512828493804
-0.00783663637835676
-0.0011593991141797336
-0.012540109712802448
-0.006245886979366382
-0.01829918086130082
0.0018328453661529969
