0.053496425788268
-0.147744127217156
-0.251204591956065
-0.157600091192946
0.428500343891639
-0.068684715831446
-0.027782117339746
-0.297232208356455
0.038974342789038
-0.120802250769962
0.045705446079968
0.178476037224851
0.032446439810612
-0.352123702340583
-0.203865501245739
-0.255280770795389
-0.173668405369231
0.264744534179227
0.084473258199288
-0.324239195063345
0.058857450675577
-0.472930755463564
0.016710253389313
-0.420210545999672
0.334892564082458
-0.024236376671950
0.113898539877176
0.519407313420105
-0.421461993879354
0.188967607812233
-0.128768630653554
0.004452767670376
-0.096676615725336
0.056459355604704
-0.045303994769097
-0.126145655864250
0.289729974514621
0.229489594073667
0.147491704824471
0.265698911369883
-0.135123960078794
0.188620754501869
-0.381132034124312
0.314667394310488
-0.304844324805376
-0.027832805929216
0.365067855517135
0.314189575473146
0.136698783428074
-0.103478192256614
0.309502902439815
0.414813369112255
-0.046155937720423
0.207189629651076
-0.504412050660756
-0.369518174392507
0.077863774798914
-0.551948343314823
-0.107924131552342
0.048218244364110
-0.428577428426421
0.240614024568208
-0.306935804670526
0.358431557861435
0.054747954550404
0.224210567945157
0.566289970990570
-0.159237883999058
0.233467416696978
0.019886222342811
0.482571284431991
-0.405037130465993
0.273274476962942
0.246278782817734
0.061300722293429
-0.000185164675065
-0.224065026358796
0.046436404997119
-0.068762763493646
-0.120265335500958
-0.021360906361295
0.039730634578025
-0.073991925534684
-0.046756613020628
-0.340997694801374
-0.073547427248064
-0.326056870806373
-0.089434580929557
-0.708153830841418
-0.383180590057428
0.039448509192151
0.039190360251772
0.140467042672586
-0.060441267801120
-0.519274102943288
0.492895374889094
-0.209219867784981
0.026162478886382
0.176217220859363
-0.479280913876055
-0.262844654032361
0.254737909183255
0.281529011071419
0.113680974877346
-0.069743928565353
-0.191151787377592
0.110275296421688
-0.047683344070176
0.201626356191107
-0.264426025545434
0.151652896187842
0.036018773647788
-0.109259897033118
0.034579868372272
0.007076879625277
0.265710036202871
-0.012702806224270
0.378261039139762
-0.156097415662770
-0.162724302897269
-0.186542469244599
-0.549518550689440
-0.427952871952221
-0.070592623418777
-0.082645688093760
-0.025785245276030
0.346763663833730
-0.122594500987739
-0.224376389795769
0.199894959282000
0.205090668869333
-0.142994903048565
-0.393048783088676
0.214266962961373
-0.297209631137569
0.105628854519719
0.382682810135105
-0.017651987414999
-0.332284097761163
0.000920066925570
0.142788831024695
-0.304342002164213
0.084060911677277
0.233289016425757
0.272325474265463
-0.076527557564221
-0.089027269419422
-0.126237215940539
0.115343623938436
-0.279573045299815
0.136647666934945
0.104543022722886
0.193488832449265
-0.196673855090296
-0.028550565418081
0.277038395311513
-0.121903350178428
-0.597774200660294
-0.023469898754134
-0.225670628491140
-0.304944113533570
0.134216148286539
-0.098983048244829
0.251687350209389
0.312032212710297
0.106917935547688
-0.086338035716186
-0.583170206674681
-0.520880610048462
-0.349880820071897
-0.005759235086443
-0.031368523870855
-0.142052452712144
0.334099665007594
-0.361087291995371
0.271083563283557
-0.177732870546967
-0.384684354410325
0.154138915061671
0.140169506002054
-0.010224430599350
0.136114842195387
0.195765292251813
-0.157519606146768
-0.222827507787265
-0.124738320880662
0.248360284774192
0.069132561330557
0.555260694091641
0.013127722387143
-0.191085408027572
0.398532383401654
0.061843037960950
0.422482767021479
-0.229578532584789
0.102842381746102
-0.253690658977215
-0.321783787085053
-0.331417963006301
-0.201403033288010
-0.124288374969264
0.504498176316999
-0.041362947604901
0.431942958279045
-0.040526836478810
-0.164100364419321
0.185080467461863
-0.439887002287955
0.121908955417042
0.490411121076855
-0.462095314531092
-0.176189366157447
0.349582046670486
0.345366553839530
0.339516150580326
0.262942279113618
0.257068044072232
-0.152856900917932
0.130393167914345
-0.000815717159565
0.341579155488130
0.336926761526414
0.264920889319644
-0.580122314784117
-0.031523768554268
-0.196060433869901
0.076111277796458
0.251148024825581
-0.252712619912236
-0.122536676591491
-0.129624437815263
-0.386861769100983
0.339313570419849
0.509194046689212
-0.013660359623712
-0.401575950020524
0.237957540552009
-0.115435782645432
0.389258610917723
-0.253285374644204
-0.190318616602543
-0.356993175494675
0.137276048093046
0.346236107973074
-0.428050402724871
-0.030505422696039
-0.102630789963645
0.394152889946890
-0.389386294251271
0.263134156623267
-0.007301862194236
-0.153646158336590
0.005490792807375
0.172378918189664
0.369729017646840
0.313839107587640
0.030742105582071
0.046690174249927
-0.131653913819178
0.070741817059362
-0.030261260390261
-0.138568820747595
0.094650164648264
0.518608770243757
0.055840144776179
-0.182704772258383
0.404567004492795
0.107917710989198
-0.164584545615687
0.230814432934830
0.036198139780531
0.216448901987394
-0.336854669715245
-0.342833956917826
0.159009547585282
0.386685442698115
0.276588940096271
0.043257097143173
0.160238295062595
-0.131837140472293
-0.124014003307719
-0.584284913381936
-0.142024577877976
-0.099033893278252
-0.009023752046150
-0.535636674724426
-0.543342150952991
-0.101503739605114
0.143027822676261
0.029329909542398
-0.274501304684314
-0.059484884417520
-0.057838348209927
-0.016715864659771
-0.127525280777995
-0.108294625862634
-0.215708630802537
0.390462719435807
-0.170659568600915
-0.006450610675478
-0.402346908957188
0.060768074494898
-0.156556931841349
0.454760469428963
-0.368408405423824
-0.261131685296839
-0.189219141721451
0.182986634089226
0.217104325780203
0.809189085935914
-0.044392030950357
-0.113676355538581
0.108571169731572
-0.126684104126168
-0.263639139696664
0.281045337276908
0.283010639897114
-0.457912552804468
0.408348328761986
-0.001660897175910
-0.257365950172473
0.383212298131938
0.107531641918254
0.376249524718001
-0.388161984760599
0.344787403806273
0.118626163339599
0.056803208389050
0.034004307407886
0.294872047595494
0.436002710650605
0.038315745726576
0.122431353631535
-0.344916822422898
-0.333028061422623
-0.184512858982034
0.020095506710095
0.060437006332400
-0.039647779869991
-0.290328322039564
-0.481479337922281
0.478373472295842
-0.216436782596647
-0.174344357510070
-0.224005877014452
-0.004823759263167
-0.400861999848078
0.456773832917664
0.515385475753085
0.148327627674900
-0.471915485941438
0.286868751781142
-0.338415735073198
0.272186898436726
0.081345365109886
-0.405989939149213
-0.349034154305656
0.302839861011656
0.227400432825852
0.118510457410661
-0.155656826719372
-0.381281524856225
0.269294035161584
-0.078610411718749
-0.053130570451445
-0.224835066516663
0.043475664847797
0.081008554985835
0.087217926420402
-0.432319046558260
0.442912697487737
0.117734263098842
0.032508232335485
0.021159127539138
-0.291780476148495
-0.068008874913762
-0.486412419139836
0.036608543337587
0.592114461026783
0.307951019416852
0.005146516268883
-0.314130430961785
0.192100721355520
0.321897994763815
0.015678180353510
-0.160932736912001
-0.074710054679120
0.448294435561140
0.091955339228082
0.316677159836274
0.064067906312694
0.389334628545560
0.149719232744190
0.496668790423805
-0.470642569734508
0.095522498050762
0.126177790767354
0.196912077969835
-0.066835228694586
0.347345051393517
-0.071186891435364
0.337350059841947
0.058439728488089
-0.047569552742664
0.374236423721881
0.157372507867811
