-0.3205805404284934
0.4465172709997565
0.32207375189069043
0.12137091786346815
-0.14056413762486344
0.23836029648309426
0.07781968037109935
-0.004337094442226899
0.11812547317348254
0.7582873646262441
-0.11959605774408825
-0.039672475882355056
0.16285641921022848
0.12260491400089572
-0.17644997080174246
0.058748568148803325
0.2401856206548976
-0.5885281275937863
-0.04936392871564189
0.10176140162346257
-0.016505800651444514
-0.2889168241755526
0.224994448898484
0.00900580216288465
-0.0880786639700681
-0.2221909305325389
-0.016702518429248938
-0.27590193574543276
-0.0002703518311745421
0.24827746891752828
-0.0301094869365535
-0.2154717821276294
0.39085724742701417
-0.08826911965383585
-0.021768074283124866
-0.3109977466421169
0.09836505989573864
-0.37061917740209127
0.19726377376213042
0.4129144438695608
-0.07546381423857654
-0.017314822070920804
0.33405272513156964
-0.1764762896653082
-0.4709165274277862
0.17346947845736663
0.052826290771301326
0.16221955866530877
0.3791935231835931
-0.2737445376417993
0.6142104949257022
-0.32885345315292647
0.12585133033237034
-0.05487830175919052
-0.25372978078489733
-0.1418660705088623
0.2823832666388804
0.00499221638344319
0.1735473496999401
0.3060662827273453
-0.09046232050019358
0.10327037153937337
0.5659213779339426
0.20020664201937696
-0.17435695169430995
0.16281693465994793
-0.22938735643828206
-0.07393346489471553
-0.28381477786999837
0.28029244082751237
-0.2874372242590981
-0.23666290546586538
-0.021132676129163874
0.3723359375289593
-0.03396220886536519
0.002157779226189274
-0.054701090755110406
0.06654023158790526
0.11281043554612286
-0.20844563011682585
-0.052682613399368874
0.4962445171431328
0.5878316726200218
-0.2226430410286814
0.04528688187317402
-0.059326859854155006
0.2962678230008986
-0.09797245831038931
-0.1173893336721886
-0.1061795702237353
0.40962717382121366
-0.06297962597136154
-0.16890940805677404
0.1263898240877965
0.2632149757944032
0.01923899189549763
0.2678900007356004
0.03041419718840078
-0.4688871741926012
0.22418274970165397
-0.15484484083345923
-0.0401737518244927
-0.452637967187569
-0.09701995633688493
0.08161939794708105
0.3973101509568951
0.3109224520342775
0.06859279992203111
0.09374643287150718
-0.02156202525384887
-0.1369375886766776
0.02450110936296222
0.41478490133493545
-0.13341704384616362
-0.27887371150870566
0.07811439912377019
0.05761083558821988
-0.03333761861401109
-0.15549088272106268
0.17595570160424437
0.18947041206797674
-0.2934860840815867
-0.26174366560074674
-0.48169175525879854
0.0918598692416069
-0.1277421773993746
0.42262707924970694
0.38630647714368743
-0.5022948830584079
-0.1441394776268454
-0.04132878534801496
0.03045328371350711
-0.37387904986987885
-0.09217564868064677
0.38508927974821094
0.05578864602779665
-0.4202073932022493
-0.18463616205658534
0.501602384643324
0.3158726292189767
0.1890863720049867
0.16784292795742078
0.1587333665665757
-0.4402248064141018
0.24411781910243677
-0.15795417813960388
-0.46174960536376064
-0.6501668124444948
0.03337940727464582
0.15531366727381693
0.5645072033301032
-0.2612681094087381
-0.2500457070084421
-0.15797711655939775
-0.21202493740128303
-0.33220307907952934
-0.16417921344539987
0.045343068261933406
-0.19822143925035032
0.15439449159837992
-0.16622396898987057
0.026561765874543303
0.10733135938430749
0.3761094602561052
0.18486112441354363
0.19185889524823185
-0.30290960498274017
0.006098434488129719
-0.26428393448002113
0.13399950837674396
0.5891941912560188
0.04584091752726365
-0.2578890086545201
0.21094529444969398
-0.12471000633015063
0.3413731754349599
0.11173396820631074
0.19592275625987793
-0.07586113116671936
0.0962537739026943
-0.20860282879045666
0.02954226087814808
-0.2198217803644023
0.03195360266288892
-0.08896401755254753
0.4380343259398142
0.12016758084458169
-0.24433462864172079
0.37485341212284057
0.24939428431491278
0.20677747148384393
0.08032277124270411
-0.30938604857694463
0.018936424667526743
0.5263199216090834
-0.3273266539124571
0.43999931748937204
-0.14672680639631866
-0.3216839726948903
-0.1323423531034492
-0.3547343327153629
0.3229731958953174
0.04388301663020999
0.04855703823612196
0.3683580686268578
0.09312179734775107
-0.1430559367095055
0.18378193734872864
0.2409133417830814
0.04199016824940496
-0.45863036410311026
-0.5719749612420624
-0.37322543869785285
-0.09089453128448019
0.04382659491768899
-0.21865231705292182
0.1068065265364427
-0.08704181162956266
0.08578054822403602
0.1056159033854897
0.021335845971186884
-0.5805114609377746
-0.18840400574943889
0.2580806777711951
-0.34811225365846693
0.18642816443754312
0.11793294913208825
0.07627486972203446
0.48233590311072555
0.2021256321956008
-0.21815567733571412
0.2631809337208295
0.16318798070331075
-0.00628607620430974
-0.0016381853371686779
-0.06654789754982428
0.5022617577809797
-0.031053485131933397
-0.42919218077038107
0.01829510899951994
-0.25773627210430294
0.33388828376628227
0.12043604515206661
0.31415404306838873
0.26953160787169544
-0.03278017998728017
-0.3512627543451812
0.26923599653720676
-0.5063090265070432
0.19639466505644212
-0.47291069695567955
0.1295516984495619
-0.14966426313874215
0.6888950399345082
0.19095230419997286
0.25161301458061414
-0.022169179757025568
0.1503440869751172
0.3318831187631252
-0.43768848772102004
0.24540070829070273
-0.4017239538090203
-0.017254519058029414
0.25422967546675923
0.21778244533468585
-0.1237162980791372
-0.21427729628382408
0.35698224310718374
0.015232599881694675
-0.44818116226009375
0.228409807453756
-0.02083314768743842
-0.07391077011153217
0.1845433670751595
0.2251958697583649
0.2127220850148101
0.2299382360233082
0.26867922469104916
-0.2498810891727309
-0.13707310816372467
-0.10028332443131895
0.1324734437127264
-0.21453748943280812
0.03043355055779981
-0.3131722114581162
-0.5277026098548135
-0.07886023788813981
-0.19534278000219815
-0.4045302719571576
0.38047225549564917
0.02848421239560036
-0.17762434092461168
0.060414486351921697
-0.5506667375019816
-0.2155585527286905
-0.07581798221918283
-0.47453638873157145
-0.5045854937777574
-0.22599209937049683
-0.27381749711761827
0.24512438146677012
0.13307835229569775
0.3055698189104843
0.07741084302663358
0.22002740219895284
0.15426390612744686
-0.23558261040464717
-0.224639193865092
-0.06325036149334452
0.3590573346636877
0.0696854252734453
-0.3705889914822005
0.3250105358075763
-0.03788978083213002
0.567472375878972
-0.05593436774575033
0.22274416711083822
-0.10527395731816412
-0.1547675630358647
0.5458405336370483
-0.6507419589554126
0.0004953103317264651
0.19753547624409068
0.019618955857095614
0.2135976859261785
0.21172653724450918
-0.02777412339970334
0.1954525308118824
0.5608118852298646
-0.008857372273761042
0.06588759698796744
-0.09865409946657232
0.10757935738981575
0.3550036102942035
0.6378563541258633
0.3918513858921663
0.4698006430559196
-0.010518817428027011
0.21263510812529782
0.30836268986148546
0.3965311662255439
-0.30939205178135776
0.2891162689608336
-0.17598601456234372
0.11090303051904382
-0.15652744752041495
-0.1999492629954774
0.6168701374980651
-0.04310466055925917
0.17769522234889118
-0.07555440365670965
0.06393579037505268
0.3926987549149775
-0.05252917498836715
-0.10902114443087926
0.11288698946514042
0.255459081385959
0.07684452327202437
-0.06866076789086062
0.15855817185052196
0.21574246812960518
0.1193311350370333
-0.4259078042468183
-0.010489130098554452
0.13864207726916025
0.03671183982579769
-0.35159470390275427
0.2386073498267773
0.40635873875421596
-0.10529652542535081
-0.2049115242215723
-0.07150181909724765
-0.041479236108365694
0.1497122763214564
0.07164695617539814
-0.09664183114546694
0.00033834433669175724
-0.1841676306830626
-0.7537244220852288
-0.14021636497143938
0.12190346433273513
-0.24798689080729674
0.18068813125390812
0.15628578211662938
0.06101961792745631
0.0035469308451837366
0.5744572565879378
0.12468309400192218
0.1904043093900643
-0.012093298007207225
-0.08448532322388544
-0.5426267797176907
-0.21333768006992238
0.40641334155498143
0.06827693434431063
-0.056574090651707196
-0.26470707766902507
-0.3596562475493186
0.13572072240255184
-0.10714106852062515
0.3074569188337251
-0.5653364885905984
-0.1027849299087699
-0.37069526932821406
0.02245122389002388
0.44619331084747665
-0.22635355270775084
-0.3620243049652668
0.06647708029684901
-0.41314796592738
0.4225060579263393
-0.00947121399966025
-0.014314369394906556
-0.007372402546856763
-0.3833581181223725
0.19389047479626517
-0.2598661751080669
0.05839978234911074
0.1839213174264862
-0.34493590327241425
0.1551452041622574
0.08755975118704057
0.15432150098594172
0.08393903882485215
-0.0843565605691666
-0.2606361356201466
-0.5423634022936474
0.1997195998667556
0.17950857043261947
-0.23486913404276133
-0.5793465299314756
-0.4124832968085225
-0.2674347052288638
-0.1861685128198233
-0.13583600914972607
-0.15710905398022146
-0.1579912918453501
0.20068320184018987
-0.2908834715824554
0.21262629852382756
-0.12495495089353957
0.22204466502350492
0.07569804632917398
-0.16440733944166483
0.5208671310811523
-0.05041255025631644
0.10833759556420305
-0.40830796279227155
