-0.053023980976298
-0.241533673746091
0.076962927996279
0.361804095165567
-0.045585263443355
-0.390608866373649
0.159658728771473
-0.395243251521122
0.346033781434251
-0.056070877552949
0.147638199094666
-0.241114152369342
-0.288952823568053
-0.463016284498766
-0.238234686109704
-0.123068521251208
-0.138409931663439
-0.286170687213952
-0.330316837164951
-0.186185100451797
0.069799895177600
-0.185949662112434
0.067562090438949
-0.420561659961142
-0.191386820770332
-0.038653560788449
-0.176993520366843
-0.043227818871193
-0.188459153841576
0.268309105755932
0.127190810577945
-0.378669733849400
-0.038624810655333
-0.072158658176806
-0.278020570342429
-0.110099943363566
-0.005629832900293
-0.129816171453964
-0.009564334003661
0.493378018470337
-0.282310688874803
-0.388582147547943
-0.188266880200689
0.003910733933839
0.151150223631619
-0.413626230561566
-0.133025235455825
-0.470750172135092
0.387415595680599
-0.080133736233398
-0.031722072078572
-0.209692643591595
-0.129876690635412
-0.030595488401944
-0.010707869995078
0.098945008784827
-0.148333088349848
-0.000440956232814
0.005953658849685
0.265589660431742
0.182976714496724
-0.477901178104973
-0.119323908304923
0.482016500561510
-0.158890703824846
-0.155095206570312
-0.049960294963883
0.220224919346722
-0.394191093160569
0.365865937387041
-0.012067570239447
-0.038990769031716
0.183601049679691
-0.219666192092438
0.405713200553276
0.103525043631464
-0.290067994071988
-0.266415154645969
0.412853563550027
-0.277565686419627
0.364925713715672
0.167624902811324
0.393175710279095
0.209946275343249
0.493725682667128
0.023160906814509
0.256918775728552
-0.175991095882037
-0.479384213511654
0.074662959461297
-0.368784803921193
0.347848795625896
-0.009191735159279
-0.701973333263509
0.019790962853229
-0.050392403548464
-0.123646001616984
-0.129852502873567
-0.296338958850177
0.458943405320900
0.214705190650182
-0.113690566979111
-0.114319396901632
0.064400903722451
0.349426988655668
0.084581079533850
-0.129708536484809
0.469445011428263
0.161718944126923
0.329733419732835
-0.024898058523402
-0.036891965978975
-0.444932742584872
-0.745160392108325
-0.097753537400917
-0.280627315731397
0.053997532395182
0.276151893420874
0.013426697837958
-0.229405514404630
-0.363399846118148
0.055575342442319
0.439021607234608
-0.490360095527892
-0.042797575023869
-0.092282139564053
