-0.474432341035062
-0.524739328586262
-0.280018470850887
-0.160918515030581
0.060768974701316
0.032546681229380
-0.374195871520897
-0.424939195749285
0.414772077833260
0.044642100294293
0.075220056829742
0.000745636760047
-0.005086594281276
0.228081108735971
0.106892954833315
-0.325024097543480
0.247873090923893
0.212471015446370
0.031927561279118
-0.217906230177075
-0.194088724967151
-0.156347893461044
-0.111672320915022
0.443676047319407
-0.355683741286338
-0.251295913686670
-0.210519463314991
-0.161654837049386
-0.061556291834609
-0.227302973744822
0.079907375752714
0.055175693447775
0.120439161713270
-0.123192015365906
-0.424289596017126
-0.067280157003690
-0.193873299968923
0.072038880957263
0.192224960619473
-0.261643652025758
0.336734865844181
0.331771649184207
0.221298844004749
-0.356122461585373
-0.230929004108451
-0.100612529831280
-0.268802687222038
-0.093224636271360
-0.161827656363620
0.028373873441538
0.369737160080141
0.102704143971866
-0.198113186017696
-0.382728937903362
-0.319489127971692
0.032289389895394
0.571568426530824
-0.250293450454036
-0.377342069623138
0.217197569672593
0.173096503491320
0.118882149100975
0.215611360326526
-0.040675713401715
-0.261565647226756
0.814638416977375
-0.279179720468355
-0.148181983402344
0.089161186233058
0.105648244133672
0.024186760466198
-0.093984378818463
-0.189094255232808
-0.185841340391784
0.825785760213058
-0.195560549728437
-0.100806733711573
0.151587244160722
0.185140931748811
-0.031996162941204
0.094240667837770
-0.115866310313972
-0.071201389199066
0.858205847793162
-0.245142222684768
-0.235033111242104
-0.009900423720726
0.080395161628357
0.055179943780587
0.053280852271668
-0.137384600439732
-0.157225722291917
0.884848281569936
-0.151424225709430
-0.211428127627668
0.099183105369429
-0.295382532079519
0.045731683759625
0.095776226072119
-0.025246222363151
-0.109402816048442
0.867307001853823
-0.144824176774642
-0.095299544383117
0.029222784211138
0.030033935593675
0.272754811952432
0.290488872520956
0.016899059652650
-0.197751936236116
0.676017523541428
-0.226127860237302
-0.132044845450820
-0.109715168170122
-0.112565110518064
0.020754607913331
0.114224867974609
-0.124889702043648
-0.039669131535781
0.882195843711323
-0.097295503409113
0.163574113018608
-0.046555449553693
0.118478996216711
0.053463620192046
-0.066441203726929
-0.067197528078891
-0.075455717789485
0.194839380281066
-0.199636052834947
0.240480502670782
0.070656557411546
0.455963941624162
0.493612870774507
0.080277391953727
0.229254354686075
-0.528860328374962
0.274848049529204
-0.210431321242837
0.377563148594385
-0.041357854855591
0.083257708792172
0.150610329763655
0.009083272577647
-0.155580324712198
-0.396897870059247
0.075704497247248
-0.450321316235069
0.100887241689696
-0.268147737765689
0.444171166476043
0.073350248811308
0.147437784947795
-0.304984684054025
-0.073939839468705
0.159462998179104
-0.327113724714997
0.271502836161558
-0.528141054548524
0.179683899927170
0.041988316859602
0.051145352694762
0.032514807609555
0.023996355162899
0.423448384816938
-0.273648111524948
-0.238792383467234
-0.372985902922042
0.057136478015649
0.031488235990815
-0.300812923741150
-0.306504793399106
-0.223446281956237
0.255802617380248
0.318587793599477
0.362430338730915
-0.022519648173354
-0.083567247190710
-0.180952620720046
-0.276547563426156
-0.336116857007966
-0.220568090548916
0.156125316117466
-0.161708997306851
0.091583753034078
0.045870600446700
0.152285809893755
-0.046181525787056
-0.120067512106608
-0.187594788395810
-0.231639827277186
0.020945049174901
0.108228124521749
-0.081919328282780
-0.151239149254422
-0.065528669097723
-0.203782781206113
-0.120071163924617
-0.158262307771024
-0.120481719961722
0.206911728295906
0.205849316865197
0.030265911395179
-0.025603493361678
0.079158758726582
-0.076080660713792
-0.043579545000896
-0.116183410769155
0.153632803095442
0.216044541125251
0.060150051295048
-0.022493196497452
-0.089835284401693
0.008710550324694
-0.086434846254217
-0.008801146039471
0.022614923856772
0.112195361391931
0.007661713670921
0.004927435514399
-0.048836424059871
0.070712340235570
0.290512251452283
-0.040448036541188
-0.331031415509249
0.151631957589429
0.167090434585790
0.306077885681894
0.147762698631352
0.005288647596894
0.053757153878400
0.114068228432733
0.110913927270817
-0.185642346230189
0.197777575612575
0.132017181043303
0.129872074628301
0.023664185335057
-0.139993910843079
-0.092750461010835
