0.353553390593274
0.353553390593274
0.353553390593274
0.353553390593274
0.353553390593274
0.353553390593274
0.353553390593274
0.353553390593274
0.353553390593274
0.351407560980430
0.301198995507008
0.253420887848674
-0.105540923571959
-0.266616948755420
-0.176776695296637
0.224762286660299
0.353553390593274
0.344996119606581
0.159641149796782
0.009741931169832
-0.290542332887218
0.048561816076747
-0.176776695296637
-0.067779943929417
0.353553390593274
0.334396892684837
-0.029196207584716
-0.239455196034622
0.279003302751598
0.193375375782930
0.353553390593274
-0.310940926676839
0.353553390593274
0.319738540471935
-0.209386781608568
-0.353016525579713
0.123969096507734
-0.340213114168745
-0.176776695296637
-0.327565118828346
0.353553390593274
0.301198995507008
-0.327565118828346
-0.266616948755420
-0.353016525579713
0.319738540471935
-0.176776695296637
-0.105540923571959
0.353553390593274
0.279003302751598
-0.348731383168033
-0.029196207584716
0.086792226320071
-0.142020779371862
0.353553390593274
0.193375375782930
0.353553390593274
0.253420887848674
-0.266616948755420
0.224762286660299
0.301198995507008
-0.105540923571959
-0.176776695296637
0.351407560980430
0.353553390593274
0.224762286660299
-0.105540923571959
0.351407560980430
-0.266616948755420
0.301198995507008
-0.176776695296637
0.253420887848674
0.353553390593274
0.193375375782930
0.086792226320071
0.279003302751598
-0.142020779371862
-0.348731383168033
0.353553390593274
-0.029196207584716
0.353553390593274
0.159641149796782
0.253420887848674
0.048561816076748
0.351407560980430
0.224762286660299
-0.176776695296637
-0.290542332887218
0.353553390593274
0.123969096507734
0.344996119606581
-0.209386781608568
-0.067779943929417
0.009741931169832
-0.176776695296637
-0.340213114168745
0.353553390593274
0.086792226320071
0.334396892684837
-0.348731383168033
-0.310940926676839
-0.239455196034622
0.353553390593274
-0.142020779371862
0.353553390593274
0.048561816076747
0.224762286660299
-0.290542332887218
0.253420887848674
0.351407560980430
-0.176776695296637
0.159641149796782
0.353553390593274
0.009741931169832
0.048561816076747
-0.067779943929417
0.159641149796782
-0.290542332887218
-0.176776695296637
0.344996119606581
0.353553390593274
-0.029196207584716
-0.142020779371862
0.193375375782930
-0.348731383168033
0.086792226320071
0.353553390593274
0.279003302751598
0.353553390593274
-0.067779943929417
-0.290542332887218
0.344996119606581
0.048561816076747
0.159641149796782
-0.176776695296637
0.009741931169832
0.353553390593274
-0.105540923571959
-0.353016525579713
0.301198995507008
0.319738540471935
-0.327565118828346
-0.176776695296637
-0.266616948755420
0.353553390593274
-0.142020779371862
-0.310940926676839
0.086792226320071
-0.239455196034622
0.334396892684837
0.353553390593274
-0.348731383168033
0.353553390593274
-0.176776695296637
-0.176776695296637
-0.176776695296637
-0.176776695296637
-0.176776695296637
-0.176776695296637
-0.176776695296637
0.353553390593274
-0.209386781608568
0.009741931169832
-0.340213114168745
0.344996119606581
-0.067779943929417
-0.176776695296637
0.123969096507734
0.353553390593274
-0.239455196034622
0.193375375782930
-0.310940926676839
-0.029196207584716
0.279003302751598
0.353553390593274
0.334396892684837
0.353553390593274
-0.266616948755420
0.319738540471935
-0.105540923571959
-0.327565118828346
-0.353016525579713
-0.176776695296637
0.301198995507008
0.353553390593274
-0.290542332887218
0.351407560980430
0.159641149796782
0.224762286660299
0.253420887848674
-0.176776695296637
0.048561816076747
0.353553390593274
-0.310940926676839
0.279003302751598
0.334396892684837
0.193375375782930
-0.029196207584716
0.353553390593274
-0.239455196034622
0.353553390593274
-0.327565118828346
0.123969096507734
0.319738540471935
-0.340213114168745
-0.209386781608568
-0.176776695296637
-0.353016525579713
0.353553390593274
-0.340213114168745
-0.067779943929417
0.123969096507734
0.009741931169832
0.344996119606581
-0.176776695296637
-0.209386781608568
0.353553390593274
-0.348731383168033
-0.239455196034622
-0.142020779371862
0.334396892684837
-0.310940926676839
0.353553390593274
0.086792226320071
0.353553390593274
-0.353016525579713
-0.340213114168745
-0.327565118828346
-0.209386781608568
0.123969096507734
-0.176776695296637
0.319738540471935
0.353553390593274
-0.353016525579713
-0.340213114168745
-0.327565118828346
-0.209386781608568
0.123969096507734
-0.176776695296637
0.319738540471935
0.353553390593274
-0.348731383168033
-0.239455196034622
-0.142020779371862
0.334396892684837
-0.310940926676839
0.353553390593274
0.086792226320071
0.353553390593274
-0.340213114168745
-0.067779943929417
0.123969096507734
0.009741931169832
0.344996119606581
-0.176776695296637
-0.209386781608568
0.353553390593274
-0.327565118828346
0.123969096507734
0.319738540471935
-0.340213114168745
-0.209386781608568
-0.176776695296637
-0.353016525579713
0.353553390593274
-0.310940926676839
0.279003302751598
0.334396892684837
0.193375375782930
-0.029196207584716
0.353553390593274
-0.239455196034622
0.353553390593274
-0.290542332887218
0.351407560980430
0.159641149796783
0.224762286660299
0.253420887848674
-0.176776695296637
0.048561816076747
0.353553390593274
-0.266616948755420
0.319738540471935
-0.105540923571959
-0.327565118828346
-0.353016525579713
-0.176776695296637
0.301198995507008
0.353553390593274
-0.239455196034622
0.193375375782930
-0.310940926676839
-0.029196207584716
0.279003302751598
0.353553390593274
0.334396892684837
0.353553390593274
-0.209386781608568
0.009741931169832
-0.340213114168745
0.344996119606581
-0.067779943929417
-0.176776695296637
0.123969096507734
0.353553390593274
-0.176776695296637
-0.176776695296637
-0.176776695296637
-0.176776695296637
-0.176776695296637
-0.176776695296637
-0.176776695296637
0.353553390593274
-0.142020779371862
-0.310940926676839
0.086792226320071
-0.239455196034622
0.334396892684837
0.353553390593274
-0.348731383168033
0.353553390593274
-0.105540923571959
-0.353016525579713
0.301198995507008
0.319738540471935
-0.327565118828346
-0.176776695296637
-0.266616948755420
0.353553390593274
-0.067779943929417
-0.290542332887218
0.344996119606581
0.048561816076747
0.159641149796782
-0.176776695296637
0.009741931169832
0.353553390593274
-0.029196207584716
-0.142020779371862
0.193375375782930
-0.348731383168033
0.086792226320071
0.353553390593274
0.279003302751598
0.353553390593274
0.009741931169832
0.048561816076747
-0.067779943929417
0.159641149796782
-0.290542332887218
-0.176776695296637
0.344996119606581
0.353553390593274
0.048561816076747
0.224762286660299
-0.290542332887218
0.253420887848674
0.351407560980430
-0.176776695296637
0.159641149796782
0.353553390593274
0.086792226320071
0.334396892684837
-0.348731383168033
-0.310940926676839
-0.239455196034622
0.353553390593274
-0.142020779371862
0.353553390593274
0.123969096507734
0.344996119606581
-0.209386781608568
-0.067779943929417
0.009741931169832
-0.176776695296637
-0.340213114168745
0.353553390593274
0.159641149796782
0.253420887848674
0.048561816076747
0.351407560980430
0.224762286660299
-0.176776695296637
-0.290542332887218
0.353553390593274
0.193375375782930
0.086792226320071
0.279003302751598
-0.142020779371862
-0.348731383168033
0.353553390593274
-0.029196207584716
0.353553390593274
0.224762286660299
-0.105540923571959
0.351407560980430
-0.266616948755420
0.301198995507008
-0.176776695296637
0.253420887848674
0.353553390593274
0.253420887848674
-0.266616948755420
0.224762286660299
0.301198995507008
-0.105540923571959
-0.176776695296637
0.351407560980430
0.353553390593274
0.279003302751598
-0.348731383168033
-0.029196207584716
0.086792226320071
-0.142020779371862
0.353553390593274
0.193375375782930
0.353553390593274
0.301198995507008
-0.327565118828346
-0.266616948755420
-0.353016525579712
0.319738540471935
-0.176776695296637
-0.105540923571959
0.353553390593274
0.319738540471935
-0.209386781608568
-0.353016525579713
0.123969096507734
-0.340213114168745
-0.176776695296637
-0.327565118828346
0.353553390593274
0.334396892684837
-0.029196207584716
-0.239455196034622
0.279003302751598
0.193375375782930
0.353553390593274
-0.310940926676839
0.353553390593274
0.344996119606581
0.159641149796782
0.009741931169832
-0.290542332887218
0.048561816076747
-0.176776695296637
-0.067779943929417
0.353553390593274
0.351407560980430
0.301198995507008
0.253420887848674
-0.105540923571959
-0.266616948755421
-0.176776695296637
0.224762286660299
0.000000000000000
0.000000000000000
0.000000000000000
0.000000000000000
0.000000000000000
0.000000000000000
0.000000000000000
0.000000000000000
0.000000000000000
-0.038893779525591
-0.185146334302274
-0.246531648276626
-0.337433124413680
0.232196904881072
0.306186217847897
0.272913749186870
0.000000000000000
-0.077315441254651
-0.315459511334753
-0.353419148854561
0.201457570720122
-0.350202441481107
-0.306186217847897
0.346995503142224
0.000000000000000
-0.114798598261152
-0.352345826515187
-0.260117683159029
0.217156987116924
0.295983046880747
0.000000000000000
0.168272814552287
0.000000000000000
-0.150888255795065
-0.284880985128186
-0.019476464454006
-0.331106724653934
-0.096203102588246
0.306186217847897
-0.133045454364183
0.000000000000000
-0.185146334302274
-0.133045454364183
0.232196904881072
-0.019476464454006
-0.150888255795065
-0.306186217847897
-0.337433124413680
0.000000000000000
-0.217156987116924
0.058192975467064
0.352345826515187
0.342734750864871
0.323774764653777
0.000000000000000
-0.295983046880747
0.000000000000000
-0.246531648276626
0.232196904881072
0.272913749186870
-0.185146334302274
-0.337433124413680
0.306186217847897
-0.038893779525591
0.000000000000000
-0.272913749186870
0.337433124413680
0.038893779525591
-0.232196904881072
0.185146334302274
-0.306186217847897
0.246531648276626
0.000000000000000
-0.295983046880747
0.342734750864871
-0.217156987116924
0.323774764653777
0.058192975467064
0.000000000000000
0.352345826515187
0.000000000000000
-0.315459511334753
0.246531648276626
-0.350202441481107
0.038893779525591
-0.272913749186870
0.306186217847897
0.201457570720122
0.000000000000000
-0.331106724653934
0.077315441254651
-0.284880985128186
-0.346995503142224
0.353419148854561
-0.306186217847897
-0.096203102588246
0.000000000000000
-0.342734750864871
-0.114798598261152
-0.058192975467064
0.168272814552287
-0.260117683159029
0.000000000000000
-0.323774764653777
0.000000000000000
-0.350202441481107
-0.272913749186870
0.201457570720122
0.246531648276626
0.038893779525591
0.306186217847897
-0.315459511334753
0.000000000000000
-0.353419148854561
-0.350202441481107
0.346995503142224
-0.315459511334753
0.201457570720122
-0.306186217847897
-0.077315441254651
0.000000000000000
-0.352345826515187
-0.323774764653777
0.295983046880747
-0.058192975467064
-0.342734750864871
0.000000000000000
0.217156987116924
0.000000000000000
-0.346995503142224
-0.201457570720122
0.077315441254651
0.350202441481107
0.315459511334753
0.306186217847897
0.353419148854561
0.000000000000000
-0.337433124413680
-0.019476464454006
-0.185146334302274
-0.150888255795065
-0.133045454364183
-0.306186217847897
0.232196904881072
0.000000000000000
-0.323774764653777
0.168272814552287
-0.342734750864871
-0.260117683159029
-0.114798598261152
0.000000000000000
-0.058192975467064
0.000000000000000
-0.306186217847897
0.306186217847897
-0.306186217847897
0.306186217847897
0.306186217847897
0.306186217847897
-0.306186217847897
0.000000000000000
-0.284880985128186
0.353419148854561
-0.096203102588246
0.077315441254651
-0.346995503142224
-0.306186217847897
-0.331106724653934
0.000000000000000
-0.260117683159029
0.295983046880747
0.168272814552287
-0.352345826515187
0.217156987116924
0.000000000000000
-0.114798598261152
0.000000000000000
-0.232196904881072
0.150888255795065
0.337433124413680
0.133045454364183
0.019476464454006
0.306186217847897
0.185146334302274
0.000000000000000
-0.201457570720122
-0.038893779525591
0.315459511334753
0.272913749186870
-0.246531648276626
-0.306186217847897
0.350202441481107
0.000000000000000
-0.168272814552287
-0.217156987116924
0.114798598261152
-0.295983046880747
0.352345826515187
0.000000000000000
0.260117683159029
0.000000000000000
-0.133045454364183
-0.331106724653934
-0.150888255795065
-0.096203102588246
-0.284880985128186
0.306186217847897
-0.019476464454006
0.000000000000000
-0.096203102588246
-0.346995503142224
-0.331106724653934
0.353419148854561
0.077315441254651
-0.306186217847897
-0.284880985128186
0.000000000000000
-0.058192975467064
-0.260117683159029
-0.323774764653777
-0.114798598261152
0.168272814552287
0.000000000000000
-0.342734750864871
0.000000000000000
-0.019476464454006
-0.096203102588246
-0.133045454364183
-0.284880985128186
-0.331106724653934
0.306186217847897
-0.150888255795065
0.000000000000000
0.019476464454006
0.096203102588246
0.133045454364183
0.284880985128186
0.331106724653934
-0.306186217847897
0.150888255795065
0.000000000000000
0.058192975467064
0.260117683159029
0.323774764653777
0.114798598261152
-0.168272814552287
0.000000000000000
0.342734750864871
0.000000000000000
0.096203102588246
0.346995503142224
0.331106724653934
-0.353419148854561
-0.077315441254651
0.306186217847897
0.284880985128186
0.000000000000000
0.133045454364183
0.331106724653934
0.150888255795065
0.096203102588246
0.284880985128186
-0.306186217847897
0.019476464454006
0.000000000000000
0.168272814552287
0.217156987116924
-0.114798598261152
0.295983046880747
-0.352345826515187
0.000000000000000
-0.260117683159029
0.000000000000000
0.201457570720122
0.038893779525591
-0.315459511334753
-0.272913749186870
0.246531648276626
0.306186217847897
-0.350202441481107
0.000000000000000
0.232196904881072
-0.150888255795065
-0.337433124413680
-0.133045454364183
-0.019476464454006
-0.306186217847897
-0.185146334302274
0.000000000000000
0.260117683159029
-0.295983046880747
-0.168272814552287
0.352345826515187
-0.217156987116924
0.000000000000000
0.114798598261152
0.000000000000000
0.284880985128186
-0.353419148854561
0.096203102588246
-0.077315441254651
0.346995503142224
0.306186217847897
0.331106724653934
0.000000000000000
0.306186217847897
-0.306186217847897
0.306186217847897
-0.306186217847897
-0.306186217847897
-0.306186217847897
0.306186217847897
0.000000000000000
0.323774764653777
-0.168272814552287
0.342734750864871
0.260117683159029
0.114798598261152
0.000000000000000
0.058192975467064
0.000000000000000
0.337433124413680
0.019476464454006
0.185146334302274
0.150888255795065
0.133045454364183
0.306186217847897
-0.232196904881072
0.000000000000000
0.346995503142224
0.201457570720122
-0.077315441254651
-0.350202441481107
-0.315459511334753
-0.306186217847897
-0.353419148854561
0.000000000000000
0.352345826515187
0.323774764653777
-0.295983046880747
0.058192975467064
0.342734750864871
0.000000000000000
-0.217156987116924
0.000000000000000
0.353419148854561
0.350202441481107
-0.346995503142224
0.315459511334753
-0.201457570720122
0.306186217847897
0.077315441254651
0.000000000000000
0.350202441481107
0.272913749186870
-0.201457570720122
-0.246531648276626
-0.038893779525591
-0.306186217847897
0.315459511334753
0.000000000000000
0.342734750864871
0.114798598261152
0.058192975467064
-0.168272814552287
0.260117683159029
0.000000000000000
0.323774764653777
0.000000000000000
0.331106724653934
-0.077315441254651
0.284880985128186
0.346995503142224
-0.353419148854561
0.306186217847897
0.096203102588246
0.000000000000000
0.315459511334753
-0.246531648276626
0.350202441481107
-0.038893779525591
0.272913749186870
-0.306186217847897
-0.201457570720122
0.000000000000000
0.295983046880747
-0.342734750864871
0.217156987116924
-0.323774764653777
-0.058192975467064
0.000000000000000
-0.352345826515187
0.000000000000000
0.272913749186870
-0.337433124413680
-0.038893779525591
0.232196904881072
-0.185146334302274
0.306186217847897
-0.246531648276626
0.000000000000000
0.246531648276626
-0.232196904881072
-0.272913749186870
0.185146334302274
0.337433124413680
-0.306186217847897
0.038893779525591
0.000000000000000
0.217156987116924
-0.058192975467064
-0.352345826515187
-0.342734750864871
-0.323774764653777
0.000000000000000
0.295983046880747
0.000000000000000
0.185146334302274
0.133045454364183
-0.232196904881072
0.019476464454006
0.150888255795065
0.306186217847897
0.337433124413680
0.000000000000000
0.150888255795065
0.284880985128186
0.019476464454006
0.331106724653934
0.096203102588246
-0.306186217847897
0.133045454364183
0.000000000000000
0.114798598261152
0.352345826515187
0.260117683159029
-0.217156987116924
-0.295983046880747
0.000000000000000
-0.168272814552287
0.000000000000000
0.077315441254651
0.315459511334753
0.353419148854561
-0.201457570720122
0.350202441481107
0.306186217847897
-0.346995503142224
0.000000000000000
0.038893779525591
0.185146334302274
0.246531648276626
0.337433124413680
-0.232196904881072
-0.306186217847897
-0.272913749186870
