0.600448266952119
-0.196055250552691
0.164847269007510
0.070396483118990
0.275358081305577
0.339053247542457
0.209562396535561
0.176844678720346
0.176844678720346
0.600448266952119
-0.196055250552691
0.164847269007510
0.070396483118990
0.275358081305577
0.339053247542457
0.209562396535561
0.209562396535561
0.176844678720346
0.600448266952119
-0.196055250552691
0.164847269007510
0.070396483118990
0.275358081305577
0.339053247542457
0.339053247542457
0.209562396535561
0.176844678720346
0.600448266952119
-0.196055250552691
0.164847269007510
0.070396483118990
0.275358081305577
0.275358081305577
0.339053247542457
0.209562396535561
0.176844678720346
0.600448266952119
-0.196055250552691
0.164847269007510
0.070396483118990
0.070396483118990
0.275358081305577
0.339053247542457
0.209562396535561
0.176844678720346
0.600448266952119
-0.196055250552691
0.164847269007510
0.164847269007510
0.070396483118990
0.275358081305577
0.339053247542457
0.209562396535561
0.176844678720346
0.600448266952119
-0.196055250552691
-0.196055250552691
0.164847269007510
0.070396483118990
0.275358081305577
0.339053247542457
0.209562396535561
0.176844678720346
0.600448266952119
0.600448266952119
-0.256429297767448
0.092475835769742
-0.037782551187592
-0.275358081305577
-0.020500915914094
0.359200914742667
0.026227221095647
0.176844678720346
0.424581041313553
-0.166590540139842
-0.051174331206616
-0.070396483118990
-0.298722889807055
0.310060574215675
0.402176394294950
0.209562396535561
0.223868921984179
0.000000000000000
0.020834696538623
-0.164847269007510
-0.061773109982653
-0.147099880850844
0.458992785127091
0.339053247542457
-0.105810410950951
0.139753786943524
-0.424581041313553
0.196055250552691
-0.181954912343971
-0.016963886808442
0.090692243284325
0.275358081305577
0.020500915914094
-0.359200914742667
-0.026227221095647
-0.600448266952119
0.256429297767448
-0.092475835769742
0.037782551187592
0.070396483118990
0.298722889807055
-0.310060574215675
-0.402176394294950
-0.176844678720346
-0.424581041313553
0.166590540139842
0.051174331206615
0.164847269007510
0.061773109982653
0.147099880850844
-0.458992785127091
-0.209562396535561
-0.223868921984179
-0.000000000000000
-0.020834696538623
-0.196055250552691
0.181954912343971
0.016963886808442
-0.090692243284326
-0.339053247542457
0.105810410950951
-0.139753786943524
0.424581041313553
0.600448266952119
-0.166590540139842
-0.164847269007510
-0.016963886808442
0.275358081305577
-0.310060574215675
-0.209562396535561
-0.139753786943524
0.176844678720346
0.000000000000000
0.196055250552691
-0.092475835769742
0.070396483118990
0.147099880850844
-0.339053247542457
0.359200914742667
0.209562396535561
0.139753786943524
-0.600448266952119
0.166590540139842
0.164847269007510
0.016963886808442
-0.275358081305577
0.310060574215674
0.339053247542457
-0.359200914742667
-0.176844678720346
-0.000000000000000
-0.196055250552691
0.092475835769742
-0.070396483118990
-0.147099880850844
0.275358081305577
-0.310060574215675
-0.209562396535561
-0.139753786943524
0.600448266952119
-0.166590540139842
-0.164847269007510
-0.016963886808442
0.070396483118990
0.147099880850844
-0.339053247542457
0.359200914742667
0.176844678720346
0.000000000000000
0.196055250552691
-0.092475835769742
0.164847269007510
0.016963886808442
-0.275358081305577
0.310060574215675
0.209562396535561
0.139753786943524
-0.600448266952119
0.166590540139842
-0.196055250552691
0.092475835769742
-0.070396483118990
-0.147099880850844
0.339053247542457
-0.359200914742667
-0.176844678720346
-0.000000000000000
0.600448266952119
0.020834696538623
-0.092475835769742
0.061773109982653
-0.275358081305577
0.458992785127091
-0.359200914742667
-0.223868921984179
0.176844678720346
-0.424581041313553
0.166590540139842
0.181954912343971
-0.070396483118990
0.090692243284325
-0.310060574215674
0.105810410950951
0.209562396535561
-0.026227221095647
-0.000000000000000
-0.256429297767448
-0.164847269007510
0.037782551187592
0.147099880850844
-0.020500915914094
0.339053247542457
-0.402176394294950
-0.139753786943524
0.424581041313553
0.196055250552691
0.051174331206615
0.016963886808442
-0.298722889807055
0.275358081305577
-0.458992785127091
0.359200914742667
0.223868921984179
-0.600448266952119
-0.020834696538623
0.092475835769742
-0.061773109982653
0.070396483118990
-0.090692243284325
0.310060574215675
-0.105810410950951
-0.176844678720346
0.424581041313553
-0.166590540139842
-0.181954912343971
0.164847269007510
-0.037782551187592
-0.147099880850844
0.020500915914094
-0.209562396535561
0.026227221095647
0.000000000000000
0.256429297767448
-0.196055250552691
-0.051174331206616
-0.016963886808442
0.298722889807055
-0.339053247542457
0.402176394294950
0.139753786943524
-0.424581041313554
0.600448266952119
0.196055250552691
0.164847269007510
-0.070396483118990
0.275358081305577
-0.339053247542457
0.209562396535561
-0.176844678720346
0.176844678720346
-0.600448266952119
-0.196055250552691
-0.164847269007510
0.070396483118990
-0.275358081305577
0.339053247542457
-0.209562396535561
0.209562396535561
-0.176844678720346
0.600448266952119
0.196055250552691
0.164847269007510
-0.070396483118990
0.275358081305577
-0.339053247542457
0.339053247542457
-0.209562396535561
0.176844678720346
-0.600448266952119
-0.196055250552691
-0.164847269007510
0.070396483118990
-0.275358081305577
0.275358081305577
-0.339053247542457
0.209562396535561
-0.176844678720346
0.600448266952119
0.196055250552691
0.164847269007510
-0.070396483118990
0.070396483118990
-0.275358081305577
0.339053247542457
-0.209562396535561
0.176844678720346
-0.600448266952119
-0.196055250552691
-0.164847269007510
0.164847269007510
-0.070396483118990
0.275358081305577
-0.339053247542457
0.209562396535561
-0.176844678720346
0.600448266952119
0.196055250552691
-0.196055250552691
-0.164847269007510
0.070396483118990
-0.275358081305577
0.339053247542457
-0.209562396535561
0.176844678720346
-0.600448266952119
0.600448266952119
0.256429297767448
0.092475835769742
0.037782551187592
-0.275358081305577
0.020500915914094
0.359200914742666
-0.026227221095647
0.176844678720346
-0.424581041313553
-0.166590540139842
0.051174331206615
-0.070396483118990
0.298722889807056
0.310060574215674
-0.402176394294950
0.209562396535561
-0.223868921984179
0.000000000000000
-0.020834696538623
-0.164847269007510
0.061773109982653
-0.147099880850844
-0.458992785127091
0.339053247542457
0.105810410950951
0.139753786943524
0.424581041313553
0.196055250552691
0.181954912343971
-0.016963886808442
-0.090692243284325
0.275358081305577
-0.020500915914094
-0.359200914742667
0.026227221095647
-0.600448266952119
-0.256429297767448
-0.092475835769742
-0.037782551187592
0.070396483118990
-0.298722889807055
-0.310060574215675
0.402176394294950
-0.176844678720345
0.424581041313554
0.166590540139842
-0.051174331206615
0.164847269007510
-0.061773109982653
0.147099880850844
0.458992785127091
-0.209562396535561
0.223868921984179
-0.000000000000001
0.020834696538623
-0.196055250552691
-0.181954912343971
0.016963886808442
0.090692243284325
-0.339053247542457
-0.105810410950951
-0.139753786943524
-0.424581041313553
0.600448266952119
0.166590540139842
-0.164847269007510
0.016963886808442
0.275358081305577
0.310060574215674
-0.209562396535561
0.139753786943524
0.176844678720346
-0.000000000000000
0.196055250552691
0.092475835769742
0.070396483118990
-0.147099880850844
-0.339053247542457
-0.359200914742666
0.209562396535561
-0.139753786943524
-0.600448266952119
-0.166590540139842
0.164847269007510
-0.016963886808442
-0.275358081305577
-0.310060574215674
0.339053247542457
0.359200914742667
-0.176844678720346
0.000000000000000
-0.196055250552691
-0.092475835769742
-0.070396483118990
0.147099880850844
0.275358081305577
0.310060574215674
-0.209562396535561
0.139753786943524
0.600448266952119
0.166590540139842
-0.164847269007510
0.016963886808442
0.070396483118990
-0.147099880850844
-0.339053247542457
-0.359200914742667
0.176844678720345
-0.000000000000001
0.196055250552691
0.092475835769742
0.164847269007510
-0.016963886808442
-0.275358081305577
-0.310060574215674
0.209562396535561
-0.139753786943524
-0.600448266952119
-0.166590540139842
-0.196055250552691
-0.092475835769742
-0.070396483118990
0.147099880850844
0.339053247542457
0.359200914742667
-0.176844678720345
0.000000000000001
0.600448266952119
-0.020834696538623
-0.092475835769742
-0.061773109982653
-0.275358081305577
-0.458992785127091
-0.359200914742666
0.223868921984179
0.176844678720346
0.424581041313553
0.166590540139842
-0.181954912343971
-0.070396483118990
-0.090692243284325
-0.310060574215674
-0.105810410950951
0.209562396535561
0.026227221095647
-0.000000000000000
0.256429297767447
-0.164847269007510
-0.037782551187592
0.147099880850844
0.020500915914095
0.339053247542457
0.402176394294950
-0.139753786943524
-0.424581041313554
0.196055250552691
-0.051174331206615
0.016963886808442
0.298722889807056
0.275358081305577
0.458992785127091
0.359200914742667
-0.223868921984179
-0.600448266952119
0.020834696538623
0.092475835769742
0.061773109982653
0.070396483118990
0.090692243284325
0.310060574215675
0.105810410950951
-0.176844678720345
-0.424581041313553
-0.166590540139842
0.181954912343971
0.164847269007510
0.037782551187592
-0.147099880850844
-0.020500915914094
-0.209562396535561
-0.026227221095647
0.000000000000001
-0.256429297767448
-0.196055250552691
0.051174331206615
-0.016963886808442
-0.298722889807055
-0.339053247542457
-0.402176394294950
0.139753786943524
0.424581041313554
0.000000000000000
0.166590540139842
-0.092475835769742
-0.016963886808442
-0.147099880850844
0.310060574215675
0.359200914742667
-0.139753786943524
-0.139753786943524
0.000000000000000
0.166590540139842
-0.092475835769742
-0.016963886808442
-0.147099880850844
0.310060574215675
0.359200914742667
0.359200914742667
-0.139753786943524
0.000000000000000
0.166590540139842
-0.092475835769742
-0.016963886808442
-0.147099880850844
0.310060574215675
0.310060574215675
0.359200914742667
-0.139753786943524
0.000000000000000
0.166590540139842
-0.092475835769742
-0.016963886808442
-0.147099880850844
-0.147099880850844
0.310060574215675
0.359200914742667
-0.139753786943524
0.000000000000000
0.166590540139842
-0.092475835769742
-0.016963886808442
-0.016963886808442
-0.147099880850844
0.310060574215675
0.359200914742667
-0.139753786943524
0.000000000000000
0.166590540139842
-0.092475835769742
-0.092475835769742
-0.016963886808442
-0.147099880850844
0.310060574215675
0.359200914742667
-0.139753786943524
0.000000000000000
0.166590540139842
0.166590540139842
-0.092475835769742
-0.016963886808442
-0.147099880850844
0.310060574215675
0.359200914742667
-0.139753786943524
0.000000000000000
0.000000000000000
-0.020834696538623
0.164847269007510
0.061773109982653
0.147099880850844
-0.458992785127091
-0.209562396535561
-0.223868921984179
-0.139753786943524
0.424581041313553
-0.196055250552691
0.181954912343971
0.016963886808442
-0.090692243284326
-0.339053247542457
0.105810410950951
0.359200914742667
0.026227221095647
0.600448266952119
-0.256429297767448
0.092475835769742
-0.037782551187592
-0.275358081305577
-0.020500915914094
0.310060574215675
0.402176394294950
0.176844678720346
0.424581041313553
-0.166590540139842
-0.051174331206616
-0.070396483118990
-0.298722889807055
-0.147099880850844
0.458992785127091
0.209562396535561
0.223868921984179
0.000000000000000
0.020834696538623
-0.164847269007510
-0.061773109982653
-0.016963886808442
0.090692243284326
0.339053247542457
-0.105810410950951
0.139753786943524
-0.424581041313553
0.196055250552691
-0.181954912343971
-0.092475835769742
0.037782551187592
0.275358081305577
0.020500915914094
-0.359200914742667
-0.026227221095647
-0.600448266952119
0.256429297767448
0.166590540139842
0.051174331206616
0.070396483118990
0.298722889807055
-0.310060574215675
-0.402176394294950
-0.176844678720346
-0.424581041313553
0.000000000000000
-0.196055250552691
0.092475835769742
-0.070396483118990
-0.147099880850844
0.339053247542457
-0.359200914742667
-0.176844678720346
-0.139753786943524
0.600448266952119
-0.166590540139842
-0.164847269007510
-0.016963886808442
0.275358081305577
-0.310060574215675
-0.209562396535561
0.359200914742667
0.176844678720346
0.000000000000000
0.196055250552691
-0.092475835769742
0.070396483118990
0.147099880850844
-0.339053247542457
0.310060574215675
0.209562396535561
0.139753786943524
-0.600448266952119
0.166590540139842
0.164847269007510
0.016963886808442
-0.275358081305577
-0.147099880850844
0.339053247542457
-0.359200914742667
-0.176844678720346
-0.000000000000000
-0.196055250552691
0.092475835769742
-0.070396483118990
-0.016963886808442
0.275358081305577
-0.310060574215675
-0.209562396535561
-0.139753786943524
0.600448266952119
-0.166590540139842
-0.164847269007510
-0.092475835769742
0.070396483118990
0.147099880850844
-0.339053247542457
0.359200914742667
0.176844678720346
0.000000000000000
0.196055250552691
0.166590540139842
0.164847269007510
0.016963886808442
-0.275358081305577
0.310060574215675
0.209562396535561
0.139753786943524
-0.600448266952119
0.000000000000000
-0.256429297767448
-0.164847269007510
0.037782551187592
0.147099880850844
-0.020500915914094
0.209562396535561
-0.026227221095647
-0.139753786943524
0.424581041313553
0.196055250552691
0.051174331206616
0.016963886808442
-0.298722889807055
0.339053247542457
-0.402176394294950
0.359200914742667
0.223868921984179
-0.600448266952119
-0.020834696538623
0.092475835769742
-0.061773109982653
0.275358081305577
-0.458992785127091
0.310060574215675
-0.105810410950951
-0.176844678720346
0.424581041313553
-0.166590540139842
-0.181954912343971
0.070396483118990
-0.090692243284325
-0.147099880850844
0.020500915914094
-0.209562396535561
0.026227221095647
0.000000000000000
0.256429297767448
0.164847269007510
-0.037782551187592
-0.016963886808442
0.298722889807055
-0.339053247542457
0.402176394294950
0.139753786943524
-0.424581041313554
-0.196055250552691
-0.051174331206615
-0.092475835769742
0.061773109982653
-0.275358081305577
0.458992785127091
-0.359200914742667
-0.223868921984179
0.600448266952119
0.020834696538623
0.166590540139842
0.181954912343971
-0.070396483118990
0.090692243284325
-0.310060574215674
0.105810410950951
0.176844678720346
-0.424581041313553
0.000000000000000
-0.166590540139842
-0.092475835769742
0.016963886808442
-0.147099880850844
-0.310060574215675
0.359200914742666
0.139753786943524
-0.139753786943524
0.000000000000000
0.166590540139842
0.092475835769742
-0.016963886808442
0.147099880850844
0.310060574215674
-0.359200914742666
0.359200914742667
0.139753786943524
-0.000000000000000
-0.166590540139842
-0.092475835769742
0.016963886808442
-0.147099880850844
-0.310060574215674
0.310060574215675
-0.359200914742667
-0.139753786943524
0.000000000000000
0.166590540139842
0.092475835769742
-0.016963886808442
0.147099880850844
-0.147099880850844
-0.310060574215675
0.359200914742667
0.139753786943524
-0.000000000000000
-0.166590540139842
-0.092475835769742
0.016963886808442
-0.016963886808442
0.147099880850844
0.310060574215675
-0.359200914742667
-0.139753786943524
0.000000000000000
0.166590540139842
0.092475835769742
-0.092475835769742
0.016963886808442
-0.147099880850844
-0.310060574215675
0.359200914742667
0.139753786943524
-0.000000000000000
-0.166590540139842
0.166590540139842
0.092475835769742
-0.016963886808442
0.147099880850844
0.310060574215674
-0.359200914742667
-0.139753786943524
0.000000000000001
0.000000000000000
0.020834696538623
0.164847269007510
-0.061773109982653
0.147099880850844
0.458992785127091
-0.209562396535561
0.223868921984179
-0.139753786943524
-0.424581041313553
-0.196055250552691
-0.181954912343971
0.016963886808442
0.090692243284325
-0.339053247542457
-0.105810410950951
0.359200914742667
-0.026227221095647
0.600448266952119
0.256429297767448
0.092475835769742
0.037782551187592
-0.275358081305577
0.020500915914095
0.310060574215675
-0.402176394294950
0.176844678720346
-0.424581041313553
-0.166590540139842
0.051174331206615
-0.070396483118990
0.298722889807056
-0.147099880850844
-0.458992785127091
0.209562396535561
-0.223868921984179
0.000000000000000
-0.020834696538623
-0.164847269007510
0.061773109982653
-0.016963886808442
-0.090692243284325
0.339053247542457
0.105810410950951
0.139753786943524
0.424581041313553
0.196055250552691
0.181954912343971
-0.092475835769742
-0.037782551187592
0.275358081305577
-0.020500915914094
-0.359200914742667
0.026227221095647
-0.600448266952119
-0.256429297767448
0.166590540139842
-0.051174331206615
0.070396483118990
-0.298722889807055
-0.310060574215674
0.402176394294950
-0.176844678720345
0.424581041313554
0.000000000000000
0.196055250552691
0.092475835769742
0.070396483118990
-0.147099880850844
-0.339053247542457
-0.359200914742666
0.176844678720345
-0.139753786943524
-0.600448266952119
-0.166590540139842
0.164847269007510
-0.016963886808442
-0.275358081305577
-0.310060574215674
0.209562396535561
0.359200914742667
-0.176844678720346
0.000000000000000
-0.196055250552691
-0.092475835769742
-0.070396483118990
0.147099880850844
0.339053247542457
0.310060574215675
-0.209562396535561
0.139753786943524
0.600448266952119
0.166590540139842
-0.164847269007510
0.016963886808442
0.275358081305577
-0.147099880850844
-0.339053247542457
-0.359200914742667
0.176844678720346
-0.000000000000000
0.196055250552691
0.092475835769742
0.070396483118990
-0.016963886808442
-0.275358081305577
-0.310060574215675
0.209562396535561
-0.139753786943524
-0.600448266952119
-0.166590540139842
0.164847269007510
-0.092475835769742
-0.070396483118990
0.147099880850844
0.339053247542457
0.359200914742667
-0.176844678720346
0.000000000000001
-0.196055250552691
0.166590540139842
-0.164847269007510
0.016963886808442
0.275358081305577
0.310060574215674
-0.209562396535561
0.139753786943524
0.600448266952119
0.000000000000000
0.256429297767447
-0.164847269007510
-0.037782551187592
0.147099880850844
0.020500915914095
0.209562396535561
0.026227221095646
-0.139753786943524
-0.424581041313554
0.196055250552691
-0.051174331206615
0.016963886808442
0.298722889807056
0.339053247542457
0.402176394294950
0.359200914742667
-0.223868921984179
-0.600448266952119
0.020834696538623
0.092475835769742
0.061773109982653
0.275358081305577
0.458992785127091
0.310060574215675
0.105810410950951
-0.176844678720346
-0.424581041313553
-0.166590540139842
0.181954912343972
0.070396483118990
0.090692243284325
-0.147099880850844
-0.020500915914094
-0.209562396535561
-0.026227221095647
0.000000000000001
-0.256429297767448
0.164847269007510
0.037782551187592
-0.016963886808442
-0.298722889807055
-0.339053247542457
-0.402176394294950
0.139753786943524
0.424581041313554
-0.196055250552691
0.051174331206615
-0.092475835769742
-0.061773109982653
-0.275358081305577
-0.458992785127091
-0.359200914742667
0.223868921984179
0.600448266952119
-0.020834696538623
0.166590540139842
-0.181954912343971
-0.070396483118990
-0.090692243284325
-0.310060574215674
-0.105810410950951
0.176844678720345
0.424581041313553
