0.333333333333333
0.333333333333333
0.333333333333333
0.333333333333333
0.333333333333333
0.333333333333333
0.333333333333333
0.333333333333333
0.333333333333333
0.189354915577052
0.040178893418441
-0.118201629014179
-0.323647272475351
-0.323647272475351
-0.249503582723700
-0.118201629014179
0.040178893418441
0.295152008551070
-0.118201629014178
-0.323647272475351
-0.249503582723700
0.295152008551070
0.295152008551070
0.040178893418441
-0.249503582723700
-0.323647272475351
0.189354915577052
-0.323647272475351
-0.118201629014178
0.295152008551070
-0.249503582723700
-0.249503582723700
0.189354915577052
0.295152008551070
-0.118201629014178
0.040178893418441
-0.249503582723700
0.295152008551070
0.040178893418441
0.189354915577052
0.189354915577052
-0.323647272475351
0.040178893418441
0.295152008551070
-0.118201629014179
0.040178893418441
0.189354915577052
-0.323647272475351
-0.118201629014179
-0.118201629014179
0.295152008551070
-0.323647272475351
0.189354915577052
-0.249503582723700
0.295152008551070
-0.249503582723700
0.189354915577052
0.040178893418441
0.040178893418441
-0.118201629014179
0.189354915577052
-0.249503582723700
-0.323647272475351
0.295152008551070
-0.249503582723700
0.189354915577052
0.040178893418441
0.040178893418441
-0.118201629014179
0.189354915577052
-0.249503582723700
-0.323647272475351
0.040178893418441
0.189354915577052
-0.323647272475351
-0.118201629014179
-0.118201629014179
0.295152008551070
-0.323647272475351
0.189354915577052
-0.249503582723700
-0.249503582723700
0.295152008551070
0.040178893418441
0.189354915577052
0.189354915577052
-0.323647272475351
0.040178893418441
0.295152008551070
-0.118201629014179
-0.323647272475351
-0.118201629014178
0.295152008551070
-0.249503582723700
-0.249503582723700
0.189354915577052
0.295152008551070
-0.118201629014178
0.040178893418441
-0.118201629014178
-0.323647272475351
-0.249503582723700
0.295152008551070
0.295152008551070
0.040178893418441
-0.249503582723700
-0.323647272475351
0.189354915577052
0.189354915577052
0.040178893418441
-0.118201629014179
-0.323647272475351
-0.323647272475351
-0.249503582723700
-0.118201629014179
0.040178893418441
0.295152008551070
0.000000000000000
0.000000000000000
0.000000000000000
0.000000000000000
0.000000000000000
0.000000000000000
0.000000000000000
0.000000000000000
0.000000000000000
-0.274327955297885
-0.330902958032685
-0.311672080895138
-0.079771888095853
0.079771888095853
0.221040886080265
0.311672080895138
0.330902958032685
0.154907724014590
-0.311672080895138
-0.079771888095853
0.221040886080265
0.154907724014589
-0.154907724014589
-0.330902958032685
-0.221040886080265
0.079771888095853
0.274327955297885
-0.079771888095853
0.311672080895138
0.154907724014589
-0.221040886080265
0.221040886080265
0.274327955297885
-0.154907724014589
-0.311672080895138
0.330902958032685
0.221040886080265
0.154907724014589
-0.330902958032685
0.274327955297885
-0.274327955297885
-0.079771888095853
0.330902958032685
-0.154907724014589
0.311672080895138
0.330902958032685
-0.274327955297885
0.079771888095853
-0.311672080895138
0.311672080895138
-0.154907724014590
-0.079771888095853
0.274327955297885
0.221040886080265
0.154907724014589
-0.221040886080265
0.274327955297885
0.330902958032685
-0.330902958032685
0.311672080895138
-0.274327955297885
0.221040886080265
0.079771888095853
-0.154907724014589
0.221040886080265
-0.274327955297885
-0.330902958032685
0.330902958032685
-0.311672080895138
0.274327955297885
-0.221040886080265
-0.079771888095853
-0.330902958032685
0.274327955297885
-0.079771888095853
0.311672080895138
-0.311672080895138
0.154907724014590
0.079771888095853
-0.274327955297885
-0.221040886080265
-0.221040886080265
-0.154907724014589
0.330902958032685
-0.274327955297885
0.274327955297885
0.079771888095853
-0.330902958032685
0.154907724014589
-0.311672080895138
0.079771888095853
-0.311672080895138
-0.154907724014589
0.221040886080265
-0.221040886080265
-0.274327955297885
0.154907724014589
0.311672080895138
-0.330902958032685
0.311672080895138
0.079771888095853
-0.221040886080265
-0.154907724014589
0.154907724014589
0.330902958032685
0.221040886080265
-0.079771888095853
-0.274327955297885
0.274327955297885
0.330902958032685
0.311672080895138
0.079771888095853
-0.079771888095853
-0.221040886080265
-0.311672080895138
-0.330902958032685
-0.154907724014590
