0.333333333333333
0.333333333333333
0.333333333333333
0.333333333333333
0.333333333333333
0.333333333333333
0.333333333333333
0.333333333333333
0.333333333333333
0.333333333333333
0.332099391644869
0.035793782221388
-0.325646164259061
-0.308641592397950
-0.266259790962122
-0.182947652761573
-0.021502816483105
0.194766057876123
0.333333333333333
0.328406702252020
-0.325646164259061
0.302939212446501
0.238224462014320
0.092032324365823
-0.132514271427519
-0.330559106633097
-0.105730429529702
0.333333333333333
0.322282604535092
-0.105730429529702
-0.266259790962122
-0.132514271427519
0.119232746277708
0.328406702252020
0.064150527323610
-0.318322251618418
0.333333333333333
0.313772439170949
0.302939212446501
0.217299665292904
0.007172032478741
-0.282513640964277
-0.227973140541537
0.322282604535092
-0.266259790962122
0.333333333333333
0.302939212446501
0.170790470709475
-0.158317024022350
0.119232746277708
0.332099391644869
-0.078163796523470
-0.105730429529702
0.007172032478741
0.333333333333333
0.289863129782204
-0.266259790962122
0.092032324365823
-0.227973140541537
-0.248034646623787
0.313772439170949
-0.308641592397950
0.274641001919185
0.333333333333333
0.274641001919185
-0.227973140541537
-0.021502816483105
0.302939212446501
0.064150527323610
-0.266259790962122
0.145550410652021
0.313772439170949
0.333333333333333
0.257385528166388
0.217299665292904
-0.050018466114884
-0.333024705034077
0.145550410652021
-0.021502816483105
0.289863129782204
0.092032324365823
0.333333333333333
0.238224462014320
0.274641001919185
0.119232746277708
0.313772439170949
-0.296675858811559
0.289863129782204
-0.182947652761573
-0.206223801087501
0.333333333333333
0.217299665292904
-0.158317024022350
-0.182947652761573
-0.248034646623787
0.328406702252020
-0.296675858811559
-0.266259790962122
-0.333024705034077
0.333333333333333
0.194766057876123
-0.308641592397950
0.238224462014320
0.145550410652021
-0.227973140541537
0.035793782221388
0.217299665292904
-0.182947652761573
0.333333333333333
0.170790470709475
0.092032324365823
-0.282513640964277
-0.021502816483105
0.035793782221388
0.257385528166388
0.238224462014320
0.119232746277708
0.333333333333333
0.145550410652021
0.328406702252020
0.313772439170949
-0.105730429529702
0.170790470709475
-0.318322251618418
-0.248034646623787
0.322282604535092
0.333333333333333
0.119232746277708
-0.021502816483105
-0.330559106633097
0.217299665292904
-0.308641592397950
0.092032324365823
-0.206223801087501
0.257385528166388
0.333333333333333
0.092032324365823
-0.333024705034077
0.332099391644869
-0.296675858811559
0.322282604535092
0.217299665292904
0.274641001919185
-0.021502816483105
0.333333333333333
0.064150527323610
-0.050018466114884
-0.318322251618418
0.332099391644869
-0.206223801087501
-0.330559106633097
0.170790470709475
-0.282513640964277
0.333333333333333
0.035793782221388
0.322282604535092
0.289863129782204
-0.318322251618418
0.007172032478741
0.145550410652021
-0.296675858811559
-0.308641592397950
0.333333333333333
0.007172032478741
0.119232746277708
-0.248034646623787
0.257385528166388
0.194766057876123
0.170790470709475
-0.132514271427519
-0.078163796523470
0.333333333333333
-0.021502816483105
-0.296675858811559
0.194766057876123
-0.158317024022350
-0.318322251618418
-0.333024705034077
0.313772439170949
0.217299665292904
0.333333333333333
-0.050018466114884
-0.182947652761573
-0.132514271427519
0.035793782221388
0.313772439170949
0.194766057876123
0.092032324365823
0.332099391644869
0.333333333333333
-0.078163796523470
0.257385528166388
0.064150527323610
0.092032324365823
-0.182947652761573
0.119232746277708
-0.325646164259061
0.170790470709475
0.333333333333333
-0.105730429529702
0.238224462014320
0.007172032478741
-0.206223801087501
-0.021502816483105
-0.325646164259061
-0.050018466114884
-0.132514271427519
0.333333333333333
-0.132514271427519
-0.206223801087501
-0.078163796523470
0.289863129782204
0.217299665292904
0.238224462014320
0.332099391644869
-0.325646164259061
0.333333333333333
-0.158317024022350
-0.282513640964277
0.145550410652021
-0.330559106633097
-0.325646164259061
0.064150527323610
0.007172032478741
-0.248034646623787
0.333333333333333
-0.182947652761573
0.145550410652021
-0.206223801087501
0.322282604535092
0.302939212446501
-0.308641592397950
-0.333024705034077
0.035793782221388
0.333333333333333
-0.206223801087501
0.313772439170949
0.257385528166388
-0.266259790962122
-0.158317024022350
0.274641001919185
0.035793782221388
0.289863129782204
0.333333333333333
-0.227973140541537
-0.078163796523470
-0.296675858811559
0.170790470709475
-0.050018466114884
0.007172032478741
0.328406702252020
0.302939212446501
0.333333333333333
-0.248034646623787
-0.330559106633097
0.322282604535092
-0.050018466114884
0.238224462014320
-0.282513640964277
-0.078163796523470
0.064150527323610
0.333333333333333
-0.266259790962122
0.007172032478741
-0.333024705034077
-0.078163796523470
-0.330559106633097
0.302939212446501
-0.318322251618418
-0.227973140541537
0.333333333333333
-0.282513640964277
0.332099391644869
0.328406702252020
0.194766057876123
0.289863129782204
-0.050018466114884
0.119232746277708
-0.330559106633097
0.333333333333333
-0.296675858811559
0.064150527323610
-0.308641592397950
-0.282513640964277
-0.132514271427519
-0.248034646623787
0.302939212446501
-0.158317024022350
0.333333333333333
-0.308641592397950
-0.318322251618418
0.274641001919185
0.328406702252020
-0.078163796523470
0.322282604535092
-0.158317024022350
0.145550410652021
0.333333333333333
-0.318322251618418
-0.132514271427519
-0.227973140541537
-0.325646164259061
0.257385528166388
-0.105730429529702
-0.282513640964277
0.328406702252020
0.333333333333333
-0.325646164259061
0.289863129782204
0.170790470709475
0.274641001919185
-0.333024705034077
-0.206223801087501
0.194766057876123
0.238224462014320
0.333333333333333
-0.330559106633097
0.194766057876123
-0.105730429529702
-0.182947652761573
0.274641001919185
0.332099391644869
0.257385528166388
-0.050018466114884
0.333333333333333
-0.333024705034077
-0.248034646623787
0.035793782221388
0.064150527323610
-0.105730429529702
-0.158317024022350
-0.227973140541537
-0.296675858811559
0.333333333333333
-0.333024705034077
-0.248034646623787
0.035793782221388
0.064150527323610
-0.105730429529702
-0.158317024022350
-0.227973140541537
-0.296675858811559
0.333333333333333
-0.330559106633097
0.194766057876123
-0.105730429529702
-0.182947652761573
0.274641001919185
0.332099391644869
0.257385528166388
-0.050018466114884
0.333333333333333
-0.325646164259061
0.289863129782204
0.170790470709475
0.274641001919185
-0.333024705034077
-0.206223801087501
0.194766057876123
0.238224462014320
0.333333333333333
-0.318322251618418
-0.132514271427519
-0.227973140541537
-0.325646164259061
0.257385528166388
-0.105730429529702
-0.282513640964277
0.328406702252020
0.333333333333333
-0.308641592397950
-0.318322251618418
0.274641001919185
0.328406702252020
-0.078163796523470
0.322282604535092
-0.158317024022350
0.145550410652021
0.333333333333333
-0.296675858811559
0.064150527323610
-0.308641592397950
-0.282513640964277
-0.132514271427519
-0.248034646623787
0.302939212446501
-0.158317024022350
0.333333333333333
-0.282513640964277
0.332099391644869
0.328406702252020
0.194766057876123
0.289863129782204
-0.050018466114884
0.119232746277708
-0.330559106633097
0.333333333333333
-0.266259790962122
0.007172032478741
-0.333024705034077
-0.078163796523470
-0.330559106633097
0.302939212446501
-0.318322251618418
-0.227973140541537
0.333333333333333
-0.248034646623787
-0.330559106633097
0.322282604535092
-0.050018466114884
0.238224462014320
-0.282513640964277
-0.078163796523470
0.064150527323610
0.333333333333333
-0.227973140541537
-0.078163796523470
-0.296675858811559
0.170790470709475
-0.050018466114884
0.007172032478741
0.328406702252020
0.302939212446501
0.333333333333333
-0.206223801087501
0.313772439170949
0.257385528166388
-0.266259790962122
-0.158317024022350
0.274641001919185
0.035793782221388
0.289863129782204
0.333333333333333
-0.182947652761573
0.145550410652021
-0.206223801087501
0.322282604535092
0.302939212446501
-0.308641592397950
-0.333024705034077
0.035793782221388
0.333333333333333
-0.158317024022350
-0.282513640964277
0.145550410652021
-0.330559106633097
-0.325646164259061
0.064150527323610
0.007172032478741
-0.248034646623787
0.333333333333333
-0.132514271427519
-0.206223801087501
-0.078163796523470
0.289863129782204
0.217299665292904
0.238224462014320
0.332099391644869
-0.325646164259061
0.333333333333333
-0.105730429529702
0.238224462014320
0.007172032478741
-0.206223801087501
-0.021502816483105
-0.325646164259061
-0.050018466114884
-0.132514271427519
0.333333333333333
-0.078163796523470
0.257385528166388
0.064150527323610
0.092032324365823
-0.182947652761573
0.119232746277708
-0.325646164259061
0.170790470709475
0.333333333333333
-0.050018466114884
-0.182947652761573
-0.132514271427519
0.035793782221388
0.313772439170949
0.194766057876123
0.092032324365823
0.332099391644869
0.333333333333333
-0.021502816483105
-0.296675858811559
0.194766057876123
-0.158317024022350
-0.318322251618418
-0.333024705034077
0.313772439170949
0.217299665292904
0.333333333333333
0.007172032478741
0.119232746277708
-0.248034646623787
0.257385528166388
0.194766057876123
0.170790470709475
-0.132514271427519
-0.078163796523470
0.333333333333333
0.035793782221388
0.322282604535092
0.289863129782204
-0.318322251618418
0.007172032478741
0.145550410652021
-0.296675858811559
-0.308641592397950
0.333333333333333
0.064150527323610
-0.050018466114884
-0.318322251618418
0.332099391644869
-0.206223801087501
-0.330559106633097
0.170790470709475
-0.282513640964277
0.333333333333333
0.092032324365823
-0.333024705034077
0.332099391644869
-0.296675858811559
0.322282604535092
0.217299665292904
0.274641001919185
-0.021502816483105
0.333333333333333
0.119232746277708
-0.021502816483105
-0.330559106633097
0.217299665292904
-0.308641592397950
0.092032324365823
-0.206223801087501
0.257385528166388
0.333333333333333
0.145550410652021
0.328406702252020
0.313772439170949
-0.105730429529702
0.170790470709475
-0.318322251618418
-0.248034646623787
0.322282604535092
0.333333333333333
0.170790470709475
0.092032324365823
-0.282513640964277
-0.021502816483105
0.035793782221388
0.257385528166388
0.238224462014320
0.119232746277708
0.333333333333333
0.194766057876123
-0.308641592397950
0.238224462014320
0.145550410652021
-0.227973140541537
0.035793782221388
0.217299665292904
-0.182947652761573
0.333333333333333
0.217299665292904
-0.158317024022350
-0.182947652761573
-0.248034646623787
0.328406702252020
-0.296675858811559
-0.266259790962122
-0.333024705034077
0.333333333333333
0.238224462014320
0.274641001919185
0.119232746277708
0.313772439170949
-0.296675858811559
0.289863129782204
-0.182947652761573
-0.206223801087501
0.333333333333333
0.257385528166388
0.217299665292904
-0.050018466114884
-0.333024705034077
0.145550410652021
-0.021502816483105
0.289863129782204
0.092032324365823
0.333333333333333
0.274641001919185
-0.227973140541537
-0.021502816483105
0.302939212446501
0.064150527323610
-0.266259790962122
0.145550410652021
0.313772439170949
0.333333333333333
0.289863129782204
-0.266259790962122
0.092032324365823
-0.227973140541537
-0.248034646623787
0.313772439170949
-0.308641592397950
0.274641001919185
0.333333333333333
0.302939212446501
0.170790470709475
-0.158317024022350
0.119232746277708
0.332099391644869
-0.078163796523470
-0.105730429529702
0.007172032478741
0.333333333333333
0.313772439170949
0.302939212446501
0.217299665292904
0.007172032478741
-0.282513640964277
-0.227973140541537
0.322282604535092
-0.266259790962122
0.333333333333333
0.322282604535092
-0.105730429529702
-0.266259790962122
-0.132514271427519
0.119232746277708
0.328406702252020
0.064150527323610
-0.318322251618418
0.333333333333333
0.328406702252020
-0.325646164259061
0.302939212446501
0.238224462014320
0.092032324365823
-0.132514271427519
-0.330559106633097
-0.105730429529702
0.333333333333333
0.332099391644869
0.035793782221388
-0.325646164259061
-0.308641592397950
-0.266259790962122
-0.182947652761573
-0.021502816483105
0.194766057876123
0.000000000000000
0.000000000000000
0.000000000000000
0.000000000000000
0.000000000000000
0.000000000000000
0.000000000000000
0.000000000000000
0.000000000000000
0.000000000000000
-0.028654932912482
-0.331405968964651
0.071173638479932
0.125902655067988
0.200541354408307
0.278641826472879
0.332639053621797
0.270513019669120
0.000000000000000
-0.057097714727159
-0.071173638479932
-0.139064534204106
-0.233152775683882
-0.320376594624100
-0.305861208686465
-0.042916059150860
0.316120526670724
0.000000000000000
-0.085117765038729
0.316120526670724
0.200541354408307
0.305861208686465
0.311279076274308
0.057097714727159
-0.327102156757203
0.098904273091163
0.000000000000000
-0.112507633198038
0.139064534204106
-0.252768602826188
-0.333256167326630
-0.176910016053978
0.243185851362163
0.085117765038729
-0.200541354408307
0.000000000000000
-0.139064534204106
-0.286254652758601
0.293337401324512
0.311279076274308
-0.028654932912482
-0.324039398876354
0.316120526670724
-0.333256167326630
0.000000000000000
-0.164591850053326
-0.200541354408307
-0.320376594624100
-0.243185851362163
0.222687954737845
0.112507633198038
-0.125902655067988
-0.188900585430373
0.000000000000000
-0.188900585430373
0.243185851362163
0.332639053621797
0.139064534204106
-0.327102156757203
0.200541354408307
-0.299876956550748
0.112507633198038
0.000000000000000
-0.211810766963392
0.252768602826188
-0.329559196744113
-0.014340744334843
0.299876956550748
-0.332639053621797
0.164591850053326
0.320376594624100
0.000000000000000
-0.233152775683882
-0.188900585430373
0.311279076274308
-0.112507633198038
-0.151968897836153
0.164591850053326
0.278641826472879
0.261883285026238
0.000000000000000
-0.252768602826188
-0.293337401324512
-0.278641826472879
0.222687954737845
-0.057097714727159
0.151968897836153
-0.200541354408307
-0.014340744334843
0.000000000000000
-0.270513019669120
0.125902655067988
0.233152775683882
-0.299876956550748
0.243185851362163
-0.331405968964651
-0.252768602826188
-0.278641826472879
0.000000000000000
-0.286254652758601
0.320376594624100
-0.176910016053978
0.332639053621797
-0.331405968964651
0.211810766963392
0.233152775683882
-0.311279076274308
0.000000000000000
-0.299876956550748
-0.057097714727159
0.112507633198038
-0.316120526670724
0.286254652758601
0.098904273091163
0.222687954737845
-0.085117765038729
0.000000000000000
-0.311279076274308
-0.332639053621797
-0.042916059150860
0.252768602826188
-0.125902655067988
-0.320376594624100
-0.261883285026238
0.211810766963392
0.000000000000000
-0.320376594624100
-0.014340744334843
-0.028654932912482
-0.151968897836153
-0.085117765038729
0.252768602826188
-0.188900585430373
0.332639053621797
0.000000000000000
-0.327102156757203
0.329559196744113
0.098904273091163
0.028654932912482
0.261883285026238
0.042916059150860
0.286254652758601
0.176910016053978
0.000000000000000
-0.331405968964651
0.085117765038729
-0.164591850053326
0.098904273091163
-0.333256167326630
-0.299876956550748
0.151968897836153
-0.125902655067988
0.000000000000000
-0.333256167326630
-0.311279076274308
0.222687954737845
-0.211810766963392
0.270513019669120
0.286254652758601
-0.305861208686465
-0.324039398876354
0.000000000000000
-0.332639053621797
-0.151968897836153
-0.270513019669120
0.293337401324512
-0.098904273091163
-0.014340744334843
-0.112507633198038
-0.252768602826188
0.000000000000000
-0.329559196744113
0.278641826472879
0.305861208686465
-0.331405968964651
-0.112507633198038
-0.270513019669120
0.320376594624100
0.028654932912482
0.000000000000000
-0.324039398876354
0.211810766963392
-0.327102156757203
0.320376594624100
0.278641826472879
0.311279076274308
0.071173638479932
0.286254652758601
0.000000000000000
-0.316120526670724
-0.233152775683882
0.333256167326630
-0.261883285026238
-0.332639053621797
-0.071173638479932
-0.329559196744113
0.305861208686465
0.000000000000000
-0.305861208686465
-0.261883285026238
-0.324039398876354
0.164591850053326
0.252768602826188
-0.233152775683882
-0.028654932912482
0.071173638479932
0.000000000000000
-0.293337401324512
0.176910016053978
0.299876956550748
-0.042916059150860
-0.071173638479932
0.327102156757203
0.333256167326630
-0.222687954737845
0.000000000000000
-0.278641826472879
0.299876956550748
-0.261883285026238
-0.085117765038729
-0.139064534204106
-0.125902655067988
-0.014340744334843
-0.331405968964651
0.000000000000000
-0.261883285026238
-0.112507633198038
0.211810766963392
0.200541354408307
0.293337401324512
-0.188900585430373
-0.331405968964651
-0.164591850053326
0.000000000000000
-0.243185851362163
-0.324039398876354
-0.151968897836153
-0.286254652758601
-0.329559196744113
0.333256167326630
0.057097714727159
0.139064534204106
0.000000000000000
-0.222687954737845
0.042916059150860
0.085117765038729
0.329559196744113
0.233152775683882
-0.176910016053978
0.324039398876354
0.327102156757203
0.000000000000000
-0.200541354408307
0.333256167326630
-0.014340744334843
-0.324039398876354
-0.042916059150860
-0.139064534204106
-0.098904273091163
0.243185851362163
0.000000000000000
-0.176910016053978
0.028654932912482
-0.057097714727159
0.270513019669120
-0.164591850053326
0.329559196744113
-0.311279076274308
-0.042916059150860
0.000000000000000
-0.151968897836153
-0.327102156757203
0.125902655067988
-0.176910016053978
0.305861208686465
-0.222687954737845
0.139064534204106
-0.293337401324512
0.000000000000000
-0.125902655067988
-0.098904273091163
-0.188900585430373
0.057097714727159
-0.324039398876354
-0.085117765038729
0.293337401324512
-0.299876956550748
0.000000000000000
-0.098904273091163
0.305861208686465
0.243185851362163
0.071173638479932
0.211810766963392
0.316120526670724
-0.176910016053978
-0.057097714727159
0.000000000000000
-0.071173638479932
0.164591850053326
-0.286254652758601
-0.188900585430373
-0.014340744334843
-0.261883285026238
-0.270513019669120
0.233152775683882
0.000000000000000
-0.042916059150860
-0.270513019669120
0.316120526670724
0.278641826472879
-0.188900585430373
-0.028654932912482
0.211810766963392
0.329559196744113
0.000000000000000
-0.014340744334843
-0.222687954737845
-0.331405968964651
-0.327102156757203
0.316120526670724
0.293337401324512
0.243185851362163
0.151968897836153
0.000000000000000
0.014340744334843
0.222687954737845
0.331405968964651
0.327102156757203
-0.316120526670724
-0.293337401324512
-0.243185851362163
-0.151968897836153
0.000000000000000
0.042916059150860
0.270513019669120
-0.316120526670724
-0.278641826472879
0.188900585430373
0.028654932912482
-0.211810766963392
-0.329559196744113
0.000000000000000
0.071173638479932
-0.164591850053326
0.286254652758601
0.188900585430373
0.014340744334843
0.261883285026238
0.270513019669120
-0.233152775683882
0.000000000000000
0.098904273091163
-0.305861208686465
-0.243185851362163
-0.071173638479932
-0.211810766963392
-0.316120526670724
0.176910016053978
0.057097714727159
0.000000000000000
0.125902655067988
0.098904273091163
0.188900585430373
-0.057097714727159
0.324039398876354
0.085117765038729
-0.293337401324512
0.299876956550748
0.000000000000000
0.151968897836153
0.327102156757203
-0.125902655067988
0.176910016053978
-0.305861208686465
0.222687954737845
-0.139064534204106
0.293337401324512
0.000000000000000
0.176910016053978
-0.028654932912482
0.057097714727159
-0.270513019669120
0.164591850053326
-0.329559196744113
0.311279076274308
0.042916059150860
0.000000000000000
0.200541354408307
-0.333256167326630
0.014340744334843
0.324039398876354
0.042916059150860
0.139064534204106
0.098904273091163
-0.243185851362163
0.000000000000000
0.222687954737845
-0.042916059150860
-0.085117765038729
-0.329559196744113
-0.233152775683882
0.176910016053978
-0.324039398876354
-0.327102156757203
0.000000000000000
0.243185851362163
0.324039398876354
0.151968897836153
0.286254652758601
0.329559196744113
-0.333256167326630
-0.057097714727159
-0.139064534204106
0.000000000000000
0.261883285026238
0.112507633198038
-0.211810766963392
-0.200541354408307
-0.293337401324512
0.188900585430373
0.331405968964651
0.164591850053326
0.000000000000000
0.278641826472879
-0.299876956550748
0.261883285026238
0.085117765038729
0.139064534204106
0.125902655067988
0.014340744334843
0.331405968964651
0.000000000000000
0.293337401324512
-0.176910016053978
-0.299876956550748
0.042916059150860
0.071173638479932
-0.327102156757203
-0.333256167326630
0.222687954737845
0.000000000000000
0.305861208686465
0.261883285026238
0.324039398876354
-0.164591850053326
-0.252768602826188
0.233152775683882
0.028654932912482
-0.071173638479932
0.000000000000000
0.316120526670724
0.233152775683882
-0.333256167326630
0.261883285026238
0.332639053621797
0.071173638479932
0.329559196744113
-0.305861208686465
0.000000000000000
0.324039398876354
-0.211810766963392
0.327102156757203
-0.320376594624100
-0.278641826472879
-0.311279076274308
-0.071173638479932
-0.286254652758601
0.000000000000000
0.329559196744113
-0.278641826472879
-0.305861208686465
0.331405968964651
0.112507633198038
0.270513019669120
-0.320376594624100
-0.028654932912482
0.000000000000000
0.332639053621797
0.151968897836153
0.270513019669120
-0.293337401324512
0.098904273091163
0.014340744334843
0.112507633198038
0.252768602826188
0.000000000000000
0.333256167326630
0.311279076274308
-0.222687954737845
0.211810766963392
-0.270513019669120
-0.286254652758601
0.305861208686465
0.324039398876354
0.000000000000000
0.331405968964651
-0.085117765038729
0.164591850053326
-0.098904273091163
0.333256167326630
0.299876956550748
-0.151968897836153
0.125902655067988
0.000000000000000
0.327102156757203
-0.329559196744113
-0.098904273091163
-0.028654932912482
-0.261883285026238
-0.042916059150860
-0.286254652758601
-0.176910016053978
0.000000000000000
0.320376594624100
0.014340744334843
0.028654932912482
0.151968897836153
0.085117765038729
-0.252768602826188
0.188900585430373
-0.332639053621797
0.000000000000000
0.311279076274308
0.332639053621797
0.042916059150860
-0.252768602826188
0.125902655067988
0.320376594624100
0.261883285026238
-0.211810766963392
0.000000000000000
0.299876956550748
0.057097714727159
-0.112507633198038
0.316120526670724
-0.286254652758601
-0.098904273091163
-0.222687954737845
0.085117765038729
0.000000000000000
0.286254652758601
-0.320376594624100
0.176910016053978
-0.332639053621797
0.331405968964651
-0.211810766963392
-0.233152775683882
0.311279076274308
0.000000000000000
0.270513019669120
-0.125902655067988
-0.233152775683882
0.299876956550748
-0.243185851362163
0.331405968964651
0.252768602826188
0.278641826472879
0.000000000000000
0.252768602826188
0.293337401324512
0.278641826472879
-0.222687954737845
0.057097714727159
-0.151968897836153
0.200541354408307
0.014340744334843
0.000000000000000
0.233152775683882
0.188900585430373
-0.311279076274308
0.112507633198038
0.151968897836153
-0.164591850053326
-0.278641826472879
-0.261883285026238
0.000000000000000
0.211810766963392
-0.252768602826188
0.329559196744113
0.014340744334843
-0.299876956550748
0.332639053621797
-0.164591850053326
-0.320376594624100
0.000000000000000
0.188900585430373
-0.243185851362163
-0.332639053621797
-0.139064534204106
0.327102156757203
-0.200541354408307
0.299876956550748
-0.112507633198038
0.000000000000000
0.164591850053326
0.200541354408307
0.320376594624100
0.243185851362163
-0.222687954737845
-0.112507633198038
0.125902655067988
0.188900585430373
0.000000000000000
0.139064534204106
0.286254652758601
-0.293337401324512
-0.311279076274308
0.028654932912482
0.324039398876354
-0.316120526670724
0.333256167326630
0.000000000000000
0.112507633198038
-0.139064534204106
0.252768602826188
0.333256167326630
0.176910016053978
-0.243185851362163
-0.085117765038729
0.200541354408307
0.000000000000000
0.085117765038729
-0.316120526670724
-0.200541354408307
-0.305861208686465
-0.311279076274308
-0.057097714727159
0.327102156757203
-0.098904273091163
0.000000000000000
0.057097714727159
0.071173638479932
0.139064534204106
0.233152775683882
0.320376594624100
0.305861208686465
0.042916059150860
-0.316120526670724
0.000000000000000
0.028654932912482
0.331405968964651
-0.071173638479932
-0.125902655067988
-0.200541354408307
-0.278641826472879
-0.332639053621797
-0.270513019669120
