0.360976838827276
0.132963677251831
-0.207152662685222
-0.137780461888805
-0.361384045291172
-0.128461377738607
-0.223196376938471
-0.022231262149906
0.044800412372162
0.044800412372162
0.360976838827276
0.132963677251831
-0.207152662685222
-0.137780461888805
-0.361384045291172
-0.128461377738607
-0.223196376938471
-0.022231262149906
-0.022231262149906
0.044800412372162
0.360976838827276
0.132963677251831
-0.207152662685222
-0.137780461888805
-0.361384045291172
-0.128461377738607
-0.223196376938471
-0.223196376938471
-0.022231262149906
0.044800412372162
0.360976838827276
0.132963677251831
-0.207152662685222
-0.137780461888805
-0.361384045291172
-0.128461377738607
-0.128461377738607
-0.223196376938471
-0.022231262149906
0.044800412372162
0.360976838827276
0.132963677251831
-0.207152662685222
-0.137780461888805
-0.361384045291172
-0.361384045291172
-0.128461377738607
-0.223196376938471
-0.022231262149906
0.044800412372162
0.360976838827276
0.132963677251831
-0.207152662685222
-0.137780461888805
-0.137780461888805
-0.361384045291172
-0.128461377738607
-0.223196376938471
-0.022231262149906
0.044800412372162
0.360976838827276
0.132963677251831
-0.207152662685222
-0.207152662685222
-0.137780461888805
-0.361384045291172
-0.128461377738607
-0.223196376938471
-0.022231262149906
0.044800412372162
0.360976838827276
0.132963677251831
0.132963677251831
-0.207152662685222
-0.137780461888805
-0.361384045291172
-0.128461377738607
-0.223196376938471
-0.022231262149906
0.044800412372162
0.360976838827276
0.360976838827276
0.460260048068271
0.117591901369020
0.153033166162863
0.240560840252950
0.077538197960751
0.195741123687696
-0.021745247355482
-0.203176724768531
0.044800412372162
0.276524301478289
0.572195627172915
0.238617880529225
0.162701923717110
0.438619001006799
-0.045094808118584
0.056926171394691
-0.028703628033862
-0.022231262149906
0.271814938662798
0.062682970242326
0.416394513077308
0.247991901447462
0.096240642933657
0.431442456482361
-0.146627452306267
-0.108525169157814
-0.223196376938471
-0.005356641633052
0.371644234266562
-0.180488419413638
0.065757778603295
0.141327755555450
-0.015252704274058
0.222389191621030
-0.179551481977234
-0.128461377738607
-0.233431519398195
0.014024411036348
0.297577062291418
-0.339207271720615
-0.315647751295505
-0.031465217844003
-0.119609141637016
-0.090722447580338
-0.361384045291172
-0.017262767166902
-0.134441459629144
0.026843285917873
0.084270275669459
-0.339207271720615
-0.549358190329140
-0.189535266117303
-0.167999132320476
-0.137780461888805
-0.462950031873980
0.102013284016483
0.027455253250775
0.027101888988533
-0.168467509498031
-0.180488419413638
-0.526017826671566
-0.258919656924470
-0.207152662685222
-0.043092782080094
-0.347896553426460
0.173556185857192
0.176505348003505
0.014679216997514
-0.342377474663580
0.062682970242325
-0.256547875877410
0.132963677251831
-0.058456635330159
0.071758489386818
-0.070058411191189
0.163890219473170
0.242966628786958
-0.004612023767967
-0.356085214332257
0.276524301478289
0.360976838827276
0.572195627172915
0.247991901447462
-0.015252704274058
-0.090722447580338
-0.017262767166902
0.027455253250775
0.014679216997514
-0.356085214332257
0.044800412372162
0.062682970242326
0.065757778603295
-0.031465217844003
-0.167999132320476
-0.462950031873980
0.173556185857192
0.242966628786958
-0.021745247355482
-0.022231262149906
0.371644234266562
-0.339207271720615
-0.549358190329140
-0.258919656924470
-0.043092782080094
-0.070058411191190
0.077538197960751
0.056926171394691
-0.223196376938471
0.014024411036348
0.084270275669459
-0.180488419413638
-0.256547875877410
-0.058456635330159
0.153033166162863
0.438619001006799
-0.146627452306267
-0.128461377738607
-0.134441459629144
0.027101888988533
-0.342377474663580
0.276524301478289
0.460260048068271
0.238617880529225
0.096240642933657
0.222389191621030
-0.361384045291172
0.102013284016483
0.176505348003505
-0.004612023767967
-0.203176724768531
0.276524301478289
0.416394513077309
0.141327755555450
-0.119609141637016
-0.137780461888805
-0.347896553426460
0.163890219473170
0.195741123687696
-0.028703628033862
0.271814938662798
-0.180488419413637
-0.315647751295504
-0.189535266117302
-0.207152662685222
0.071758489386818
0.240560840252950
-0.045094808118584
-0.108525169157814
-0.005356641633052
0.297577062291418
-0.339207271720615
-0.526017826671566
0.132963677251831
0.117591901369020
0.162701923717110
0.431442456482361
-0.179551481977234
-0.233431519398195
0.026843285917873
-0.168467509498031
0.062682970242325
0.360976838827276
0.416394513077308
-0.031465217844003
-0.137780461888805
-0.070058411191189
-0.045094808118584
-0.223196376938471
0.026843285917873
-0.342377474663580
0.044800412372162
-0.180488419413638
-0.549358190329140
-0.207152662685222
0.153033166162863
0.431442456482361
-0.128461377738608
0.027455253250775
-0.004612023767967
-0.022231262149906
0.297577062291418
-0.180488419413638
0.132963677251831
0.238617880529225
-0.015252704274058
-0.361384045291171
0.173556185857192
0.195741123687696
-0.223196376938471
0.026843285917873
-0.342377474663580
0.360976838827275
0.416394513077308
-0.031465217844003
-0.137780461888805
-0.070058411191190
-0.045094808118584
-0.128461377738607
0.027455253250775
-0.004612023767967
0.044800412372162
-0.180488419413638
-0.549358190329140
-0.207152662685222
0.153033166162863
0.431442456482361
-0.361384045291172
0.173556185857192
0.195741123687696
-0.022231262149906
0.297577062291418
-0.180488419413638
0.132963677251831
0.238617880529225
-0.015252704274058
-0.137780461888805
-0.070058411191189
-0.045094808118584
-0.223196376938471
0.026843285917873
-0.342377474663580
0.360976838827276
0.416394513077309
-0.031465217844003
-0.207152662685222
0.153033166162863
0.431442456482361
-0.128461377738607
0.027455253250775
-0.004612023767967
0.044800412372162
-0.180488419413637
-0.549358190329140
0.132963677251831
0.238617880529225
-0.015252704274058
-0.361384045291171
0.173556185857192
0.195741123687696
-0.022231262149906
0.297577062291418
-0.180488419413638
0.360976838827276
0.065757778603295
-0.258919656924470
0.153033166162863
0.222389191621030
0.102013284016483
0.195741123687696
-0.005356641633052
-0.168467509498031
0.044800412372162
-0.339207271720615
-0.256547875877410
0.238617880529225
-0.119609141637016
-0.347896553426460
-0.045094808118584
-0.233431519398196
0.014679216997514
-0.022231262149906
0.084270275669459
0.276524301478289
0.416394513077309
-0.189535266117302
0.071758489386818
0.431442456482361
-0.017262767166903
0.242966628786958
-0.223196376938471
0.027101888988533
-0.203176724768531
-0.180488419413637
-0.526017826671566
0.117591901369020
-0.015252704274058
-0.462950031873980
0.077538197960751
-0.128461377738607
0.176505348003505
-0.028703628033862
0.297577062291418
0.062682970242325
0.572195627172915
-0.031465217844002
-0.043092782080094
0.438619001006798
-0.361384045291172
0.163890219473170
-0.108525169157813
0.026843285917873
-0.356085214332257
0.062682970242326
-0.549358190329140
-0.058456635330159
0.096240642933658
-0.137780461888805
0.240560840252950
-0.179551481977234
0.027455253250775
-0.021745247355482
0.371644234266562
-0.180488419413638
0.460260048068271
0.141327755555450
-0.207152662685222
0.162701923717110
-0.090722447580338
0.173556185857192
0.056926171394691
0.014024411036348
-0.342377474663580
0.276524301478290
-0.315647751295504
0.132963677251831
0.247991901447462
-0.167999132320476
-0.070058411191190
-0.146627452306267
-0.134441459629144
-0.004612023767967
0.271814938662798
-0.339207271720615
0.360976838827276
-0.315647751295505
-0.058456635330159
-0.015252704274058
-0.347896553426460
-0.146627452306267
0.027455253250774
-0.028703628033862
0.084270275669459
0.044800412372162
-0.339207271720615
0.460260048068271
-0.031465217844003
0.071758489386818
0.222389191621030
0.173556185857192
-0.108525169157813
0.027101888988533
-0.022231262149906
-0.168467509498031
0.276524301478289
-0.549358190329139
0.117591901369020
-0.119609141637016
-0.070058411191190
-0.179551481977234
0.176505348003505
-0.223196376938471
0.014679216997514
0.271814938662798
-0.180488419413638
0.572195627172915
-0.189535266117303
0.153033166162863
-0.090722447580338
0.163890219473170
-0.128461377738607
0.242966628786958
-0.005356641633052
-0.342377474663580
0.062682970242326
-0.526017826671566
0.238617880529225
-0.167999132320476
0.240560840252949
-0.361384045291172
0.077538197960751
-0.233431519398195
-0.004612023767967
0.371644234266562
0.062682970242325
0.416394513077309
-0.258919656924470
0.162701923717110
-0.137780461888805
0.438619001006799
-0.017262767166902
0.195741123687696
0.014024411036348
-0.356085214332257
-0.180488419413637
-0.256547875877411
0.247991901447462
-0.207152662685222
0.096240642933657
-0.462950031873980
-0.045094808118584
-0.134441459629144
-0.021745247355482
0.297577062291418
0.276524301478289
0.065757778603295
0.132963677251831
0.141327755555449
-0.043092782080094
0.431442456482361
0.102013284016483
0.056926171394691
0.026843285917873
-0.203176724768532
-0.339207271720615
0.360976838827276
-0.549358190329140
0.238617880529225
-0.137780461888805
0.431442456482361
0.173556185857192
-0.223196376938471
-0.004612023767967
0.297577062291418
0.044800412372162
-0.180488419413638
0.416394513077308
-0.207152662685222
-0.015252704274058
-0.070058411191190
-0.128461377738608
0.195741123687696
0.026843285917873
-0.022231262149906
-0.342377474663580
-0.180488419413638
0.132963677251831
-0.031465217844003
0.153033166162863
-0.361384045291171
-0.045094808118584
0.027455253250774
-0.223196376938471
-0.004612023767967
0.297577062291418
0.360976838827275
-0.549358190329140
0.238617880529225
-0.137780461888805
0.431442456482361
0.173556185857192
-0.128461377738607
0.195741123687696
0.026843285917873
0.044800412372162
-0.180488419413638
0.416394513077309
-0.207152662685223
-0.015252704274058
-0.070058411191190
-0.361384045291172
-0.045094808118584
0.027455253250775
-0.022231262149906
-0.342377474663580
-0.180488419413638
0.132963677251830
-0.031465217844002
0.153033166162863
-0.137780461888805
0.431442456482361
0.173556185857192
-0.223196376938471
-0.004612023767967
0.297577062291418
0.360976838827276
-0.549358190329139
0.238617880529225
-0.207152662685222
-0.015252704274058
-0.070058411191189
-0.128461377738607
0.195741123687696
0.026843285917873
0.044800412372161
-0.180488419413638
0.416394513077309
0.132963677251831
-0.031465217844003
0.153033166162863
-0.361384045291171
-0.045094808118584
0.027455253250775
-0.022231262149906
-0.342377474663580
-0.180488419413637
0.360976838827276
-0.526017826671566
0.141327755555450
0.153033166162863
-0.462950031873979
-0.179551481977234
0.195741123687697
0.027101888988533
0.371644234266562
0.044800412372162
0.062682970242325
-0.315647751295504
0.238617880529225
-0.043092782080094
-0.090722447580338
-0.045094808118584
0.176505348003504
0.014024411036348
-0.022231262149906
-0.356085214332257
-0.339207271720615
0.416394513077309
-0.058456635330159
-0.167999132320476
0.431442456482362
0.163890219473170
-0.134441459629145
-0.223196376938471
-0.021745247355482
-0.168467509498031
-0.180488419413637
0.460260048068271
-0.258919656924470
-0.015252704274058
0.240560840252949
0.102013284016482
-0.128461377738607
0.056926171394691
0.014679216997514
0.297577062291418
0.276524301478290
-0.256547875877410
-0.031465217844002
0.162701923717110
-0.347896553426461
-0.361384045291172
-0.146627452306267
0.242966628786958
0.026843285917873
0.271814938662798
0.276524301478289
-0.549358190329139
0.247991901447462
0.071758489386818
-0.137780461888805
0.222389191621029
0.077538197960751
0.027455253250775
-0.005356641633052
-0.203176724768531
-0.180488419413639
0.065757778603296
0.117591901369020
-0.207152662685222
-0.119609141637016
0.438619001006798
0.173556185857192
-0.233431519398195
-0.028703628033862
-0.342377474663579
-0.339207271720615
0.572195627172915
0.132963677251831
-0.189535266117302
0.096240642933657
-0.070058411191190
-0.017262767166903
-0.108525169157814
-0.004612023767967
0.084270275669460
0.062682970242326
0.360976838827276
-0.256547875877410
-0.189535266117302
-0.015252704274058
0.438619001006798
0.163890219473170
0.027455253250774
0.014024411036348
0.271814938662797
0.044800412372162
0.276524301478289
-0.526017826671566
-0.031465217844002
0.096240642933658
0.240560840252950
0.173556185857192
-0.134441459629145
-0.005356641633052
-0.022231262149906
-0.203176724768531
0.062682970242325
-0.549358190329139
0.141327755555450
0.162701923717110
-0.070058411191191
0.102013284016482
-0.233431519398196
-0.223196376938471
-0.028703628033862
-0.356085214332257
-0.180488419413638
-0.315647751295504
0.247991901447462
0.153033166162863
-0.347896553426461
-0.017262767166903
-0.128461377738607
-0.108525169157814
-0.021745247355482
-0.342377474663579
-0.339207271720615
0.065757778603295
0.238617880529225
0.071758489386818
-0.462950031873980
-0.361384045291172
-0.179551481977234
0.056926171394691
-0.004612023767967
-0.168467509498031
-0.339207271720615
0.416394513077310
0.117591901369020
-0.043092782080094
-0.137780461888805
-0.090722447580338
-0.146627452306267
0.195741123687696
0.014679216997514
0.084270275669459
-0.180488419413637
0.572195627172915
-0.058456635330160
-0.207152662685222
-0.167999132320476
0.222389191621029
-0.045094808118584
0.242966628786958
0.027101888988533
0.297577062291419
0.062682970242327
0.460260048068271
0.132963677251831
-0.258919656924470
-0.119609141637016
0.431442456482361
0.077538197960751
0.176505348003505
0.026843285917873
0.371644234266563
0.276524301478290
0.000000000000000
-0.557577583282322
-0.155932549549351
-0.097159892597567
0.289541660950155
-0.126238210230494
0.097159892597567
-0.018160731514563
-0.369477924180090
-0.369477924180090
0.000000000000000
-0.557577583282322
-0.155932549549351
-0.097159892597567
0.289541660950155
-0.126238210230494
0.097159892597567
-0.018160731514563
-0.018160731514563
-0.369477924180090
0.000000000000000
-0.557577583282322
-0.155932549549351
-0.097159892597567
0.289541660950155
-0.126238210230494
0.097159892597567
0.097159892597567
-0.018160731514563
-0.369477924180090
0.000000000000000
-0.557577583282322
-0.155932549549351
-0.097159892597567
0.289541660950155
-0.126238210230494
-0.126238210230494
0.097159892597567
-0.018160731514563
-0.369477924180090
0.000000000000000
-0.557577583282322
-0.155932549549351
-0.097159892597567
0.289541660950155
0.289541660950155
-0.126238210230494
0.097159892597567
-0.018160731514563
-0.369477924180090
0.000000000000000
-0.557577583282322
-0.155932549549351
-0.097159892597567
-0.097159892597567
0.289541660950155
-0.126238210230494
0.097159892597567
-0.018160731514563
-0.369477924180090
0.000000000000000
-0.557577583282322
-0.155932549549351
-0.155932549549351
-0.097159892597567
0.289541660950155
-0.126238210230494
0.097159892597567
-0.018160731514563
-0.369477924180090
0.000000000000000
-0.557577583282322
-0.557577583282322
-0.155932549549351
-0.097159892597567
0.289541660950155
-0.126238210230494
0.097159892597567
-0.018160731514563
-0.369477924180090
0.000000000000000
0.000000000000000
-0.341661805005294
-0.231082951337733
-0.070741433842075
-0.395680785171053
0.162561493440786
0.144713786162580
0.018739941391872
-0.311833660654966
-0.369477924180090
0.232031439381988
0.034121328981710
-0.101433193572315
0.044176740787599
-0.148479539238860
0.174369921642029
0.236677160745124
0.000378052397946
-0.018160731514563
-0.254239360691620
0.355492789534939
0.393938713921842
0.075678282769965
0.138424127432971
0.168196933269463
0.104588725601150
0.217896661441378
0.097159892597567
-0.028201907317360
-0.020039374779784
0.312615112602222
0.569427796476817
0.217379049533752
0.167901326439642
0.406172191400311
-0.014130697522716
-0.126238210230494
-0.069039069804573
-0.025047097257076
0.223537257304356
0.123461350152952
0.478475284575259
0.257365743121667
0.118815628789816
0.454094967073870
0.289541660950155
-0.179277461389994
-0.202933884161359
-0.010172472022728
0.362518322355902
-0.123461350152952
0.163638869360480
0.176928145201326
0.014134777940609
-0.097159892597567
-0.010491406229259
-0.148430795918070
-0.241873678760147
0.009461965925488
0.331873035434750
-0.312615112602221
-0.227765991471523
0.013703901803981
-0.155932549549351
-0.162992369577415
-0.305615427835010
-0.048131711411536
-0.167638090940551
0.024669044859130
0.145940666875734
-0.355492789534939
-0.512596613556969
-0.557577583282322
-0.252606427971291
-0.152558905373580
-0.457738594219618
0.074688735788844
-0.014962777280019
0.028333203537291
-0.108278961664282
-0.232031439381988
0.000000000000000
0.034121328981710
0.075678282769965
0.167901326439642
0.454094967073870
-0.179277461389994
-0.241873678760147
0.024669044859130
-0.108278961664282
-0.369477924180090
0.355492789534939
0.569427796476817
0.257365743121667
0.014134777940609
-0.010491406229259
-0.048131711411536
-0.014962777280019
0.018739941391872
-0.018160731514563
-0.020039374779784
0.123461350152952
0.163638869360480
0.013703901803981
-0.162992369577415
-0.457738594219618
0.162561493440786
0.236677160745124
0.097159892597567
-0.025047097257076
0.362518322355902
-0.312615112602221
-0.512596613556969
-0.252606427971291
-0.070741433842075
-0.148479539238860
0.104588725601150
-0.126238210230494
-0.202933884161359
0.009461965925488
0.145940666875734
-0.232031439381988
-0.341661805005295
-0.101433193572316
0.138424127432971
0.406172191400311
0.289541660950155
-0.148430795918070
-0.167638090940551
0.028333203537291
-0.311833660654966
0.232031439381988
0.393938713921842
0.217379049533752
0.118815628789816
-0.097159892597567
-0.305615427835010
0.074688735788844
0.144713786162580
0.000378052397946
-0.254239360691620
0.312615112602222
0.478475284575259
0.176928145201326
-0.155932549549351
-0.152558905373580
-0.395680785171053
0.174369921642029
0.217896661441378
-0.028201907317360
0.223537257304356
-0.123461350152951
-0.227765991471522
-0.557577583282322
-0.231082951337733
0.044176740787599
0.168196933269463
-0.014130697522716
-0.069039069804573
-0.010172472022728
0.331873035434750
-0.355492789534939
0.000000000000000
0.393938713921842
0.257365743121667
-0.097159892597567
-0.457738594219618
0.174369921642029
0.097159892597567
-0.010172472022728
0.145940666875734
-0.369477924180090
0.312615112602222
0.163638869360480
-0.155932549549351
-0.070741433842075
0.168196933269463
-0.126238210230493
-0.241873678760147
0.028333203537291
-0.018160731514563
0.223537257304356
-0.312615112602221
-0.557577583282322
-0.101433193572316
0.167901326439642
0.289541660950156
-0.048131711411536
0.144713786162579
0.097159892597567
-0.010172472022728
0.145940666875734
-0.000000000000000
0.393938713921842
0.257365743121667
-0.097159892597567
-0.457738594219618
0.174369921642029
-0.126238210230494
-0.241873678760146
0.028333203537291
-0.369477924180090
0.312615112602222
0.163638869360480
-0.155932549549351
-0.070741433842075
0.168196933269463
0.289541660950155
-0.048131711411536
0.144713786162580
-0.018160731514563
0.223537257304356
-0.312615112602222
-0.557577583282322
-0.101433193572316
0.167901326439642
-0.097159892597567
-0.457738594219618
0.174369921642029
0.097159892597567
-0.010172472022728
0.145940666875734
-0.000000000000001
0.393938713921841
0.257365743121667
-0.155932549549351
-0.070741433842075
0.168196933269463
-0.126238210230493
-0.241873678760147
0.028333203537291
-0.369477924180090
0.312615112602222
0.163638869360480
-0.557577583282322
-0.101433193572315
0.167901326439642
0.289541660950155
-0.048131711411536
0.144713786162580
-0.018160731514563
0.223537257304356
-0.312615112602221
0.000000000000000
0.569427796476817
0.013703901803981
-0.070741433842075
0.406172191400311
-0.148430795918070
0.144713786162579
-0.028201907317360
0.331873035434750
-0.369477924180090
0.123461350152952
-0.512596613556969
-0.101433193572316
0.118815628789816
-0.305615427835010
0.174369921642030
-0.069039069804572
0.024669044859130
-0.018160731514563
0.362518322355902
-0.232031439381988
0.393938713921841
0.176928145201326
-0.152558905373580
0.168196933269462
-0.179277461389994
-0.014962777280019
0.097159892597567
0.009461965925488
-0.311833660654966
0.312615112602222
-0.227765991471523
-0.231082951337733
0.167901326439642
-0.010491406229258
0.162561493440786
-0.126238210230494
-0.167638090940551
0.000378052397946
0.223537257304356
-0.355492789534939
0.034121328981710
0.257365743121667
-0.162992369577415
-0.148479539238860
0.289541660950155
0.074688735788844
0.217896661441378
-0.010172472022728
-0.108278961664282
0.355492789534939
0.163638869360481
-0.252606427971291
0.138424127432971
-0.097159892597567
-0.395680785171052
-0.014130697522716
-0.241873678760146
0.018739941391872
-0.020039374779784
-0.312615112602221
-0.341661805005295
0.217379049533752
-0.155932549549351
0.044176740787599
0.454094967073870
-0.048131711411536
0.236677160745124
-0.025047097257076
0.145940666875735
0.232031439381987
0.478475284575259
-0.557577583282322
0.075678282769965
0.014134777940609
-0.457738594219618
0.104588725601150
-0.202933884161359
0.028333203537291
-0.254239360691620
-0.123461350152951
0.000000000000000
0.478475284575258
-0.252606427971291
0.167901326439642
-0.305615427835010
0.104588725601150
-0.241873678760147
0.000378052397946
0.362518322355902
-0.369477924180090
-0.123461350152951
-0.341661805005295
0.257365743121667
-0.152558905373580
0.406172191400311
-0.048131711411536
0.217896661441379
0.009461965925488
-0.018160731514563
0.331873035434750
0.232031439381987
0.163638869360480
-0.231082951337733
0.118815628789816
-0.457738594219618
-0.014130697522716
-0.167638090940551
0.097159892597567
0.024669044859130
-0.254239360691620
-0.312615112602221
0.034121328981710
0.176928145201326
-0.070741433842075
0.454094967073870
0.074688735788843
-0.126238210230494
-0.014962777280019
-0.028201907317360
0.145940666875734
0.355492789534939
-0.227765991471523
-0.101433193572316
0.014134777940610
-0.395680785171053
0.289541660950155
0.162561493440786
-0.069039069804573
0.028333203537291
-0.020039374779784
-0.355492789534939
0.393938713921841
0.013703901803981
0.044176740787599
-0.097159892597567
-0.148479539238860
-0.179277461389994
0.144713786162579
-0.025047097257076
-0.108278961664282
0.312615112602222
-0.512596613556968
0.075678282769964
-0.155932549549351
0.138424127432971
-0.010491406229259
0.174369921642029
-0.202933884161359
0.018739941391872
0.223537257304355
-0.232031439381988
0.569427796476817
-0.557577583282322
0.217379049533752
-0.162992369577415
0.168196933269463
-0.148430795918071
0.236677160745124
-0.010172472022728
-0.311833660654966
0.123461350152952
0.000000000000000
0.163638869360480
-0.101433193572316
-0.097159892597567
0.168196933269463
-0.048131711411536
0.097159892597568
0.028333203537291
0.223537257304355
-0.369477924180090
-0.312615112602221
0.393938713921842
-0.155932549549351
0.167901326439642
-0.457738594219618
-0.126238210230493
0.144713786162579
-0.010172472022728
-0.018160731514563
0.145940666875734
0.312615112602221
-0.557577583282322
0.257365743121667
-0.070741433842075
0.289541660950156
0.174369921642030
-0.241873678760147
0.097159892597567
0.028333203537291
0.223537257304356
-0.000000000000001
0.163638869360480
-0.101433193572316
-0.097159892597567
0.168196933269462
-0.048131711411536
-0.126238210230494
0.144713786162580
-0.010172472022728
-0.369477924180090
-0.312615112602221
0.393938713921842
-0.155932549549351
0.167901326439642
-0.457738594219618
0.289541660950155
0.174369921642029
-0.241873678760146
-0.018160731514563
0.145940666875734
0.312615112602222
-0.557577583282322
0.257365743121667
-0.070741433842075
-0.097159892597567
0.168196933269463
-0.048131711411536
0.097159892597567
0.028333203537291
0.223537257304356
-0.000000000000001
0.163638869360481
-0.101433193572316
-0.155932549549351
0.167901326439642
-0.457738594219618
-0.126238210230493
0.144713786162579
-0.010172472022728
-0.369477924180090
-0.312615112602221
0.393938713921841
-0.557577583282322
0.257365743121667
-0.070741433842075
0.289541660950155
0.174369921642030
-0.241873678760147
-0.018160731514563
0.145940666875735
0.312615112602222
0.000000000000000
-0.227765991471523
0.217379049533752
-0.070741433842075
-0.010491406229258
-0.014130697522716
0.144713786162579
0.009461965925488
-0.020039374779785
-0.369477924180090
-0.355492789534939
0.478475284575259
-0.101433193572316
-0.162992369577415
0.454094967073870
0.174369921642030
-0.167638090940551
-0.025047097257076
-0.018160731514563
-0.108278961664282
-0.123461350152951
0.393938713921841
-0.252606427971291
0.014134777940609
0.168196933269462
0.074688735788843
-0.202933884161359
0.097159892597567
0.018739941391872
0.331873035434750
0.312615112602222
-0.341661805005295
0.013703901803981
0.167901326439642
-0.395680785171053
-0.148430795918071
-0.126238210230494
0.236677160745123
0.024669044859130
0.223537257304355
0.232031439381987
-0.512596613556969
0.257365743121667
0.044176740787599
-0.305615427835009
0.289541660950155
0.104588725601150
-0.014962777280019
-0.010172472022728
-0.254239360691620
-0.232031439381988
0.163638869360481
0.075678282769964
-0.152558905373580
-0.097159892597567
0.406172191400311
0.162561493440786
-0.241873678760146
-0.028201907317360
-0.311833660654966
-0.312615112602221
0.569427796476817
-0.231082951337733
-0.155932549549351
0.118815628789816
-0.148479539238860
-0.048131711411536
-0.069039069804573
0.000378052397946
0.145940666875735
0.123461350152952
0.034121328981709
-0.557577583282322
0.176928145201326
0.138424127432971
-0.457738594219618
-0.179277461389994
0.217896661441379
0.028333203537292
0.362518322355902
0.355492789534939
0.000000000000000
-0.512596613556969
0.176928145201326
0.167901326439642
-0.148479539238860
0.074688735788843
-0.241873678760147
-0.025047097257076
-0.254239360691621
-0.369477924180090
-0.232031439381988
-0.227765991471522
0.257365743121667
0.138424127432971
-0.395680785171053
-0.048131711411537
-0.202933884161359
-0.028201907317360
-0.018160731514563
-0.311833660654966
-0.355492789534939
0.163638869360481
0.217379049533752
0.044176740787599
-0.457738594219618
-0.148430795918071
-0.069039069804572
0.097159892597567
0.000378052397946
-0.108278961664282
-0.312615112602221
0.478475284575259
0.075678282769965
-0.070741433842076
-0.305615427835009
-0.179277461389994
-0.126238210230494
0.217896661441378
0.018739941391872
0.145940666875735
-0.123461350152951
0.569427796476817
-0.101433193572316
-0.152558905373580
-0.010491406229257
0.289541660950155
-0.014130697522716
0.236677160745123
0.028333203537291
0.331873035434750
0.123461350152952
0.393938713921841
-0.231082951337733
-0.162992369577415
-0.097159892597567
0.454094967073870
0.104588725601150
0.144713786162579
0.024669044859130
0.362518322355902
0.312615112602222
0.034121328981709
-0.252606427971291
-0.155932549549351
0.014134777940609
0.406172191400311
0.174369921642029
-0.014962777280019
0.009461965925488
0.223537257304355
0.355492789534939
-0.341661805005296
-0.557577583282322
0.013703901803981
0.118815628789816
0.168196933269462
0.162561493440786
-0.167638090940551
-0.010172472022728
-0.020039374779785
0.232031439381987
