-0.905048287290217
0.424674183918569
0.933231960134865
-0.278745818075431
-0.897294183532021
0.357986311687497
0.822088713083870
-0.566462766899543
-0.853429987112136
0.463191152493162
-0.631010671376735
0.652194288172151
-0.966592029221978
0.255666169123590
0.749003251326857
-0.515393375151749
-0.836235485325708
0.110381280308402
0.964705735763986
-0.135809139245079
-0.057540201595387
-0.434457287850857
-0.587525351741771
0.612977343768410
-0.541603100131783
0.767795963074288
-0.455273341075414
0.873393888682980
0.322818227225037
-0.886254612828968
0.631477108742563
-0.353676352273998
-0.665645571205248
-0.055080345756647
0.705776808365622
-0.705007978407011
0.574360638973493
-0.818152120254966
-0.418389370454730
0.908165666427387
-0.285871635357586
0.952189887710133
0.059829101729256
-0.906590142215593
0.004662768412221
-0.885590567872672
0.189033667207713
-0.970144758211326
0.303038081820457
-0.936876706633257
-0.779512019079518
0.616381391305179
0.659603431904592
-0.726323244546218
0.407946684381231
-0.428329859009138
0.556018251957466
-0.767606762825564
0.351675959694866
-0.876709727153552
-0.168071318376607
0.951563131972593
-0.001902828074847
0.990274363115038
-0.115106199501472
-0.973364779702616
-0.158605389329365
-0.553495335973130
-0.213793650712234
0.810000546053825
0.653649904585120
0.048598879192173
0.713432005870079
-0.263993975752407
-0.807312941035020
0.166231740313790
-0.833789612070377
0.370380528827199
0.198218684254900
-0.901196547287616
0.431673106008935
-0.066962482008689
-0.054937540794791
-0.962064624399362
-0.138794739154833
-0.961944054674964
-0.296141184144910
-0.955144029852032
-0.216048210764713
-0.916516419302382
0.057783473687808
0.970638825907039
-0.093824673791024
-0.878099219026960
-0.509035166579419
0.393166019533922
0.646228733664887
-0.257772307438373
-0.558399673371812
0.458224806312942
0.256517311597864
0.950298148252309
-0.260167015714134
-0.719494620227032
0.589405366379965
0.758540957362615
0.475726215345013
0.876776528838034
0.406322664867836
0.865143850070947
-0.419282556032179
-0.778704627579391
-0.208187587871105
-0.823629467846278
0.677697444848567
0.503951925185697
0.773320457547653
0.313573889419327
-0.870321017059319
-0.015952835209048
0.854012913759689
-0.207976880664637
0.143432995811758
0.913444630469587
0.270858548733557
0.776278749142755
0.663048490631090
0.185838579430934
0.784496621162910
0.440267695859828
-0.859721577596450
-0.209529009995253
0.023724960721155
-0.764327127047528
0.478477122505537
0.560381327306851
0.315980248247905
0.837350554761311
0.389148835042096
-0.199400090405293
0.662054541179460
0.501259530891175
-0.733781286143656
-0.542505790662980
-0.579916182478089
0.242267997751156
-0.707961383342915
-0.572185349905277
-0.757823345528399
-0.569310196972857
-0.874659423650531
-0.372951825390534
-0.784092059169191
-0.017764258013603
0.891460137575012
-0.147373155369121
-0.844676710933897
0.146194838125524
0.938901061415527
-0.089657135655049
0.969601823609345
-0.100676693203581
-0.861012642172246
-0.000143076066218
-0.606427977073186
-0.298048064541156
-0.880255539647299
-0.425617510865402
0.828367981596286
0.556300571932298
0.895679775206090
0.432418556059188
-0.961892811454208
-0.271749515578866
0.721317360410756
0.677194824608890
-0.454095266805132
-0.759535823704533
-0.866235810859290
-0.125544284363561
0.993977943831460
0.096740243796609
-0.954311043175719
-0.183051872616922
-0.775418249319258
-0.431154999891193
-0.823537336718997
-0.541781647364484
0.741512166451035
0.667854017924074
-0.618380457056463
-0.785840144135472
-0.717941528475515
-0.605599756877036
-0.891801591148294
-0.215727673136499
-0.416560543867159
-0.283923670571176
-0.975017141493809
-0.050102073964475
-0.865478212215240
0.439631557887186
-0.250041162171596
-0.155966826989771
-0.212899196132548
-0.831174420088062
-0.907686975065395
0.086534988979551
-0.007293354808335
0.022050899341793
0.004152646358230
-0.226631050424517
-0.252948204803561
-0.052212589771449
0.027455194122466
0.050361630755141
-0.018686328821639
-0.238247842519098
-0.405445596282310
0.109918203858987
0.002135486586046
0.018168618749023
0.334583736280720
0.247825587395489
0.357343903718047
-0.401038053699525
-0.093460263958705
0.205338501363839
0.709207744055722
-0.552232166760533
0.202829222915236
-0.487783808073755
-0.194501029482892
-0.281646570269484
-0.120092188790274
-0.124447443962554
0.302071560505684
0.138180771977587
-0.035502953579561
0.689122078635868
0.353691467790376
-0.654816367127805
0.066249403594871
-0.021304076582158
0.008766699817824
-0.025692596104121
0.007490301599059
0.011373319434085
-0.107262838816472
-0.010320331853924
0.271090351974619
-0.317844008422461
0.100859890391096
-0.453359556197935
-0.011042517763258
-0.151537069981374
-0.173133161001816
0.021327590021378
0.054276201196756
0.097411942527159
-0.036655657237214
-0.189826815397736
0.319285827636185
-0.740384761360098
-0.279160611102639
-0.153925028385327
-0.326371390027655
-0.034435293790764
0.192921319907616
0.170472878003400
0.088962786634161
-0.106951800343467
0.077664813342796
0.182427369764608
-0.578181614549849
0.578094511415048
0.514975025848106
0.181637311861806
0.229678891164959
-0.719463382063579
0.157788321615272
-0.629622743655650
-0.047081405910408
0.564266040948004
-0.016368724604281
0.409078490664130
-0.367690997230409
-0.115574508109890
-0.074935868204174
-0.896414508588701
-0.266086495961115
0.024728561581113
-0.153616484666040
-0.178330119994577
0.000466881674329
-0.000251620297930
-0.336490062797924
0.009760195323630
-0.229112763891293
-0.045040884010723
0.364731184423981
-0.295143787400194
-0.097935361552797
-0.759415792057841
0.116727417780859
0.708742951458416
-0.536287098541226
-0.436595899655451
-0.171587113520871
0.041111564704032
0.351612312359383
0.539452868373176
-0.005462427755098
0.277825650307757
0.033474977587506
-0.061862043190913
-0.239039505475895
0.171137738447597
0.459300839074575
0.082849142536031
0.517758663352884
0.101086074583506
-0.163220365545756
0.510017394427350
-0.171564168052561
0.523653150523472
-0.044856726520697
-0.490178241458627
0.076546438940744
0.470689072452489
-0.376579887391593
-0.056863619220724
-0.446665775784104
0.352869147065163
-0.038746961786341
0.724105927623337
0.003303059704127
0.436713289427797
-0.120992441045384
-0.449819110527065
-0.562213091248595
-0.314893012191046
0.457627267505865
-0.497603954244486
0.411659791978083
0.171862581228952
-0.513028469128295
-0.738650511402800
0.309167207680107
-0.463506531658077
-0.288582825974352
0.289779991985563
0.608576257637184
0.484394856708869
0.021195017005283
0.413455410296089
-0.312675405749981
0.061836617258350
-0.132492084902807
0.279863673947328
-0.006593476419891
0.620355220783822
0.106964016531590
-0.414895981372102
0.254473036888853
0.447651423328364
-0.151051051972764
-0.295989821779145
0.151222418468540
-0.163915488138095
0.335308295018407
0.382394504197766
-0.735112582694012
-0.054972271293208
-0.204010125989465
0.048783069386250
-0.002766226914289
-0.065791403105209
-0.103640118140502
0.005537018536890
0.023413806832303
0.019136710924052
0.020060361798484
-0.143895854622392
-0.388732737091505
-0.256494990765899
-0.470568115991062
0.111533855224377
0.046287286716892
0.022509098052638
-0.139162000612704
-0.190830768980735
0.460700801339319
-0.024221402453037
0.073576077298349
-0.151147154978835
-0.021454259287752
0.060584094498274
-0.006933610004981
-0.003578162668152
-0.028633322894847
-0.342036590119707
0.283153985545788
-0.279240601521374
0.835309319192462
-0.219369559995714
0.120911534207822
-0.179476340705986
-0.047808533594004
0.235342094844905
-0.706153692851410
0.643817309623574
-0.308969066976447
-0.410318329262893
-0.410554011273766
0.007839311574505
