-0.878903300131502
0.473148334291049
-0.906757899862936
0.381766138067893
0.818950825137659
-0.428465431409487
0.781027660825278
-0.212582475720496
0.973516681118386
-0.201204634796454
0.849250383394111
-0.306039280187919
0.779746045165429
-0.623325781021819
-0.836556496888817
0.517063273735051
0.712480532819169
-0.486799046975562
-0.783504363120542
0.443866570416503
0.756062369283466
-0.599287027289372
0.901599470711004
-0.355875195121902
-0.533400247715086
0.538579902015973
-0.978496742575157
0.139990038329559
0.822920559111059
0.146186334710059
0.999322777605060
-0.036700357804839
-0.989209530641831
-0.142940410075451
0.947557339327997
0.014588763416331
0.941756366585026
0.329494865762704
0.850471347085698
0.092232852794931
-0.698486498908736
-0.097876663087991
0.860828108370738
0.432999805724629
0.817035103775452
-0.342618677776918
-0.752581779933424
0.236087924950174
-0.231979446231980
0.535380208223910
0.347962659177644
0.270931225857518
-0.600061454489817
0.423258083993957
-0.561909830427688
-0.543248936875436
-0.868500910490449
-0.223198626302482
-0.908579361189336
-0.203464160029729
0.174722596658525
-0.214601267756222
0.808429597249727
0.578775757388772
0.861640339301413
0.503726781844580
-0.884269722028437
-0.411829136105154
-0.057351363958680
0.288129429912752
0.458699717353823
0.694605545572361
0.352230409368184
0.547808682116156
0.640165886656484
0.704987820951714
0.393711272004036
0.811699938395503
-0.560564103606612
-0.551311820546262
0.133717611087585
-0.705951440696233
0.638800209110534
0.717558050416311
-0.730343165707246
-0.678800659820856
0.593446692349062
0.793988658306387
-0.562948691100859
-0.759463212714591
0.344914700743612
0.896903091695549
0.440542281621177
0.618327188162451
0.167027611218983
0.950956112274878
-0.146796024335022
0.845247361120115
0.072233025043417
0.764325079847335
-0.456140134054476
0.815834769159024
-0.559958997165680
0.760847378166608
0.772987975094556
0.599786937015947
0.814445974265167
0.448917156431745
0.761091055727194
-0.001531936002373
0.156084437102617
-0.803438484149922
-0.454801522492877
-0.889250179922464
-0.173514117744273
-0.799802445390554
0.296122881814704
0.918237071555297
-0.370827452920242
-0.800748454133377
-0.343841460530888
-0.904505953912690
0.110143841412501
0.986710917240751
0.154948663875939
0.974726184744876
0.032727028912226
-0.413480884852782
0.003736514034415
-0.960247180022159
0.213565568163700
0.195681700082740
0.194129374757130
-0.975189792668393
-0.225405693190434
0.884890989293660
0.647594319056683
0.657960918639474
-0.672775825123887
-0.648656864372934
0.061788491517233
0.585044186479212
-0.123301683216177
-0.955935859329981
0.448286667976467
0.552131158897962
0.146435111193453
-0.568651007570702
-0.727818360335055
-0.438385682602888
-0.791092275467850
-0.302918022892707
-0.910909372341255
-0.053543794397282
0.674270442781125
0.279255710001636
0.047472814162133
0.731815768181798
0.102415382585456
-0.815313728029802
-0.572647153829711
0.481851318101177
-0.502918674652160
0.448140737533022
-0.168162160744559
-0.522323637277551
-0.300016071217014
-0.419801511997506
-0.718551669128019
0.578097751912160
0.309009518339318
-0.587177475595296
-0.105350574360480
0.897702609288592
-0.114852045665068
0.914585019665707
0.395147403552490
-0.862334995423490
0.410014803628637
-0.894657948412427
0.349804204882323
-0.936221699452882
0.559450626038308
-0.816875076589588
-0.488576820334614
0.855785265678331
-0.553708282805556
0.803017650372460
0.640978841088862
-0.753838888649658
0.672353495699508
-0.691181256755341
-0.252180541792961
0.836214832491696
0.606648806016361
-0.590367693653313
0.714518364440093
-0.688099282725686
-0.933544076035807
0.145593103186914
-0.272916295294679
-0.328206302729663
-0.036170962546087
-0.048490248958418
0.173432597506044
0.044338030889863
-0.151132866173733
0.350564939569748
-0.542560065287143
0.224573060712879
-0.083327269458705
-0.069559562140843
-0.402960857508171
-0.150785584865715
-0.005094201569907
0.058609938344761
-0.067830129775701
0.167981760801920
-0.504705540690465
-0.025893926194052
0.128898989586516
0.415317265619118
-0.174801560646334
-0.196644773822609
0.152212111768039
0.193139102570397
-0.652107187277066
-0.013117971777063
0.005152596109541
-0.151394731386623
-0.515766036657794
0.188193263340353
-0.001340914249944
0.002296050016453
0.000399514795056
-0.032130733616870
0.262130112477827
-0.182236277398302
-0.058932435067784
0.032481495186777
0.439424173575503
0.274040114452305
0.661521604551086
0.254805683565210
0.266630496270281
0.019857354807612
-0.312986509759671
-0.342206846140594
0.046832097748820
0.612935486674907
0.801875399193865
0.128644523146951
0.573067238426737
-0.690733088041480
0.164505039892986
0.658571892065807
-0.537476226997271
0.316634237670556
-0.195347060839303
0.397149930776012
-0.296666401430314
0.212308563808817
-0.889687209729380
-0.363145947159369
0.011539475237965
-0.106428612040799
-0.039196244570122
0.047946943100144
0.145343423136581
-0.165345428450789
0.803923020902440
0.517107367123431
0.549996613155769
-0.067981106763788
0.752579537409026
0.097280143851142
0.245879681560432
-0.180894975239257
0.429957248108180
-0.035656824100603
-0.270729493258682
0.555453601800887
-0.679351059551909
-0.149111708962247
0.260062728034649
0.097016053363642
0.075837105421715
0.008789651457452
-0.091102077315000
-0.095411976867026
-0.009039867982480
0.325918211378133
0.276355854309837
-0.015037789285356
0.168664797052876
-0.628606532513175
0.259585868059971
-0.019985662888223
0.345243142279185
0.380545658848065
0.466205315546448
-0.439593182574161
0.271647072318531
0.229254608757986
0.327328914358983
0.020321674507126
-0.161493174246441
0.129093668380969
-0.095133864023815
0.355106589041090
0.475867074831246
0.440781788593520
-0.514085395620107
-0.256593952951648
-0.034866593810448
0.034263877219070
-0.248330131062754
-0.518209460833235
-0.145240002346547
-0.219219663820749
0.324591844062134
0.340483550457340
0.215415615337542
-0.131294105066560
0.085551524965473
-0.083371677282486
-0.061841904992640
0.148577774659065
-0.030625320507426
0.909408922973464
-0.210881528030909
0.182867090690780
0.275957580423515
-0.916485588623435
-0.075221195508313
-0.075235801837178
-0.003569947398489
-0.407611906131064
0.089279556719592
0.373815714250437
0.208921992207426
-0.288042640251103
-0.561350093397835
-0.582058033897947
0.266354772575523
0.006201845640567
-0.112541034043378
0.693919852969345
0.593204828036504
0.550727538618479
0.156226235645971
-0.503678261337416
0.254344052556508
-0.466607743218011
0.039736653999527
-0.407183221402016
-0.369113235514447
0.575439864617742
-0.673473335326345
-0.092874538816736
0.530598063189656
0.207943044210202
-0.309249664928062
-0.586736047296202
-0.105270265307587
-0.731546893433049
0.738856997820643
-0.391139159898798
0.803614699998955
-0.296581289837549
-0.171415418741381
-0.346559146820801
0.227909012745452
0.712596106948832
-0.340333379794753
0.259238254036420
-0.168584002879031
-0.349174287975088
0.051259833953421
0.312424894265425
-0.169648666449126
-0.051907091229140
0.001566191833570
-0.033518573408530
-0.139809523105488
0.013542655615345
-0.128527497747147
0.111377520184475
-0.192692792818065
-0.106954562028884
0.125511583185476
-0.071553460587895
0.263696791008349
0.025947052677692
-0.441642825672793
0.205186117448634
0.195190018413617
0.495322187228761
-0.036381557549231
-0.121075456887604
-0.012347549837987
-0.327331092956131
-0.893211909972721
0.141314551600447
