0.460363927327848
-0.534703555456750
-0.863656222932959
0.493239186336120
0.631272043152532
-0.000632861874447
-0.752675709720030
-0.638483862908721
-0.358068137135168
-0.930500335769795
-0.574244941169568
0.807732490150645
-0.076574838242694
0.795998370602802
0.381263604110822
-0.768880360126746
0.652260848593410
-0.684628753165778
0.263242638390274
-0.953100749735178
-0.397792107994562
0.888883006650476
-0.521643891629421
0.274541696369318
-0.774013691743651
-0.630518289455825
0.189804318963216
0.978217682239447
-0.489940219812016
-0.422846299945744
0.739909528963631
0.429635982059331
0.397357824815741
0.543534725613142
-0.356573274019706
-0.925380595874557
-0.611969672706305
-0.156123209590644
0.088441823767088
-0.989653403725565
-0.685101553119316
-0.127687415936700
0.753571234435594
0.515631752263483
0.950904131857832
-0.292611421497443
0.148763442554807
-0.887502465813874
-0.448273170510989
-0.468265614343736
-0.478020902223956
-0.818759946771839
0.772763334619720
-0.621413968806550
-0.384450665253219
-0.390211472565818
-0.932482372839370
-0.355754416126706
0.532764048011120
0.088479752028934
0.821852395282380
-0.309163390199506
0.131380268257350
-0.955668172738080
0.443368041779332
0.711282569533866
-0.151518826854319
0.467830458895715
-0.039874536286550
-0.972309920399844
-0.743063322271592
0.439174260524556
0.029443305949870
-0.265145271685674
0.944318423769794
0.049523710044039
-0.922535189432476
-0.312732753720071
0.106013886417059
0.907604481079523
0.013733456433296
0.893847796867093
-0.860620325488677
0.125933710463584
-0.355033033895974
-0.362795912906618
-0.090528695596343
0.849568909172247
-0.032591576569755
-0.997984388921489
0.462882859188931
0.144080446390049
-0.853762679183798
-0.317671733748059
-0.836429539996784
-0.460600698365661
-0.434421737815403
-0.359153916870473
-0.940769140021500
-0.033536120135958
0.226374339183109
-0.751081289905658
0.775005006277585
-0.612962465277220
-0.283096390064825
-0.915442388753970
-0.062669649897044
-0.733255726887676
-0.982006812050293
-0.180280725551051
0.956225504746262
0.220434490151462
0.548404312048162
-0.835080380314151
-0.747021061015706
0.582599941428699
-0.332024754737657
0.854537662520668
0.731725287517625
0.593471755724927
0.334936110509460
-0.705383325291658
0.500865228783881
0.578481165093438
-0.153893184681387
0.244821537305946
-0.452815262604531
-0.846296910255823
-0.978228511783305
0.126051362733796
-0.121204861221218
0.676158299021151
0.843776568610967
-0.045830821286216
0.979983403137737
-0.180050695397301
-0.930659944886537
0.348175533131572
-0.345442666748482
0.426506761998761
0.573756420515379
-0.468909233603017
0.889853467287943
0.107995503259179
-0.635640217841496
-0.746215644878443
-0.683202399758300
0.730133244114707
0.049242653876170
0.937580543630404
-0.806786182042305
0.358926898408118
-0.949598153105882
0.033647499009052
0.537647319751751
0.531110663000131
0.432543185937127
0.336245021755171
-0.854055561448954
0.453439627864971
-0.921522484160397
0.287486780342067
0.496026615667876
-0.841287274804560
0.653280512094030
0.757027992625519
0.763201888226604
-0.006124504442988
-0.817480920503859
0.431959853789994
-0.434435795843171
0.867322924764203
0.646998862851836
0.413030197164267
-0.504454428020091
-0.849793109026058
-0.636735515125006
0.557960594692660
-0.770977398202735
-0.312658236415930
0.011618717678296
-0.691276810439656
0.899913402135853
0.340517148191528
-0.025965812264651
0.863991016587205
-0.958127547196797
-0.109127951974347
-0.832513376757027
-0.421888882872513
-0.088695570236120
0.539144339771239
-0.632613565449766
0.579563942396502
0.534854056325607
0.168241510837977
0.985097944763368
0.016131899906337
-0.240864810022713
0.855767230954764
0.686288921085396
-0.675820343272986
0.628396004444847
0.758643044644706
0.512745412025567
-0.553123037272363
0.756906723890139
-0.474686897669094
0.415965537559162
0.791512027634212
-0.092275041706633
0.923902094590950
-0.666585567898743
0.240459649143677
-0.099510982080225
0.030176117992305
0.273029846313023
-0.725913155991929
-0.157828980586952
0.030127158669392
-0.069215557520926
-0.034140019008729
0.122781100953155
0.052304618772432
0.543471549572962
-0.255267630048450
-0.145603803867469
-0.492199744302163
-0.061910795098123
0.319384265706993
-0.129065910892708
-0.075128322442371
0.016899258840732
-0.226633744962853
-0.308898443463538
-0.746388812152335
0.017840717176142
-0.055056339014745
0.039294683725941
0.074299491841282
-0.168480394543095
0.743487689398654
-0.353763927992672
0.377886087491889
0.734186788767628
0.087444384093136
0.107620899378863
-0.070313548129800
-0.746239937121526
0.210344049974593
-0.082068233448448
0.077646566967293
0.373103485377928
-0.612474958609535
-0.160244398630771
0.374934692175008
-0.097019543389674
-0.027333061032507
-0.404759960429869
-0.162413625556315
0.023881051745860
0.761057274054207
-0.214815753488255
-0.234483173495336
0.019638251325742
0.127655188395813
-0.068730559777342
-0.833791822229666
0.062565227277827
-0.001006024790608
-0.509513338245552
0.669873093038956
0.310140874382807
0.364402629746315
0.150007215992380
0.216645802817184
-0.520489715365564
0.163071585522237
0.708673573154038
0.505923387037212
-0.162552943440482
-0.163095004910687
0.494575791167633
-0.101870774898022
0.779341102803590
0.566973122924144
0.208092518620426
0.250015240268694
0.175062409925210
-0.143109055061599
-0.207364178501365
-0.349306826852232
0.265570082206937
-0.360998669868518
-0.331798806257668
-0.365216248393502
0.506889650424391
-0.696701910944352
-0.276090640248536
-0.440239914374714
0.050130052292116
-0.021258562107784
-0.704233654000228
0.518686074818490
0.303867328808259
-0.278995705510566
0.224544376974792
0.194454220974595
0.749055664037206
0.348140531802636
0.322263772707624
0.099873993760550
-0.465025977136222
0.410344239756775
-0.153414629666659
0.010402298313170
-0.125262323477072
0.257159516879728
-0.671294301585467
-0.088161866059467
0.010575551919654
-0.055223534685873
-0.127401156808069
-0.144257980258932
0.032066127888176
0.029414832714369
-0.066698949262962
-0.313190186330067
-0.093284008114665
-0.388359420389381
0.070623050872187
-0.327691567559384
-0.511973194678698
-0.357960352843391
0.089618630124169
0.637543775251611
-0.850274416995498
-0.439787128486885
-0.106258161477547
0.259709608530852
0.151505508468204
0.065008565519974
-0.194391896328710
0.700236479286032
-0.071450991399802
-0.529939047354805
0.031112985997468
0.079033276307191
-0.022871202122364
-0.110103466002714
0.835337802828073
0.031178536293362
-0.470835714963847
-0.478791635342238
-0.093516229662951
-0.433304157401067
0.180833970252429
-0.080142373335260
-0.001196817299206
0.011768365705780
0.332210369125267
0.090300364842019
-0.452203280563793
-0.125617399718641
0.186851241377324
-0.249434975542900
-0.086547639739124
0.649127359820018
-0.294030003306416
0.783193484906414
0.041619506519614
-0.251494370745854
0.184208455019519
0.184972720731261
0.161666235688501
0.141623959976061
-0.009600780275694
0.006404367075445
0.284295616089078
-0.580225276013728
0.285717962602887
0.251993799868064
-0.008186155834560
0.242795120052345
-0.353857107991022
0.534400294557467
0.150250170992928
0.028324689218861
0.043174058512213
0.530456274560204
-0.172607400975588
0.527300069969912
-0.596487587298573
-0.407681168251141
0.158697619657071
-0.221402362135011
-0.454791648157539
-0.214499083019471
0.042326751980569
0.261325734414562
0.124353687807989
0.336849236837117
-0.834520084822295
-0.070941558633250
-0.001330505131079
-0.513715819533383
0.369241913263322
0.741138544371186
-0.150052483864251
0.082498806746337
-0.431262724255239
0.153814994017773
-0.103818432947041
-0.247984099075419
0.155491538886755
-0.073495399479089
0.428771645681871
0.497294604781298
-0.100667758545714
-0.437756282536950
0.436785077490738
0.098489480427638
-0.361439440923614
0.085157306400092
