0.290541130324157
-0.644659484991853
-0.373904854107417
-0.506225073207331
-0.856888724822632
-0.363042644217487
0.935621251508628
-0.086628805236103
-0.016546066363792
-0.976310133028051
-0.921348615187995
-0.226174024401968
0.664024563142283
0.647565122668312
-0.444250387177208
-0.856644072992980
-0.875437690909118
-0.415894779440217
0.828900799451076
-0.522605399521169
0.573652649902024
0.497166749746111
-0.540684174904678
-0.833683801849929
0.110033775105308
-0.985372767140667
0.229675928337534
0.829418201051368
0.646218049451670
-0.638341724935560
-0.380461824288316
-0.919677220623546
-0.802616341666525
-0.059880743704327
-0.730086492046770
0.082816649033658
-0.660863711292511
0.678335156499992
0.352253419486041
0.824001313010436
-0.721665294187274
0.575431915471565
0.778163083026057
0.590232674508494
-0.175311222729941
0.894386762402276
-0.744673834882848
0.126293741650163
-0.635097805364470
0.267146604341438
-0.875009431242712
0.483244264267395
0.184971409650785
-0.943268073011389
-0.131921838603736
0.895238729057663
0.641803076991819
0.646674707449172
0.380693902914593
-0.924535572389303
0.638102118580126
0.696764029357196
-0.287735585275704
0.947913830072812
0.777145702751995
-0.509557267345068
0.576644183856238
-0.750161239035750
-0.229698081462640
-0.954319483656335
0.532323594498880
-0.140626283480926
0.259003086165232
0.916935960661596
-0.610622413970151
-0.382903709963638
0.044692089270788
0.998945774514161
0.555535390886870
0.493112841202938
-0.388704376311762
-0.691736297212014
-0.065258429874448
0.723504422670391
0.337115797578736
0.312856196034397
0.387596818866529
-0.900634735258746
-0.678848876539893
0.722858874998317
0.993930922233015
0.101880828494607
0.994340089444764
-0.075332427930449
-0.828865101808339
-0.413959916211088
-0.737686873693011
-0.611338866217955
0.959320435449191
0.133121996991407
0.948556281516897
0.028972600527380
-0.451746166052503
0.694469401371374
0.757523932203478
-0.642687601404063
0.088258607276821
0.408591470083438
-0.864959199648677
-0.453310307675506
0.570437890640559
-0.368500903707237
0.968379807402759
-0.200436804942238
-0.220041186510497
0.971708075064816
0.909788962753059
0.015718807642744
0.271508486546978
-0.866925137099423
-0.135516601697375
-0.197049651686627
-0.614837331976385
-0.585901247826362
0.437040561840428
-0.335088796109920
0.359321875959848
-0.779280123900863
0.612679199971086
-0.774497440952719
-0.607056975269427
0.163161078488942
0.741854376785270
-0.432528428789546
-0.692727098959513
0.415128936935488
-0.353961532514724
-0.677898472271834
-0.798934676824315
-0.469181041665953
-0.025300215291649
0.973097266444307
-0.563576947515436
0.296214828306091
-0.475893996317756
-0.877620038312842
-0.666534333787747
-0.636992553854052
-0.889468427490736
0.327648144665450
0.526388364423591
0.226894242068434
0.222593780018842
0.974850329333508
0.161285884808846
-0.949689674749357
0.436896098060871
-0.629472182336427
-0.479324798114493
-0.427103399065100
0.383732110313741
-0.380986356679917
0.622997737500613
0.777463887204331
-0.066045302065198
-0.904064574256664
-0.880833834572589
0.446180220667257
0.944383142270042
-0.326392243331783
-0.831877781040408
0.171641660422612
-0.016154694454164
0.637487874136353
-0.924888561106556
0.346507409169730
-0.454889311603155
-0.684490067159796
0.937139678751720
0.340110405520619
-0.540838341298572
0.841065179074410
-0.836107016174077
0.236204312462147
0.792915870531924
-0.575837835877805
0.987000678243179
0.000999529841471
0.077738019289501
-0.184902353594809
0.253758520017589
-0.471613135989802
-0.627145101430358
0.634405847335852
-0.741566532912467
0.369164282393219
-0.877061991856326
-0.475700776031556
0.296523632824768
0.453134477524941
-0.483309225811573
-0.811057517040639
0.931668183970034
0.334772706706384
-0.925775341644997
0.247066847532631
-0.644659484991853
-0.290541130324157
-0.732969952731105
0.258237068842770
0.289375905369384
-0.224061012099535
0.264688486773822
0.216906267309587
-0.173677099160295
-0.127988347367642
0.073954787242072
0.307396697153632
-0.373571535477922
-0.013232510266078
-0.197908713600609
0.172147224142160
0.037102016278978
0.243441619609547
-0.145761169021889
-0.136237816578431
-0.621380233545083
0.193996045234772
-0.076101479816408
0.082707353424283
-0.080366720816982
0.102343872795323
-0.495313630334183
-0.118232073957018
-0.258785912376817
-0.328560384593870
-0.067318667037333
0.070077151723465
0.556288569513408
0.206795386921439
0.099794504118035
-0.670936788171220
0.318414653718074
0.041625459161656
0.250712506928659
-0.366172914737035
-0.370493960117452
-0.103978552301951
0.211893180082387
0.034480231909112
0.403844815384250
0.079042137570847
0.482525223634383
0.443486391017203
0.720812353703446
0.075584523274079
0.028207937194761
0.006147240696965
0.274368296235463
-0.027440081450890
-0.420861893697172
-0.063399628770676
-0.188500618564665
0.366562613901227
0.016639438457988
0.005408951676642
0.121358011505347
-0.304331737912673
0.120418141927974
0.064552883881008
-0.238309350502433
-0.282142874184414
-0.003850549254910
0.323612073235157
-0.181818672683619
0.058779968950791
0.208877730236695
-0.808223937374599
-0.288149886648334
0.095475065996489
0.156751520351817
-0.675243642932491
-0.010290015183690
-0.002018000107727
-0.500678286878488
0.444456306470458
0.500792369842028
0.345856625299417
0.438112784765666
-0.529471317005538
0.083669539110664
-0.884009812078321
0.179678538037590
0.079632924212477
0.042587490629832
-0.121760236935325
-0.029103553724061
0.029573666916901
-0.039864691773950
0.063431996459588
-0.139724563467562
0.349423635632394
-0.238587203891535
0.158615929753591
0.116746942603503
0.219893127312631
-0.114601987323145
-0.293714067955730
-0.143716121459959
0.541279344191386
-0.114346603975072
-0.005915513489266
0.902691265293223
-0.102038759204189
0.042789466814773
-0.211008079058517
0.718731911691786
0.149104446628430
-0.138833585832837
-0.052828697541569
-0.074004594587811
-0.043458176132639
0.162925444024693
0.381434479338667
0.414077850650048
-0.057126893834273
0.744417033838423
0.623417969877175
0.411111999092866
-0.331182286974320
-0.308021102393493
-0.775779637853498
-0.462789893045471
0.222341612939892
-0.155835896981354
-0.022205519415140
0.150976035329743
-0.762932846323431
0.502000000408898
0.102797089077717
0.201562784603023
0.554228811908064
-0.634785903928475
-0.110506791488355
0.154927900056228
-0.342884642544757
-0.168852759604612
0.154694391361549
-0.163143743613637
-0.753672288624508
0.055448538709660
-0.015278487341502
0.169790959690197
0.348056745695439
0.156959146259920
0.277229933809111
0.252037206153601
-0.779686821377618
0.010686546003401
-0.002154583437961
-0.226110463056825
-0.144742680409464
0.563355205512197
-0.309059029290704
0.700942101559807
-0.310661543613721
0.292050664167357
0.788863405855115
-0.078032926176431
-0.036531980436215
0.203561311677401
0.369956829964538
-0.065402080279764
-0.144144144704337
0.024724599365065
0.031579713032979
-0.059753620155678
0.524354844258110
0.582433596077190
0.504102511734269
-0.014355167540275
0.155909249531951
-0.489849585226206
0.290854681933263
0.055407895618785
-0.054991814561991
-0.009951324796117
-0.002055301618408
-0.016173869585904
-0.494844406072640
-0.084240378282413
0.180551288272900
0.117537932410699
-0.109606097148917
0.338397582115818
0.919377504842387
-0.749525268561330
-0.389100931980912
-0.086143506012299
-0.443618686475102
0.029401186622593
-0.559403593208397
-0.040959606300811
-0.052852102850046
-0.116964096530909
0.832503621960475
0.121669352641686
-0.306258820158774
-0.120207746737141
0.073971125764315
-0.258784840352581
-0.122181815570343
