0.726008735418663
-0.625975555700866
-0.744879109055022
-0.592634650584075
-0.322146547182515
0.946689813053031
-0.662620556654186
-0.205688469986418
0.750599945367684
-0.544679923665456
-0.845385161888743
0.134205488113284
0.129952497783379
0.838493302807209
-0.322146547182515
-0.946689813053032
0.750733264415689
0.551950668637919
-0.109598573226787
-0.847413234900830
0.191081597473260
0.211077575473694
-0.093573359940399
0.291861799709988
-0.000000000000000
-0.000000000000000
0.692762603404948
-0.196738980727109
0.014162726120665
-0.373795291514826
0.452006587159356
0.251003705516812
-0.477447051149550
0.228222792060561
0.000000000000000
0.000000000000000
-0.000653067302756
0.362973275315161
-0.482526155848771
0.192477196008697
