-0.652820059555063
-0.271709348095579
0.799818796244258
0.125928136155511
-0.780430332461019
0.557865480702387
0.120560382661370
-0.878195343766448
-0.146865909472194
-0.828581175801274
0.233206816442635
0.971782404329159
0.289071563229431
-0.922502840297618
-0.691405541873875
0.534014525816213
-0.492120558631757
-0.804297219068671
0.928195393130052
0.279659147241688
0.532462704116052
-0.841905658021217
0.966623335419699
-0.136161245894313
-0.787588723594735
-0.448624067453760
0.937753283886500
0.167399382450716
0.461829312422380
-0.841516392565341
-0.912415032396557
0.350960559908153
0.537298244918562
0.760462077960544
-0.990351643248633
0.123066817555784
0.825703002413125
0.405071486472259
-0.048676886866313
0.892119516458990
0.891067445784473
0.452409135618997
-0.988807800410440
-0.128836668949782
-0.787283008399959
0.465543356839924
0.709464986118524
0.648181946981462
-0.382987376878669
-0.914671548435759
0.217165112603031
0.465158209021472
-0.433594162970489
0.816735075868072
-0.757354866130739
0.498522818676836
-0.477300391521210
-0.849994552747362
-0.720296127097772
0.610591462093736
-0.149831122054034
-0.815323514462666
-0.053317349882237
0.955601502399646
0.559302350752274
-0.789540215222909
-0.892086696046849
0.316444869347925
-0.873757391670228
0.450125477818219
0.045751898640941
0.997779089662627
0.960688539277394
-0.026850559434835
-0.394660857838711
0.304448686825811
-0.812001979234955
0.570638234672470
0.330802341940337
-0.683900627709393
-0.797867061679336
-0.139670479310544
-0.956773767150226
-0.290694650551671
0.498209284940542
-0.853807400481689
-0.541934264617689
-0.838832701953561
0.483062085207472
-0.059171846429576
0.868001975818489
0.147423784761577
-0.673027508776293
0.739611738027731
0.678531257788809
0.734480035590541
0.223341031745096
-0.681068127463637
-0.638754755369284
-0.501956267682600
0.417417291016634
0.742049268951154
0.738862409191518
-0.646480414143221
0.810141900208736
0.549737985725762
0.775618272607851
0.623687372360444
-0.639016922786183
0.171982813342836
0.611764051157231
0.350012362388967
-0.313786435513645
-0.491473529969345
-0.894479315490449
0.090450351298139
0.261495763111611
0.769362703014706
-0.382848503401439
0.922675203661631
0.760379145817772
0.128281702331476
-0.411539587153530
-0.381571196618167
0.481031927454602
-0.669572034520750
-0.906780685447098
0.026576755240388
0.099432560793807
-0.406386395004804
-0.716483465358131
-0.244164217852879
0.604732658693930
0.762858652750471
-0.392725414785393
-0.375396404456111
-0.305874372154302
0.853583687714434
-0.180554755788690
-0.909238242721936
0.804087521531811
0.447209007863250
-0.762081129803819
-0.483444865922254
0.264400699234352
-0.644854757971466
-0.551872944555895
0.267671558099512
0.941805903446386
0.108993013940519
0.841168925846344
-0.252269848687824
-0.219395775297211
0.975415434641582
-0.644073631245008
0.727478650341813
-0.950078029386622
0.119285605885831
-0.448101015390551
0.701616269376174
-0.531066176112739
-0.643176211155923
0.961296898613194
-0.274225832585180
0.996642819711455
-0.004457070595641
0.853122115106585
0.462850498698371
0.434389039951488
-0.645927083266682
-0.098284483751694
-0.984528022032540
0.340196626264887
-0.862353616065121
-0.405158594756696
0.314640591952277
-0.172381010303429
-0.948615260999833
-0.951464573897399
0.264389768302644
0.228826840751377
0.818840972684130
-0.175136876876104
0.936278963511881
0.712493147294412
-0.277588347150790
0.124997297493502
-0.958355740870921
0.879508588402591
0.438403141941190
-0.446629262712103
0.739299728176279
0.897472234265353
-0.437503460767023
-0.552471007620914
-0.433394632719325
0.648387712302533
0.507083211230708
-0.275462770188448
0.627108263935148
0.105968041677753
-0.980381417850872
-0.066202284206588
0.885987230662190
0.552119869340035
0.682995957357876
-0.114662691884773
-0.435774528981851
-0.441594895298644
0.049294360217894
-0.269751963600406
-0.843545658744955
0.787538145875737
0.556086772930410
0.550611380267779
-0.257348502757447
-0.959233999886367
-0.180085606006612
-0.271709348095579
0.652820059555063
0.180343721464235
-0.558487367652319
0.242581999918486
0.144459596188781
0.269297544630074
0.376453137555909
0.539924534074627
0.019108564754580
-0.034167461816684
-0.009280299237337
0.209047639064611
-0.147394794943486
-0.254056188709916
0.415020861959456
-0.116320509388883
0.312078320723949
0.221096788316036
-0.106584631784016
-0.078265121065475
0.039406884447891
-0.123473512686900
0.178476144633850
-0.175757967562821
0.384121836668845
0.002823706362596
0.304283177316103
-0.070498527217833
-0.271281781348110
-0.152306496047411
-0.145355513509139
-0.355827986640529
0.079965416992054
0.020748095344356
0.060230371665846
0.346033505532992
-0.185452030729387
0.308747434838981
0.326233582756789
0.016431306633424
0.032477580481407
-0.066568619713007
0.035055177233844
-0.343127959805858
-0.213817798104824
-0.252725647141764
0.112469304060888
0.115642327245287
0.057649629513314
0.641954188986938
-0.569527851549134
0.378076305755555
0.044701506808233
0.230328388649032
0.353323420379875
0.207428451555053
-0.081651907748589
-0.254338684051366
-0.208957865372912
-0.260934880840817
-0.494682918230320
0.108297718646915
-0.268802219017903
-0.252546250014153
0.005246007294250
-0.013112950559055
0.322291827273401
0.175370994763338
0.056392277097817
-0.031524757878400
0.036740191119224
-0.212176119407371
-0.177025061254989
0.274981763537530
0.822154993965154
0.116233307319111
-0.038917979367688
-0.272506203153384
-0.590415202402862
0.551348404733470
-0.199788001877498
0.003183571973069
-0.008393062807988
0.063418164229845
0.137034914264398
0.049883821161639
0.013362460585060
0.516182339431803
-0.704773372711991
0.030492998429875
0.473190209861242
0.002533678567562
0.001424736779682
-0.000489267831509
-0.011583183476164
0.694111967518077
0.066884720530144
-0.418796962267031
0.405760239825426
0.495632412362849
0.171680515565323
0.189775528035483
-0.011430808010360
-0.105614025688095
-0.174080229073593
-0.092068274893742
0.030883482851346
-0.230064121101287
-0.713547324631978
-0.700241207266421
-0.113570874491007
0.305247316970170
0.752871780391339
0.242202432739465
-0.364778658483287
0.571880113155395
-0.112490591881964
0.029637374590496
-0.034915870583869
0.111323053732893
0.626876811789971
0.420259498835812
0.713036144774691
-0.264139980029770
-0.500511384792522
0.025251502947753
0.420005745412921
0.370133883874837
0.829436056496650
0.564844016918381
-0.328613017301817
-0.227682852760282
-0.022485684148978
0.086927300436637
0.835037683306486
0.020021466905468
0.421230218989559
0.367279513367895
-0.076102281136997
-0.333680948930405
0.205193531388546
0.121916727760670
-0.413097718103695
-0.716582726107288
-0.027637076737518
0.158303844234649
0.773775214744126
-0.053231599763296
-0.313510063526418
0.149017475450566
0.454520135575829
-0.015890221797794
-0.013331335114148
-0.017523211065057
-0.235874771660078
-0.026969608209026
0.287045854417607
-0.231363335355731
-0.503399540728525
-0.484023591655056
-0.264602042156602
0.020762358857177
0.016655026697807
-0.040882290130377
0.070794511037240
0.040055586976551
0.237376541643651
0.412238582449091
0.473438186264041
-0.130281493546640
0.063808044364439
0.360041303866821
-0.104798644300766
-0.136602016616927
0.847459556584790
0.146728830135614
-0.221098449320710
0.007519236702405
0.157342543879680
0.506176873219451
0.144646850720061
-0.301940542994970
0.039251564798165
-0.458508435321450
0.452844608363257
-0.254616766279071
-0.033170045050596
0.161596879653057
-0.090298264371858
-0.469016835097571
-0.184340505594353
0.048771260968811
0.027489536975828
0.598381012784370
-0.385856244743513
-0.141998651958992
0.549814854532751
-0.719677534903365
0.113665004727786
0.133233530585628
0.099357314795563
-0.452310871663833
-0.077838037257356
0.417795172628009
-0.232652887025872
-0.855348461314850
0.255601323757727
0.462765444645202
-0.767080281156553
0.450886178463893
0.111203659186608
0.192747229391301
-0.182755780549963
-0.669589937732056
-0.426905342360684
0.195299803673905
-0.096422480035344
