-0.048338334657934
0.705452624491892
0.789894404903596
-0.151742833780985
0.629818554358218
-0.233118519934316
-0.542771330991017
0.819278549907757
-0.639412294169760
0.621273993730263
0.870231710716861
-0.414519204581982
-0.768215897851295
0.181715862751414
-0.934404106171218
-0.054146501913051
0.213088754753628
-0.419446233837841
-0.723160035400351
0.391199822135589
-0.059602160628987
0.989047721119413
0.267871298220556
0.460069158629579
0.232224792514065
0.944894409370869
-0.406900261743552
0.785588971065128
-0.960684114944304
0.277608714404477
0.841238544612237
0.395940819269464
0.770603905111427
-0.242028053177384
-0.423847125173451
0.583747331415459
0.061531024029581
0.964521698728449
0.517725564197874
0.819810974612828
0.463976419792525
0.823642128280154
0.983171893079255
0.179474561493471
-0.346238272113815
0.487903747652934
0.999398982242998
0.005631424097501
0.640990124772383
-0.767491231560707
0.278295757502549
0.718680314380632
-0.527874266728930
0.650543183584226
0.854070885112283
0.242995865608406
0.727485574052245
-0.566376491279548
-0.938224514916779
-0.345963099650837
0.219783643158209
-0.896131790330345
0.662303394537581
0.647388883159867
0.155838405647030
-0.987700496911158
0.185617864121676
-0.690023885258189
-0.127808445057976
0.946323367897564
0.428402823552831
0.460687288723615
-0.960106791608562
0.059363259789577
-0.820432747553238
0.347503521412233
0.900836144738415
-0.417158950276412
0.818259387841490
-0.553461557385846
-0.213779223637996
0.959263062732756
-0.538483413824888
-0.231770516009864
0.441858690454778
0.855873863139226
-0.963153856473014
-0.087242255954465
0.630403897325089
-0.692768120464595
0.333797312398812
-0.743051833494389
0.563903356374053
0.787743272671955
0.863966783976843
0.503179918533471
-0.763753567245674
-0.645445553162169
-0.815228916910568
0.391452996305060
0.749220963063478
-0.097508246397501
0.424918294593974
-0.846348518838272
-0.592115747708019
-0.661360149386883
-0.066653853248159
0.980716528476855
-0.614688533576091
0.693112440829621
0.324081341437163
-0.944418453504836
0.376659359028311
0.885834568325418
0.954460773622736
0.252988889427812
0.900935673302143
-0.419947859600299
0.898165666094567
-0.171177185357291
-0.265604960005041
0.909536241569744
0.397523733663794
-0.716056592629588
0.456705545069496
-0.505806928014664
-0.984959742417561
0.136698640597225
0.641312679170876
-0.672480553051194
-0.631815586559226
-0.663664012223699
-0.082007416828069
-0.741048061187037
-0.676728744053620
-0.713841601356065
-0.847342228629528
-0.251452639376538
-0.756667060222526
-0.182790918089753
-0.692988746331898
-0.051204643729476
0.884514860673051
-0.318851471439079
0.373952280648248
0.489331915132935
-0.743887501496415
0.298257242852749
0.045399136219578
-0.361991451830436
0.710222222805349
-0.375420111489760
-0.155455352193317
0.931824501293542
-0.208663907986759
0.749784316714562
-0.947766068839229
-0.253188211586807
0.354229198106426
0.372759606442153
0.902781154247024
0.301204555278454
0.804710169236957
0.526824583788412
-0.021846385028631
-0.936696646635819
0.556926133237524
-0.639643485697088
0.488027828292531
-0.872795205039028
0.689522207527918
-0.021897831097621
0.599407591125313
0.490716295142876
-0.580610601998772
-0.755889159963756
-0.457298519709426
0.789548078694038
0.064728256296201
-0.536754740098721
0.784623700687651
-0.486352383122817
-0.801933581737740
-0.574311510416212
0.934931031060657
-0.301327650829536
0.405934683873751
0.909117293724571
0.764069736572754
-0.645097383119829
0.106439647704142
0.986890511902729
0.362383343381362
0.703482374668932
-0.310548015709951
-0.588675207658263
-0.407214588842625
0.901725975324667
0.929844524372139
-0.149990866627034
0.210044610165343
-0.078339038529509
-0.839528402639581
-0.434344638741564
0.671495254989330
0.556581243800853
0.265093261676109
0.964212669354710
0.277643106645944
0.812708702181336
-0.226579685269515
-0.610438378516118
0.983044149876600
0.076212993141623
-0.640351982534543
-0.768072236180135
0.745660430725876
-0.594779487943084
0.583365274411442
0.547663731633007
0.763759693803665
-0.514279534716951
0.705452624491892
0.048338334657934
-0.216640709378843
-0.553270046666131
-0.014357464667078
0.740795658368820
0.184853104840416
0.003357014468343
-0.279716711367563
-0.356271110477301
-0.044990514146140
-0.262386074959006
-0.259901441472731
-0.556124914235493
0.117956561070961
0.331727858946545
0.346212909835124
0.811661666324273
0.256102818877982
0.508343986414316
-0.128930035687720
-0.040115255133381
-0.646289277809854
-0.546709709311553
-0.203756974842803
-0.108301874796260
0.147291394909850
0.442252632009549
-0.004404904458581
0.000172618316045
-0.304066856037363
0.207585947873321
0.463895397112366
0.363858631119484
-0.691693741831612
0.033947533909170
-0.252913259062409
-0.044121527107405
-0.226374708025466
-0.092869250275560
0.144237691177478
-0.292463698332700
-0.032942633616481
0.008757472585730
-0.529307706911435
-0.601583197366765
0.033490875134225
0.006951448556848
-0.009287125819011
-0.001618244646724
0.501706874491742
-0.392861666704154
0.470013333387651
-0.277902485154996
0.163123340610318
-0.430007800218640
0.376936754614501
-0.088888090835783
-0.004175140886446
0.005182806936182
0.351622657261900
-0.158128022372747
0.370038463422578
-0.072892956675348
-0.012325809237374
0.003192828446111
0.672035086612689
0.194375638014585
-0.283731833887433
-0.087368937167324
0.002835298199322
-0.777322458098676
-0.056053963417822
0.267448883488830
-0.362164487258853
-0.273803384779798
0.096059398728547
0.072424046096729
-0.020975625659891
-0.153921739314108
-0.165899650865574
0.081179590168886
0.162084844709939
-0.793754712779314
-0.182126324332566
0.197663426181565
0.198461490410949
-0.159174352082866
0.109207887401214
0.332771535493428
-0.551089670545093
-0.180979286092242
0.002732683920952
-0.247923523427577
-0.018521642211693
-0.005321140774529
-0.001344512394769
-0.008872356457535
0.111948631466741
0.411866323737856
0.563068695126824
0.334833891592375
-0.019991486535054
-0.320529199989222
0.459838944190570
0.023448657207509
0.145123805428184
0.112656272428662
-0.350197815682874
0.138255708555647
-0.021501845717464
0.050820659603810
-0.178200826653462
-0.204130620427522
0.091615289132119
-0.128871611454229
0.049041551280181
-0.097742693009633
0.136038024467848
-0.381432121564169
0.092341429235584
0.306057006027692
0.414529302102057
-0.396740841134969
0.133129769165081
0.719622026648154
0.003084906979451
-0.105632716638980
-0.095286237614788
-0.356943253506564
-0.054179967758714
0.396766523983095
0.550443195446176
0.375679175871012
-0.173411520534589
0.048957325201652
0.161972921823941
-0.438802336283130
-0.028971252364317
-0.627059093526718
0.437659718226875
0.570612524362596
0.318744637743652
0.119870998658289
0.202396695005731
-0.761412862040737
-0.128167631658729
-0.584163556205187
-0.142911558545778
-0.920042060813649
0.048062414916924
-0.593577407247613
0.289417890511732
0.154188251547362
-0.357075457651859
-0.516507472797137
0.123627370963801
-0.149504118401761
0.830593087478479
-0.213745348597196
0.075116088081560
-0.297690404157144
-0.109309820247584
-0.250895923921125
-0.276531712183418
-0.213664081677991
-0.159192769345342
-0.505318865183698
-0.007561173915360
0.000444434448427
0.705248623700336
-0.163413552338316
0.245929782433398
-0.582603295128736
0.227359263666872
-0.199576230851193
-0.328637501813039
-0.243904259299024
0.688962749491633
0.482736917618010
0.369728584854257
0.105488299311536
0.131769398147630
-0.098517232992713
-0.123154982675401
-0.141203626892622
0.080684953300567
-0.047039525827918
0.003205850121121
0.006043713311512
-0.089806321437684
-0.081563126122164
0.608618500745412
0.058089426923607
0.073741571884040
0.742686751196750
-0.127414378153016
-0.069513454081856
0.225359582735335
0.249208665364947
-0.873401929614412
-0.432334738517023
0.326302868372892
-0.007951983998782
-0.447143122131561
0.198430012614902
0.002935561231636
-0.003297476313949
0.503669863552013
0.093464106908558
-0.435264070155729
0.621749002001007
0.070193915078887
-0.151289766196149
-0.000658978306601
0.003734196154175
-0.200240700268579
-0.223900747492751
0.502857952088772
-0.326930074611923
-0.006746798183800
0.390054061645966
