-0.178230144044275
-0.684276271511703
0.228826005441477
0.554749467773704
-0.143017895868952
0.955676088300293
-0.737427936526800
0.480176271558152
-0.568953426062386
-0.817761138746594
0.873254758213603
0.356561035495950
-0.766638818145936
0.636697005493850
-0.781377201320646
0.516497651774093
0.321255891322726
-0.918446933700016
-0.206475804505319
0.625682833076112
-0.789965520541799
-0.576744438275106
0.690548992603214
0.710957159283439
0.435798952382369
-0.855606306652358
0.643660987106521
0.629351803029437
0.855483048251811
0.346620720305689
0.958128197547631
0.028903434896172
-0.717441493459112
0.381887867117603
0.051059922139986
-0.827101850699520
-0.838910229721749
-0.173802381681602
0.521361418920528
-0.435577308961735
-0.921780497950885
0.243775992772176
-0.489776172124776
-0.704216047751890
0.960162587128878
0.265125956143796
0.733882842616936
-0.450206638210738
0.658256086572776
0.734852513893318
-0.040752046476602
-0.930219902583860
-0.954009009258252
-0.192744090739695
-0.085177034002766
-0.231426949426304
0.006531144757304
0.515048735400553
0.479777566191160
-0.535484366714480
0.484101884801159
-0.832610014716167
-0.671190511889850
0.728912588991254
-0.117463865342293
0.648020311470516
-0.658838020742837
-0.423839896403596
-0.662238153449878
0.747972916751231
-0.160117089899718
0.453965857867220
-0.219012248882908
0.708188451153452
0.208805818362166
-0.620806292968322
-0.396456797341095
-0.504596279213555
-0.865359228464394
-0.484083541435056
-0.471513757084061
0.526738716657401
-0.158236771432037
-0.957296474355138
0.553474093290568
-0.828443809926438
-0.187487885156538
0.638490196680355
0.647448630121688
0.705553031845209
-0.275934770398034
0.749228720514188
-0.378599597332195
-0.911791780202394
-0.932624100399048
-0.088909647801554
-0.530351556381751
-0.067638594492633
-0.447947812176773
-0.437029051436114
0.281652538881462
-0.631670228929760
0.275259447858453
-0.419129393033492
-0.913637396429383
-0.165980996805647
-0.440118657123180
-0.875969826408828
0.123471820667922
-0.883806361269948
0.526270467354915
0.842702865236829
-0.186419457757392
-0.495713575642830
0.968760212788927
-0.126047174200209
0.830731270920655
-0.297032850496459
-0.907575679770841
-0.005054681691687
0.948113726476510
-0.135397995012295
-0.003791179046257
-0.150151977993673
0.157469214927789
-0.317569475747315
0.124426910091029
-0.808800998687717
0.042257948171107
0.908005536603706
0.565718940194597
-0.237014193928782
-0.272346114848010
-0.944182367813981
0.668426082947191
-0.417145829945121
0.424202234459434
0.419620755906060
-0.431786134815736
0.308481564672850
0.955136133364817
-0.238853269290826
-0.496522634944101
0.823201158192731
-0.506786490296922
-0.800601892011250
-0.798518087876432
-0.427518624556415
0.184987924663875
0.958295700818923
0.250113492527656
-0.967487145795505
0.811577938548657
0.397743823067852
-0.823670212687517
-0.515385845604553
-0.766063185842396
0.123475725143934
-0.748599897168715
0.281530041528676
0.891387489751531
0.386295964767691
-0.316291054954179
-0.804403855883043
0.605777473251685
0.668507270027475
0.342448794347061
-0.162328961468028
-0.215376540075198
-0.865274671757813
-0.627679072558721
0.708124835970892
-0.360096773114306
0.766464518611888
0.275138733530589
-0.748378086512389
0.653600552006581
-0.367730808097648
0.779205045451117
0.621986875663532
0.858086654889500
-0.244395845953346
-0.411656275408023
0.014549676589827
0.149248098220488
0.981198949970665
-0.876213620247714
-0.112001487761320
0.591741413334033
0.319576899562942
-0.625811011520094
0.666530850290736
-0.864271451277769
0.502845982617342
-0.879988556332191
0.450055729601047
-0.994855201869860
0.076224529055365
0.256848199669432
-0.602593915079698
0.542547472137793
0.214129848108604
0.226595342171787
0.687250667127028
0.743383573277252
-0.296978665541184
-0.760840999155001
-0.156739775425680
-0.937740630500433
-0.074747829897711
-0.357008437257158
-0.883108905177781
0.457733514754407
0.559754894677587
-0.024001862488329
0.995140902300645
-0.410582365412752
0.911030502414340
-0.851262167372920
0.487948575374969
-0.925183967781401
0.342631501017832
-0.860226214838941
0.261187030789890
-0.398318312502815
0.202027532486533
0.062538239007356
0.993976273011774
0.978065939726919
-0.200366712662207
-0.425743873195411
-0.904808972390952
-0.912732796559845
-0.240646085147626
0.818789249025126
0.506206342205006
-0.684276271511702
0.178230144044275
0.783346384373187
-0.162049774229847
-0.200423929752881
0.161429068307666
-0.229619387747185
-0.415819339897684
0.000195493085962
-0.086940673509014
-0.332008086798313
-0.007809322882346
0.079968218333329
-0.022066485074878
0.266876557339110
0.226840799044147
0.220452355036999
-0.068195611487256
-0.148983761384950
-0.737355120271992
0.040262513130871
-0.204203964971896
-0.035001367252425
0.128284491536464
-0.023370886886319
-0.278335988986849
-0.097745545275964
-0.424337896115065
-0.138464168392170
0.358929665087771
-0.272909343609460
0.081703357862360
0.245909750362785
-0.528173981835568
-0.110385965544538
0.548735228986884
0.482823554375857
-0.181393974348293
-0.055669060603389
-0.731680008248389
-0.007985559588245
-0.301380506641389
0.271699441860176
-0.436323816219535
0.087433125320222
-0.012307812703956
-0.062943123347779
-0.504745598739303
0.143027606815808
0.078954486909279
-0.337739276925410
-0.137703973678123
0.219090489946846
-0.068672286650923
0.650213384191770
-0.718616027497030
-0.856936584753406
0.018488753922836
-0.627863286727970
0.298090042039700
0.230867531118549
0.138224858840713
0.084009236047243
0.105509158928820
-0.663038460172317
-0.355881885732931
0.384970142378299
0.487944867907720
-0.044398190537668
-0.002438154821573
0.398196200514101
0.780843968606442
-0.514192519556401
-0.431403297767144
-0.535589181783215
0.533051503314475
-0.763015660976982
0.077535178788318
-0.054758738796136
-0.117550036787147
-0.594785257550540
0.382689951076750
0.241433021570518
-0.015958710766175
-0.016030328139773
-0.084203981084518
0.614066741385963
0.424382608958278
-0.250938634816469
0.141545018153343
0.514054996646175
0.313470552468900
-0.136101052286894
0.082307946284969
0.036387086426963
0.347826597349924
0.165713463579352
-0.828668386730814
0.748952221198318
0.217758894488834
-0.721550600972523
-0.032082697231408
0.726562546775059
0.469754887024901
-0.205902334098256
-0.308741389123701
0.197132642899168
0.010542863793385
-0.420604489369357
-0.163501953511466
0.100511114881056
-0.052809013407241
0.510024929393771
-0.677783452210010
0.078007284626665
0.198823096089133
-0.165539615617872
0.440742188701727
0.187963836188461
-0.375433658542770
-0.019443124409987
-0.287001236106490
0.927700306920948
-0.341777926444651
0.774857890197670
0.523400730245971
-0.263744154875160
0.510683766470150
0.220610706609698
-0.353653965681927
0.239930888587499
-0.752475595141135
0.020085077110756
0.184238540251042
-0.615735718888349
-0.008090283080293
-0.065325435343321
0.799814649146699
-0.204633438470568
0.822511406545581
-0.137588758195913
-0.108320894143732
-0.225878857773487
0.157428929200636
0.269302733209193
-0.172279138744637
-0.143813795304382
0.398640541430130
0.206289588036983
0.069953008427471
0.024886447159282
-0.028151879579774
0.383812015405912
-0.189286654845324
-0.233964581733189
-0.034718660345619
-0.494641250361219
-0.391447281301413
0.497263864680979
0.336255376995503
0.221656580301213
-0.084095963802283
-0.430955122725777
-0.259175784734754
0.430372139714688
-0.030191127481726
0.118074887113920
-0.917843370380802
0.247719727238310
0.378876794138442
0.304295149628616
0.109465339105671
-0.160056593588058
-0.507192608927513
0.603510975545758
-0.001849144409625
-0.084587500829975
-0.656068080229393
0.054381544671835
0.054904200612935
0.076509151098087
0.445089106785986
0.039509160351592
-0.910366104419885
-0.060797903064541
0.106194353602186
-0.468716741558118
0.003158261355016
-0.316002115120737
0.669219970002688
-0.205356190075035
-0.349179092542453
0.002594784109625
-0.013192549686970
0.052465436043057
0.142538973612371
0.028349527139958
0.060409045628188
-0.433832543002972
-0.618626624440840
-0.184005601480671
-0.791159015147785
0.665206934076199
0.183958708128889
0.211112175271781
0.560906573902409
0.041172019807431
0.628377658410374
-0.280076808749914
0.191343285836472
0.245319191425569
-0.180227999049003
-0.619025363881474
0.306532357552133
-0.088301515333502
0.036350207085486
-0.011728642000706
-0.036166059220808
-0.025557719602733
-0.191326195691558
-0.141549669784471
0.081252515372987
0.058752702009233
0.433981928492009
-0.551400890202438
-0.704616531402912
0.084783810925042
0.030196734202715
0.025317063092029
0.050982784539825
0.007889875697858
-0.000792324978507
-0.305719403758400
0.124675378294092
0.201502010644080
-0.180931601713719
