-0.187196393304228
0.681877929202793
0.083084478356628
0.573799192443039
0.244377241558019
-0.777272499989891
0.928267537274058
0.371794970781489
-0.899995207681024
-0.233460522051789
0.128939339859769
0.991162206508507
0.949211328395755
-0.208731616096613
-0.689496225635744
0.483969849670966
0.720071226384866
-0.557100160241446
-0.636458808431195
-0.499740642751070
-0.550680649437428
-0.543321387269974
-0.796050544468912
0.067557925655010
-0.170301576729745
0.926217180406148
0.621538664452866
-0.721961414058528
-0.398462853028137
0.772553204161136
0.066055619097314
0.607062919393786
-0.565075703975774
0.523117682353159
-0.855442786728257
-0.515464433182588
0.776162978367182
-0.084191256896261
-0.782012386035562
0.488786357561227
0.097827321144069
0.837718225424081
-0.972554675328822
-0.086929591206795
0.437900292605577
0.848667579662766
-0.991589574525523
0.125140909210161
0.731435985277052
0.550634168500617
0.191873248618037
0.421611424768563
-0.440480125905975
-0.429641263898154
0.904707521150195
-0.418002019192837
-0.640630036713545
-0.744036487525035
0.277623499341845
0.329198302252612
0.911987705681580
-0.362413846607101
0.420345741134732
0.005349173859243
-0.695087748773182
-0.647455573772742
-0.408838644088224
-0.655547832999929
0.191455036936361
-0.975518711885149
-0.384141352709158
-0.859418749601372
0.212803457875165
0.662681479940184
0.021221145112058
0.941175047954309
-0.017923166176967
-0.469494593502494
-0.880796741930309
-0.032559960491598
-0.652661188744206
0.529069762835570
-0.982981605860657
-0.154281939426835
0.500856739982178
0.761782232458705
-0.748997880594586
0.455794377509927
0.539243062744851
-0.842136684773852
0.480285561808542
0.742006802679022
-0.050237622051232
-0.982333859887132
0.947880992283606
-0.043923270796969
-0.754315714947078
-0.654329520859669
-0.139378386687475
-0.444271252128394
0.913539173779252
-0.157577571478410
-0.784688657122743
0.619354137027372
0.292533416136118
-0.489057020374966
0.635292635680555
0.314196745815044
0.099562398962709
-0.587701696596775
0.202331114448690
0.765162017094549
0.521244322459107
0.845549143532058
0.040584787461697
-0.998496226878506
-0.291312603201558
-0.725215820972405
-0.851918407858285
-0.509192081593169
-0.234289106354836
-0.957876154483230
0.827655645206202
-0.074651375279198
-0.366740818312024
-0.704974041363132
0.554534758053543
-0.418578407079405
0.775988366810218
0.126346447877215
-0.850612854943727
0.498871894470010
-0.542481124624705
-0.367725061632885
0.548672651720194
0.823528096143061
0.266140040654481
-0.508415635068730
-0.881063038816120
0.125518288900451
-0.826241638786118
0.543777576138224
-0.736686223955502
-0.623246497766557
0.400251407834270
0.744100800666761
0.405853951222745
-0.680858587970149
-0.682096035089359
0.013523861188949
0.851230341184779
0.469939912751051
0.890847993207009
0.032814243197171
-0.338102238156014
0.721300764871570
0.952747340603435
-0.291655023679989
-0.356505116141769
0.812890343773876
-0.814703051235300
-0.390583492838865
-0.021232061125098
0.339478265640610
0.576009081736949
0.732265309256077
-0.306137655972038
0.457827549954962
-0.435911971676125
0.891776487303886
-0.647971025096550
-0.759404991942818
0.565987900785524
-0.806591149113221
-0.923352735717426
-0.012577077860318
0.805835066880120
0.093920346553349
-0.094297114834978
0.965128582506872
-0.373982205903827
-0.229644178146674
-0.710443400933046
0.679301830782713
0.305917001368747
-0.921622902199683
-0.369076138826711
-0.918141711272273
-0.318143211572592
0.947984161321932
-0.058598452399586
-0.916732809428804
0.708024905793694
0.639369452041880
-0.424977616962560
0.897421416324531
-0.291807792973373
-0.743831734135813
-0.230159990435964
0.256040838718940
-0.141365748647709
0.952695320464256
0.671354717689253
-0.740467684150562
-0.320130431436645
0.803370871131723
0.000846672571665
0.755897664863117
0.526969308417749
-0.568202741236948
0.294415574995989
0.955651839369320
-0.773670618570119
-0.507606033738188
-0.128704557969795
-0.259506997634455
0.230370727679056
-0.467457074898825
0.954800656048844
-0.047099473327041
0.414837742562621
-0.850353590482728
0.949598435386045
-0.055002054001441
-0.097499445797332
-0.779158512547543
-0.521666408598927
0.795585569685680
-0.936738044326214
-0.016074217039079
0.212020614179923
0.962698840670720
0.681877929202793
0.187196393304228
0.812656120356432
-0.058664182046244
-0.459860870009104
0.353065439830109
-0.004282952224707
-0.008338780785432
-0.282293816496193
-0.236252009435923
-0.030430258126788
-0.006791643103962
0.192625195009693
0.135368019614460
-0.450654059337389
-0.295430293379435
0.226929872440793
0.345889683838006
-0.558106157430986
0.183567405033436
0.511626339716058
-0.373886588391389
-0.010872149677440
-0.601349527058376
-0.225762164342982
-0.249300126022873
0.269611771590455
0.140609024676995
-0.493623977719145
-0.026912267049964
-0.730131833843438
-0.306624807038152
0.636468930313311
0.044098071744392
0.012326335488374
-0.048601627665903
0.164712431043275
-0.602787423835492
-0.339602249399231
-0.184972530263222
0.374590160367500
0.385149583650241
0.048764478216661
0.210244322950526
0.296328395536904
0.014005533328564
-0.031849048402896
-0.008689456264682
-0.356204936204373
0.186872832014346
0.707400614762169
-0.533865931862569
0.784704114091417
0.075000642436294
0.028938742027228
-0.077078935740337
0.180591608163368
-0.058219690421538
0.309765491666775
0.847702194511509
0.100508232816290
0.163806970575853
0.855833002988008
-0.301381345218056
-0.293743314747854
-0.106626293834977
-0.633155627288643
-0.047137600510897
0.108203482825714
-0.000466795481150
0.210619857332490
-0.263579418144957
0.504350221531868
-0.511076118109050
0.293561774061497
0.166014086505343
0.696449399914367
0.542412960893302
-0.378896231340229
-0.282089691860426
-0.084572084461899
0.535692188938650
0.076072851591289
-0.064476096012935
-0.316056530634993
0.262561660886787
0.480885477079557
0.001678758208667
0.003926011008615
0.002703678460678
0.237755050001978
-0.402770679288929
0.176732230902539
-0.035525872404460
-0.024249711012140
-0.314649522907265
0.036717535498497
-0.038890910279283
-0.634728843036607
-0.616697669587032
0.161617383668543
-0.338371553523377
-0.024963544625563
0.006402012942271
-0.577736429828297
-0.584352675115761
-0.050563263999276
0.703652633266607
-0.755818036190882
-0.270985499055985
-0.356422114486015
0.496540515997506
0.035133804525258
-0.110075510246062
0.032054838540190
-0.018183708704160
0.471735157298792
-0.408246153191351
-0.066418964968641
0.102698449294597
0.156053207944054
-0.056826785992536
0.372651084036998
0.412970307277993
-0.268179537754004
0.544603074466174
-0.437776459721577
0.570644451958493
-0.585771325619380
-0.196851679612179
-0.165726851259332
-0.010918547708057
-0.211749498711583
0.725020453689687
-0.000772616077816
0.144080530196528
-0.745537587509714
0.338905187904061
-0.092525203450051
-0.446555895168940
0.041449600178182
0.141112128005842
0.251915658047540
-0.073455508209936
-0.297558152186306
0.444490669239795
0.591208995623514
0.148949914259850
0.027469829355504
-0.730621319541866
-0.194426371488300
0.129467257327377
-0.088632347766013
-0.444361773076765
0.588516642873270
0.138058843290671
0.083866644170347
0.013275471024078
-0.291577490778258
-0.356505200572709
-0.428557038039519
0.006506810007923
-0.917754662565825
0.205012404689844
0.298780142375299
-0.206715943117251
-0.736913583610393
0.391959233069807
0.102481795138813
0.064907097504833
-0.055892320358011
-0.017710374718043
0.131688222798577
0.108289548492739
0.379254651608194
0.058544442854882
0.216036339669657
0.543265233041603
0.243536775243498
-0.018019779856384
-0.153758596208554
0.885301731164365
0.128752344503139
0.131308912686410
0.213358699806285
0.107257072641198
-0.128253661537052
0.065951497883892
0.005355063214258
0.009069184693383
0.339330641645872
0.202538621337627
0.260181986746454
-0.149039492565441
-0.099014602159417
-0.064999501245080
0.469066024682598
0.376217527158136
0.893888114006384
0.287112360146212
0.121303283233031
-0.240151754004980
-0.029594789035335
-0.010705149557138
0.501440924983638
-0.025860182458730
0.450694403244567
-0.474860567202697
0.269222553984299
0.571811340620933
-0.006971428428251
-0.000655969120648
-0.353684657241131
0.136664010281195
-0.318561336060575
0.902557438672937
-0.853457953266920
-0.004767909510062
0.261490421280215
0.133267049189615
0.321650999563651
0.036729456549014
0.251556219393683
-0.178765360325635
-0.082996018267286
0.613610243840249
0.281153894464582
-0.125937472877646
0.168038852273949
-0.306637244940880
0.111423433143941
-0.125869058471247
