0.374788880515644
0.599610953070264
0.639015923445579
0.359247033475437
-0.934986710438244
-0.354280858965512
0.414393984542919
0.843927762052162
-0.118978900662045
-0.992025883948805
-0.749463734784477
0.638001033395330
0.062850432140333
0.470939318142623
0.583256259251857
0.810330898879612
0.956712821692728
-0.251380793297901
-0.213646615777220
0.955333118088856
0.322634372198161
-0.937764837775180
0.032521905721629
0.585829136167861
0.183442253247732
0.966456662690754
0.347404965745361
0.695144346568080
0.703933058683839
-0.139858827882515
-0.750526033742298
-0.635443330438777
0.884233085666383
-0.163547664355245
0.832124222724473
-0.173236962789936
0.444214831806098
-0.189108557012847
0.176120076407141
0.818572474883944
0.785232369858267
-0.569380251234962
0.955521590295141
-0.152100071656783
-0.748159383465322
-0.324848799133938
-0.129794604674036
0.493229087378477
0.357849515391116
-0.267821689197127
-0.280107004185227
0.861544192498486
-0.561661480606906
0.696675302340835
0.575221880031838
-0.234393417876856
-0.526715627040348
0.715745855911920
-0.296593710467929
0.899307605908254
-0.911081721026881
0.362529550059013
-0.889752141359358
0.423608031363723
0.993796266177198
0.068925137288323
-0.105203842783402
-0.459912445309417
-0.220249300033592
-0.588688722737169
-0.005661295951383
-0.855227639995216
0.993667711284212
-0.110785993822218
0.201205542964379
-0.913006740997087
-0.505731667762767
-0.533001372095416
-0.271726888675801
-0.477759255229282
-0.466399813198810
0.882554770020733
-0.548171018712100
0.752614702939420
0.736762386861555
-0.676068026219827
0.833274384607661
-0.532925732719828
0.838122303521302
-0.477843685525906
0.349486390941111
-0.902587198051618
0.248783601212706
0.897219937882670
0.638575295266458
0.756055056624545
-0.040958756848148
-0.808140586376131
-0.959250919409452
0.256251110028431
0.398797080582383
0.124269670151960
0.676169392560708
-0.165442743213163
-0.162938126074957
-0.409247507576124
-0.379440769520213
0.745431534728153
-0.843129891159490
0.141622075457762
0.290202657053129
0.186499291960498
-0.270614871607336
-0.615615356492909
0.346237262803528
0.920088554926331
0.909540459354050
0.025990035705589
-0.191164757298267
0.529588933701695
-0.053482336606612
-0.826903863020885
-0.352239431716626
-0.924454669699969
-0.919786374732815
-0.248153995570360
-0.373663619448234
-0.423241861722649
0.880093204024062
-0.079401733765648
-0.484793552690666
0.815153191926451
0.656174767965832
0.059421095077041
0.180372612116316
-0.011999065273156
0.986040179434160
0.047635494110443
-0.714392865018545
-0.699688873603370
0.757714472133618
0.151289093831571
-0.097122382959149
0.428552204894892
-0.455038710255901
0.808635555140053
-0.915777413849722
0.153243840983602
0.673363577476584
-0.683967372126203
0.864310840864012
-0.265296057859043
-0.029033389772804
-0.964403286628545
0.217965811777116
-0.653665084442805
0.504275774897716
0.855071046812853
0.961847951933816
0.157658490364979
0.099896086764966
-0.512873480816870
-0.742739437051558
0.503613829697278
0.465871196490776
0.702376802403198
0.579073125932123
0.750392075537619
0.859094702754970
0.496319303202618
-0.618853579474911
0.767897450577254
-0.713618627576640
-0.585733004878728
-0.330407249974421
-0.771500333639525
0.298560210105027
0.533847995763031
-0.918737882726227
0.391564249227091
0.429999417038956
0.891896784788449
0.026712341377552
-0.994141086287121
-0.892862121057926
-0.385617392460835
-0.320379110431458
0.940121729531778
-0.166667112498281
-0.970534743341162
0.797425498243658
-0.534921295570129
0.610658808574271
-0.791780673712702
-0.895913003775570
0.141287544859582
-0.252117514166394
-0.144085640514112
0.929083393639730
0.320696320695872
0.664933033683733
0.006195777910852
-0.814760947869538
-0.367512522480919
0.120437798009126
-0.517757457851138
0.676259273831996
-0.471749886742179
-0.843484550756277
-0.440524071176521
0.649744209483073
0.461376057438872
0.295001467971532
-0.729614797099482
-0.757438109233122
-0.622865685929857
0.882108313473339
0.195282189922788
-0.529285627546615
-0.750994333236487
-0.178604254679823
0.981613292624485
0.391905022036997
-0.792270212120136
0.968391731939856
0.188977557655089
-0.231348698605006
0.150480822899391
-0.199296139079584
-0.790460928716662
0.599610953070264
-0.374788880515644
0.509491577208225
-0.450575799700747
-0.012240482927300
0.011623031112232
-0.279754456797556
0.194424797580393
-0.016195561382396
0.038293218255361
0.043737564810218
0.171306208451021
0.076695658398370
-0.876575015494952
-0.049088659863159
-0.027681651636594
-0.135896266633897
-0.055140532139486
0.134192115677825
0.153903324003978
-0.093341567873712
0.088269601877807
-0.784180806418488
0.202007454589928
0.171924473544359
-0.052463647038123
-0.106809036901996
0.620222505917005
-0.311475175514870
0.622816965242056
-0.178961922087626
0.029917836128844
-0.275856903677422
0.339539365008472
0.263038849240836
-0.456474310852830
-0.743485641571674
-0.462752890476932
0.415239139877688
0.355664559328526
0.020319818322103
0.242494040779846
0.193779542445748
0.162152852615556
-0.564922490507870
0.124873433333167
0.636201917262268
0.578900292306991
0.039455338434227
-0.893676979338162
0.421618181083679
0.038984355300541
0.309733963235086
0.321317251839129
-0.761790325209362
-0.183997322823072
0.454236889584736
-0.062828067905920
-0.315321631537642
0.062050540294741
0.034127959837991
0.193229669828423
-0.134633736110933
-0.103784005566371
0.068124298112519
-0.054565435842873
0.743485694940774
0.473963833569136
-0.736876797591769
-0.248894392720472
-0.382185433977089
-0.349982753249512
0.006875608517461
0.017426104887007
0.315221587058784
0.163004206775253
-0.653528665593003
-0.181783664872627
0.450279823470298
-0.703675118637065
-0.054538112351461
0.024369785860881
0.121314328072521
0.344038481812514
0.006784021822245
0.008196723565356
-0.085188693221175
0.119945195439524
0.146654970843744
-0.218423295621108
-0.220728593628515
-0.120310017933106
-0.128252843330482
-0.341546938225337
0.130995283700166
-0.058673497220854
-0.585350363856139
-0.050952177800204
0.054233069375370
-0.105980264235585
-0.426654695922968
-0.802174362620853
0.048483067491468
0.716291172253857
0.644568777098511
0.624898980799010
-0.541286563515652
-0.085821824824200
-0.181888924245081
-0.485789659846100
-0.797279526049196
0.495323923589711
-0.518905362777144
0.527752355367718
-0.170012370391623
0.068209990864378
0.156809566069839
0.384020091702289
-0.720087618282086
-0.405543362496083
0.515288102496415
0.218741428215778
-0.090763457774238
0.114336963169110
-0.299647670452063
0.051223948803107
0.159822089092813
-0.809752262006350
0.337608705047462
-0.324270996516565
-0.025165504761207
0.316017693067641
0.735075668159095
-0.159898622337070
-0.155764569525480
0.971112322088155
-0.120666583306757
0.104380074321572
0.006183662779694
-0.006330630369011
-0.140190698785161
0.619134037814934
0.888089701532800
0.134933066516124
-0.358341168432153
-0.103149978859253
-0.165837615065718
-0.332213694649426
-0.042514992021338
0.277421343533871
0.069655459401862
0.421583786482488
0.243958054337584
-0.097815288897907
0.604946824562619
0.399064157408714
0.094923791898113
-0.074491083260777
0.023685342514808
0.222331559447855
0.692939835474628
-0.496805745675540
0.171800745835214
0.406442791689606
0.257061643323336
-0.472810921255017
-0.243229739801283
0.205974128156293
0.118982785416570
-0.038295401046773
0.102268189490913
0.129980652353704
0.001446748919718
0.384269707743053
0.543652107194161
0.007789139990454
-0.790596943626046
0.028715694158278
-0.037342906837991
0.034693643219520
-0.089374809057292
-0.107855320388739
0.076920432802745
0.071085852259296
-0.176768491288954
0.151160047297808
-0.116175430594775
-0.005623929893360
0.130834261727615
-0.114746597062308
-0.174339644695227
-0.218122604477322
0.013138365602621
-0.002562731941304
0.085401929769950
0.412412693457603
-0.024966018056788
0.956583914348650
0.042384952909841
0.179336090405257
0.243673922267072
-0.706008989078191
0.022190090803299
-0.447891441664814
-0.796246329608280
-0.288814359469162
-0.460125435507955
-0.329256772919827
-0.224513743445722
-0.209918875648508
0.240038521019287
-0.554388044867720
0.462147128739723
0.408725351728706
0.193717388721374
-0.028274038966037
0.187403392799191
0.385525301332523
-0.040685732596717
-0.392694419469309
0.005910759182338
-0.067088947517979
0.378731258297076
-0.274373830162443
0.143715806739528
0.076489888916447
-0.818999766513382
-0.503063300235981
-0.407035960617927
0.412036765209374
