-0.526413331463576
-0.848565695098577
-0.989261843461144
0.036227846784137
0.592392571194755
-0.148220390283692
0.885152100983664
0.426049025476739
-0.695281217395747
0.177056122819649
0.830762401239699
-0.440636235761111
0.130851554023198
-0.775804775531105
0.515141783588649
-0.410474732105086
0.604366684665417
-0.547637256461115
-0.913211054538023
-0.406776109212698
-0.590203522395475
0.733442998044046
0.757129784854837
0.644951855542289
-0.934706222263762
-0.078748067078640
0.765571313274935
-0.639664978461682
-0.305318276842595
0.944291965225610
-0.256264925588479
-0.911326028949759
0.021074053868817
0.615268374227667
0.575324373953068
-0.779544480054233
0.036299293598435
-0.979059879775502
-0.832190200007589
-0.352132545507013
0.850927294916404
-0.187428997516258
0.652996133228751
0.726452604934820
0.737101756449463
-0.631279400732353
-0.891307593389680
0.442343708365454
0.534262976599482
0.287099418744842
0.221209598238801
0.911675584244333
-0.844808019282609
-0.417264997723368
-0.779862876723420
-0.108808144442081
0.219857505366862
-0.910948692063829
0.649543137861186
0.758436829300788
0.834742769364353
0.192527647866487
0.129281582591853
0.982772963584974
0.837227327331658
0.543638568036878
-0.715728077982028
0.137911928356580
0.981395404383648
-0.191890538436793
0.149994364717632
-0.802220970407300
-0.748584025570861
0.352681538901262
-0.639302474860345
0.026553015988839
0.408011987750530
0.880879384279878
-0.109095861991185
-0.721223260517450
0.695294701737564
-0.652884952758223
0.965992678838280
0.069861773186984
0.459597751949640
0.628079207676766
-0.700139808405246
0.373553411962666
-0.368440658429602
0.688115887191649
0.388874613854975
0.381267759272745
0.118989539935040
0.991435147561829
-0.318951685274217
0.946122411360556
0.434825109589463
-0.657134540494259
-0.504698974435043
-0.803117863699332
0.759256547430553
0.600475902985047
-0.267851699202026
0.629576530499811
0.384142293867315
0.914029140033321
0.437620073143568
-0.885795196989741
0.043311453271917
0.791489429730497
-0.890662998909439
-0.258716216183205
-0.598948359330143
0.778791147806079
-0.017125845136128
0.984933948184927
0.734282869487676
0.536493911658134
0.925868379865754
0.297553864055541
0.186928115049974
-0.325174454888910
0.048443409701624
-0.914265874967111
-0.893299462578672
-0.290463552553012
-0.853944570422097
-0.501013049158506
-0.405950597696492
0.832786735657610
0.345805543539472
-0.285362699940496
0.783559015992784
-0.496995607873086
-0.374639273681849
-0.603620314580981
0.131264345775983
0.957524655995052
0.698332453027180
-0.712892564040322
-0.855625673390288
0.038504476098654
-0.176628312490901
0.983345479359070
0.853983671739541
-0.508035739778296
-0.528493238302113
-0.569546946069073
-0.957936227488050
-0.254474893585726
0.325741511606765
0.519495085627656
-0.639375770125731
-0.675103797712796
-0.743510081797746
0.452570150111192
-0.020936207501974
0.529239375126544
-0.444703628272514
-0.582846593470517
-0.652441152039302
-0.726370141363634
0.957376779730597
0.046524721605378
0.326098034938072
-0.785079271126227
-0.568804723738989
-0.651473887835631
-0.314524933304266
-0.765685009748678
-0.621770231383521
-0.125980494556655
0.071663581448345
-0.814199610556838
0.629599914232557
0.662206035452715
0.636852764812896
-0.675997368974308
-0.633720744620183
0.578074897206314
-0.680904799595760
-0.429313112394264
-0.461595916081849
0.871796054780541
0.408778431797183
0.906144504353841
-0.226405602202445
-0.761362813727026
0.974168876949064
-0.143191626967270
0.530652723498831
0.832204195715455
-0.005835756694096
0.975190829013230
-0.836824612091428
0.413286879719555
-0.955005333051747
0.246849756936371
0.818711152764434
0.399742192344217
-0.201485195165273
0.827882814514236
-0.777044112436358
0.309012035770277
-0.575022468201688
0.817559331066035
-0.981549618674593
-0.102483088208014
0.988991932237566
0.133445163380486
0.784868085119475
-0.244291206484111
0.725897061654339
-0.247807312661211
0.778431038764792
0.568665649518302
-0.287422936654306
-0.873912338829031
0.922078196583345
0.286399390243892
0.289961150458147
0.676603965103619
-0.931808075483533
0.358932101481376
0.555939361161900
0.766006078151335
-0.804285538346236
0.576348917389229
0.892982041527821
-0.158691040185262
-0.736868169491820
-0.673282996899474
-0.107104368344327
-0.792335863745094
-0.419679303335805
0.050604509173461
0.371116953156394
-0.758428339175834
0.438087687542469
0.796825132869851
0.871669964730930
-0.059850916388132
0.393972406203220
0.877984162012676
-0.260775209400363
-0.964901769656479
-0.189576965729945
0.517485951273411
-0.392210404966537
0.880818849838724
0.022078046390456
0.048351064381967
0.139300680685040
0.025374565019500
0.791750348626808
0.015269019180872
-0.034735308464635
-0.183797291493628
-0.588547415822119
-0.372621922916334
0.106905393572823
-0.322869597896375
-0.355649887741168
0.504497748679358
0.752068449120719
-0.023075635235459
-0.525400232335356
-0.242464310083421
0.022649611061290
-0.008109374951409
-0.137592958229789
-0.307878788840203
-0.082274778523906
0.063422817164395
0.113307971475270
0.327542857643004
0.038098537345017
0.057251908896366
-0.122492044806823
-0.009441037827886
0.296992265440516
-0.124934987654801
0.679529682634723
0.399049022486123
-0.009665586417335
0.247424422383270
-0.035469482174928
-0.197144690348170
-0.279977542483331
0.324152305423044
-0.034048777499165
0.489524044769115
-0.179266892393457
0.117158201007469
-0.057142735753184
-0.234311814897924
-0.004906175734151
0.099391886364329
-0.125940375140195
-0.785032494551011
0.341636921520433
-0.056552246585118
-0.019776469187768
0.334362413403747
-0.227047128819805
0.573083137517085
-0.259801700256345
-0.233105629071827
-0.048889796908904
0.021842064367119
0.010350342832945
0.515781430650783
0.100418177664312
-0.085789067156203
-0.029315177528409
-0.051459985215498
-0.025618074169015
0.684147157182570
-0.002937223805179
0.005696861364896
0.365795827987535
0.447366312342177
-0.178401171794429
0.532363325822447
0.465025199919688
0.611832367907246
-0.169096078409970
0.170247597542327
0.656269022163151
-0.192992414187708
-0.024457452485092
0.299513520922687
0.183512672765213
-0.168227750423591
-0.232862449196242
0.583147918663259
-0.006916189117088
0.608452350990128
-0.239323576133136
-0.577470547229258
-0.429284274968866
0.720504296796861
-0.052900280638595
0.009969848216470
0.031521396856230
0.046136826096476
0.594849072218384
-0.158921052855932
0.280354219698588
-0.147248611906643
0.246181711610498
-0.048505154227705
-0.723832898265053
-0.089189656730037
-0.101664729927803
-0.081545765806763
0.107458633075634
-0.110942249613209
0.604306137092381
-0.080515174426008
0.335101193773042
-0.165808720486502
0.162716844351888
0.090930960177399
-0.125159613028856
0.118096970357802
-0.322780742782552
0.262327166758311
0.232013177540772
-0.019983157853922
-0.912453955343699
0.163545813364950
-0.353830128191059
-0.191246924972410
-0.208903791569117
-0.272040806981205
0.025572484277548
-0.138241250238092
-0.324198358730426
-0.191221832799243
-0.139547264537777
0.882900456733410
0.292559864185424
0.231169548338637
0.654583630597406
-0.258472824479116
-0.205236594352573
0.154253508965332
-0.033502029062217
-0.054713720708539
-0.227935966983501
0.463106151234336
-0.023851090463716
-0.035570112937520
0.112008237204648
0.008107423048012
0.368956116310280
-0.510080932332874
0.126175113861163
-0.040994551377218
0.349413309255627
-0.708468533486058
0.287900470206066
-0.229230901374607
-0.173741528002608
-0.460637491896568
0.526105975641915
-0.665341913173196
-0.568333577586030
0.373531091168245
-0.201691254766415
0.077637610806568
-0.116322413058399
0.260258041436733
-0.500359793751396
-0.164166642331810
0.256586695013136
-0.431516196292533
-0.387572199644605
0.405694863461143
0.088497395481937
0.767918553851551
-0.210562444967455
0.536289830252651
0.398520325310519
-0.079174900838297
-0.157244989214299
-0.335738181410721
-0.498255296322760
0.126368867781066
-0.446404564342312
0.390873215183847
0.051126579451067
0.155842619328849
0.077455520214277
-0.076177249327495
0.486070631677210
-0.364420787258263
-0.091173719159658
-0.148924511363517
-0.152218408894403
0.051705122285143
0.206108486479978
-0.080548635948900
0.196969270874302
0.300202648191104
-0.075697245655416
-0.145944983960946
-0.345231988882558
0.225240098231116
-0.204411668475353
-0.481902097269062
0.544734259459164
-0.063076109967063
0.015220120296027
0.026725440843345
0.121847385729063
-0.105880958165774
0.053551510982986
-0.034922514382552
-0.422251255289198
0.382109634531927
-0.606363259251746
-0.209734569164992
-0.095885960200214
0.247932207633412
0.034386114638577
-0.390490556412636
-0.002068667741200
-0.260274680419185
-0.676398695019409
-0.024787315447404
-0.043761730194300
-0.031406495510299
0.257540125397280
-0.194523003155059
-0.047624037439189
0.136669855086482
0.200999712706487
0.370134222635025
-0.051741230748945
0.032220364933092
-0.303321790394352
-0.518390224422532
-0.240524785571305
0.873759860332783
0.535476507452597
-0.017988089983903
0.340592654204988
0.239051311546782
-0.178730476208856
-0.452398891762166
0.260425340367993
-0.078154951855645
-0.028568344758375
-0.012029744542594
-0.825619396635933
-0.120919296217754
-0.261582681263023
0.043630870585176
