-0.639327020503272
0.302094291330386
0.789751393943677
-0.135423811382994
0.046743315186713
0.637976674746586
-0.164447090734586
0.970835255898551
-0.174655782382018
0.561794914387013
-0.982408287760428
0.183598858880399
0.163228483756524
-0.877095753082296
-0.481679632985905
0.161301318340956
-0.684027109077618
0.728595383319822
-0.232837675201278
0.959705795547100
-0.867305464150013
0.340719744609060
-0.658308099223829
-0.726623173220363
-0.140310549993212
0.682736554860117
0.557900050442277
-0.719224709891467
0.314911254109893
0.442997857354009
-0.876532521440199
0.448306750830612
0.822646309921040
-0.435766253926443
0.182991540796219
0.550192153923024
-0.855037273161344
-0.133399506845931
0.966662497572863
0.252260983976731
-0.808502185023372
-0.282980105590531
-0.906277717023901
0.372905586307427
0.712452290324388
0.126956148246889
0.335562278506963
-0.902709503939563
-0.046160177066989
-0.995477285310103
0.863467540766975
-0.494811441837571
0.536575024851933
0.047809720919416
-0.884142636815387
0.313499652305638
0.314004722420862
-0.186476363553845
0.941372508326496
-0.083689732953717
-0.196423607040157
-0.896109982024449
0.816070954880457
-0.268453953567656
0.467805540695022
-0.849492759852736
-0.064764797829944
-0.807430402924877
-0.448057294845351
0.770208536210175
0.498283815164024
0.590919408714047
-0.405315604311792
0.828870760269425
0.301841228964195
0.949012218545894
0.722162063546935
-0.554442805465322
0.856870754504754
-0.132507766722859
0.062313118468300
-0.649061360763985
-0.563643813313926
-0.825893181613085
0.481777172002008
0.431093923151133
-0.325799740634664
-0.835555149853302
-0.638116291401475
-0.729228572802760
0.998128062323754
-0.018917146433459
0.395383982249849
0.385436609737589
-0.983346748178800
-0.135592595040548
0.214246214768348
0.592184209365409
-0.935819646314767
-0.236164147291038
0.143825324801580
0.983803570982995
-0.878042978336148
0.427138505586163
-0.307395620880142
0.465246600350310
-0.394251222689553
0.292532382367838
-0.437667931163506
-0.197892962842071
0.643909424287147
-0.386630438647816
-0.288629546192632
-0.939562859458023
-0.058060120153022
0.681804669801921
0.971792159959238
-0.112530492978977
0.986607994201173
0.103473252665199
0.007875175152827
0.890007941288948
-0.880585981326460
0.025253591809490
0.220983687768128
0.709971816682551
-0.499976685742659
0.836883476865542
-0.509038511263569
-0.587837871224023
0.498481787650512
0.852228842197981
-0.121388123028785
0.991936683001560
0.288797481082980
-0.398546597736949
-0.755015334842221
0.273725021748518
0.214835446469395
0.947267084678951
0.751562496410659
0.631695270244649
0.223038472958057
0.547150967175536
0.857089287550388
0.504072185048793
-0.792292796833452
0.610085057819505
-0.106519124922235
-0.042273369928962
-0.939884947052998
-0.321508028296675
0.567190121565413
0.720434924745058
-0.082296930066771
0.721773933160108
-0.847204133465865
-0.502347985284616
-0.477212228556230
0.458991604212545
0.074397557147343
-0.469897336923558
-0.746797791666646
-0.085298032727919
0.436381127928184
0.628022425411735
-0.597163833240557
0.797299842540697
-0.498669707808143
-0.638326258015718
0.558319059571474
-0.581044356164930
-0.013500698554272
0.989699092254315
-0.918305020921613
0.261908878892651
-0.326013492747005
-0.738054786212750
-0.010408001675610
0.417729432367859
0.215319621576298
0.958134662117866
-0.290243874523696
-0.441355322002095
-0.333032676235357
0.930158602931239
0.388228788741538
0.918855364986036
-0.386799037698881
0.304979872137465
0.732424643167645
0.094716894780015
-0.880637758797198
-0.403137921596421
0.973143685508545
-0.044369166213597
-0.088249706010216
0.927967905181210
-0.847663144316970
0.025630026345448
-0.510229562829326
-0.697642728385890
0.363693828913316
-0.082152023785683
-0.233963801679081
0.784662858110373
-0.961199175041315
0.002932499399157
0.430701357299941
0.640839120347445
0.783479095623458
0.621112902336357
0.327603052093454
0.859505362041763
0.759875264615774
-0.072766314605761
-0.453390021392840
-0.886266461154603
-0.311578431542412
0.646588758477075
0.715182747814435
-0.652826683839704
-0.751278595705438
-0.636204027757858
0.709235167144011
-0.640342407700488
0.819020355081960
-0.194106852984152
-0.582037810791111
0.755804051178734
0.346764575084706
-0.763289893774000
0.764343189158921
-0.610469255230622
-0.276671467213931
0.960964536480131
-0.177674323904902
-0.917822653337882
-0.780841120415810
-0.447478306276347
0.833055544852640
0.126954971686045
-0.528133489691319
0.687024754128161
-0.913998790822769
-0.404634285374229
0.791345943832071
-0.571785273079253
0.629408662824159
-0.256031570439045
0.540620643398242
-0.819499112928023
-0.729683349996892
-0.542629010215371
-0.102711028604153
-0.590259274349157
0.312025783713640
-0.127257120935370
0.302094291330386
0.639327020503272
-0.188335461718442
-0.567875761882671
0.478702830279308
0.601368793044023
-0.158563784332059
0.072757037815067
0.064549041331859
0.806049162962503
-0.033824006878634
-0.004620791719452
-0.439648548808231
-0.103772132802422
-0.754492646839787
-0.415580872674293
0.033480895664537
0.011606510132606
0.143415856349064
0.064678397845317
0.220354158177016
0.288331983073620
-0.176255905898554
-0.087080803116185
0.614246848532205
0.369979128176976
0.388445221447516
0.143435213014900
0.826525511352570
0.146421922873808
-0.173097879314056
0.027366406310699
0.092652147995974
0.353237031161716
-0.545681569882937
-0.605007697511910
-0.033663222008787
-0.499982620260007
0.004196336752748
-0.043708151495388
0.507973201011706
-0.090607415294367
0.081474188183497
0.181560127744227
0.452615869051949
-0.520992078170289
-0.252979746296202
-0.092275439334158
-0.053623108921166
-0.063393806277907
-0.045096529507201
-0.086900783050920
-0.739335362121582
-0.403961255081852
-0.289894511896872
-0.189660058371431
-0.528109429384276
-0.766634222252402
0.025704874699056
0.325811431017887
0.340290505403490
-0.206414724876191
-0.510029702068256
-0.042782875342353
-0.243800956356526
-0.009006704861614
0.306303421723461
-0.500039877644890
0.283400908732129
0.354552388533274
0.573738839506263
-0.270834333112760
-0.198729799074688
0.330452705589598
-0.073742494041421
0.053195170086542
-0.412230658542006
-0.033778892808961
-0.169024228076099
0.468663004893551
-0.744184461069641
0.145003148698393
-0.013926230486422
-0.003487747466770
0.331658496342878
-0.687059988475165
-0.426906764672373
0.115985925150333
-0.098273106967092
0.226662047337246
0.024817397133315
0.052598570058226
0.217894516539263
0.804755929531660
-0.083952827411881
-0.087153564390108
0.593915327352863
-0.500680542433039
-0.211051633564174
0.154678030358207
-0.092332977115361
0.054031759214759
-0.123641601791185
-0.176934958520687
-0.670243070813759
-0.489722124426019
0.572024390577438
0.657098832184703
0.874569376971297
-0.066434645725557
0.283844575994097
0.596095473816001
-0.176728452100893
0.051784866609085
0.220502259346695
0.695090043308860
-0.103406700161782
0.179621658920403
0.104843949336825
-0.070040688522318
-0.441954743542348
0.111802731269574
-0.291374764582983
-0.372869054972716
-0.537143218773297
0.398225302790692
-0.111798626892069
-0.192744460071556
0.610914219084971
0.148695151653234
0.146737805938252
-0.060744746398899
0.036092351714838
-0.004886987937852
-0.164349681673828
-0.854836713347140
0.565735641729153
0.187001712022015
-0.237713781559319
0.004791584383595
0.095877290855884
-0.164080604087305
-0.093262444023502
0.801362449353709
0.015946463665561
0.105142264209337
0.002242214622895
0.007957310147458
-0.383145680069194
0.916551158454870
0.010114830990883
-0.114658467798905
-0.395721590959090
-0.051704039058870
-0.643636317471936
0.240835826951346
0.043826242062628
0.167245084906875
-0.620909841395090
-0.419602389218073
0.592723380812017
0.649877288479471
0.303526392191154
-0.585567274715715
-0.494286830142139
0.413327804431451
-0.059985267230447
-0.064109945167009
0.441268955522850
0.386199196961834
-0.588970456817788
-0.061490526782200
-0.095805096595632
0.105521663158962
0.229655184846723
-0.188090732840210
-0.347589552400437
0.477673359271181
0.733280439713484
-0.536370759427046
0.005947277762704
-0.188626773549607
0.428804940366475
-0.732864445964739
-0.154576698543505
-0.000504202252669
0.069065548103991
0.014600544296438
0.147361945859374
-0.857705216807484
0.349909249170062
0.576321411427012
-0.004219029960689
-0.248875779733096
0.195924394825167
-0.112411636215959
0.324718639678784
-0.160141691597996
0.374420505651740
0.374992773881972
0.362709050836108
-0.348428703161574
-0.530204081906496
0.761486359252730
-0.500797424764486
0.280654730861945
0.149194039215538
0.232010096784001
-0.315653208306046
0.551529341684013
-0.006354721805224
-0.018408877834707
-0.373746202212492
0.119333772303783
-0.389680247749155
-0.515212529154678
0.064979254418062
-0.068898075656503
-0.692401072911668
0.073638391070255
-0.075349789187068
0.238019678524516
0.166109019054592
-0.056856842053220
0.260386129206825
0.138369585903969
-0.361123755260767
-0.401394844227440
0.294076487009322
-0.059255740815228
-0.513190014132075
0.183790306936791
-0.005436243744246
-0.207550535673827
-0.000135637296275
0.000201146072459
-0.351601430675661
-0.049090178157905
-0.168844814649029
0.401922553044699
-0.285834734568494
0.456288723144267
0.471216010255679
0.164400352677024
0.000922289057334
0.029604980275242
0.214913861128274
0.025401396913345
-0.702395218695713
0.211975297744386
-0.155742271930968
0.109063598765284
-0.031956640426990
0.414843029521552
0.705516894591575
0.378537111910765
-0.767256401854198
-0.545676780963676
