0.603700058205978
-0.771537478527544
-0.338581781055710
-0.552014026968345
-0.999030166566933
0.029506587528304
-0.298608286536635
-0.903006788374600
0.574012073073904
0.391796481526475
0.982469764138515
-0.130635628002786
-0.955920961419979
-0.261791856039477
0.699266687413124
0.424333476210805
0.410886487766513
0.911670897912598
-0.186295785461034
0.975620511674726
0.612747584195944
-0.238583172147705
0.989291628722956
0.143505268585575
-0.445731520378088
-0.757210855032377
-0.626173955122477
-0.674823943663217
0.266333776335827
0.961487804522891
0.816069570798881
0.181333743571571
0.941919456794180
-0.225731664342219
0.549333198568326
0.753289861174536
-0.426136441741757
0.876124849517467
0.094950459638205
-0.929386229920913
-0.820721175981498
-0.497942196302101
0.298126090617456
-0.931153344702931
-0.318175441329600
0.917051961451221
0.420058724100833
0.437279258238177
-0.526257882352198
-0.521164228911554
-0.989875543626581
-0.022246264993449
-0.708235580477181
-0.600755177435451
0.137917334332744
-0.437355956777488
0.035747689645549
0.490414874550130
-0.659788850305849
0.748100350442268
0.695834569650265
-0.685590264459944
0.529227725477848
0.494686428068304
-0.507861234455578
0.797873438207919
-0.069756361987619
0.997554628614216
0.788741394695054
-0.565708181275817
0.623689165995823
0.552479140351627
-0.589615403105159
-0.020753641003976
0.470299330192614
0.278714974847388
-0.265494126245053
0.930773666101797
-0.252455391511231
0.846292895091775
-0.689656943584924
0.135501605171859
-0.869171518282234
-0.019463505891939
0.815662090690826
0.564836963126918
-0.389883630781404
-0.905004774204970
0.089034794947057
0.987147588079351
0.031479034539189
0.813927513645581
-0.021627044947930
-0.881236271629516
-0.812620432153823
-0.561354860723109
-0.872592289945244
0.314678855479821
0.666108421407146
0.736848436365743
0.115283787913730
-0.831172660519800
-0.210458157984550
0.643351462184114
0.986751319933270
0.083523815458274
0.040648622414891
0.320111035952552
0.610043308861414
0.645898611723703
-0.700723929551277
0.665682516724148
0.216569073986857
-0.168962295856522
0.168705916279091
0.861791311566441
-0.273330360230276
0.880298211898630
0.748661185928725
0.662870783636762
-0.528976292424843
-0.599173498103896
-0.346362371464054
0.574083545730412
0.613031704641580
-0.565728425794959
-0.192508859568602
-0.570576847059962
0.462356691731144
0.206793697840512
0.039945943644170
0.990836052655204
0.617971665036792
-0.562993084278268
0.892675269791524
0.081014690118106
-0.162415402688563
0.885999524412926
-0.554277019739841
-0.831968693604597
0.558663360085895
0.775892303597192
-0.893420914463202
-0.448860867064497
0.470799144036457
0.845555919465253
0.110072479701937
-0.807289965803503
-0.041511502357050
0.977085816798654
-0.603790197901537
0.298902381961265
-0.288498384242470
0.593569987975990
-0.673689676161621
0.558679226903234
0.398353271570389
-0.899797875989083
-0.466434947088858
-0.598358051316714
0.722306199470148
-0.485951242547344
-0.776054208779813
-0.283519016105689
-0.200518395463892
0.573498910368605
0.779235643076941
0.440776498192315
0.502800946344513
0.395435922150718
-0.639771920589548
-0.283269699402458
0.736693099910681
-0.582514880187854
-0.147358361162872
-0.776900336652524
0.402896942108319
0.864238681117928
-0.816773873154540
0.471105689953884
0.893406623099245
0.290223526323917
-0.200034834622126
0.653972635828099
-0.496068847301394
0.866907754052472
0.586558497420050
-0.121519036465632
-0.978666309654339
0.194065682755645
-0.595491432494791
-0.208807527570865
-0.420037468779569
0.870217613860787
0.155682409703482
0.932217723518770
-0.486533131852854
0.349261532792387
-0.801784488502755
0.596963455161833
-0.280724165370068
-0.355610277956793
0.503960911819714
-0.276765800234779
-0.950064302266762
0.302002361343428
-0.106252748861555
0.536737766698002
0.930362866983013
-0.355259701678422
-0.674930979994076
0.322592898457561
0.981576465947047
-0.073595256709845
-0.268870766216590
-0.408682617766809
-0.517472372879173
0.194191296428661
0.531481682838142
-0.038126854947411
-0.197137387104075
0.710775921333611
0.481863368058897
0.771907627524315
-0.830826197469720
-0.094853232838555
0.897437767360227
0.325682189384180
-0.659251944167677
-0.539657588460415
-0.712178533915491
0.219389785332402
-0.233081316300044
-0.717923956210035
0.239652621561166
-0.969644361345218
-0.223391340013655
-0.876810352038427
-0.609950315027373
0.603366659693113
0.720647525620689
-0.435766494682141
-0.560405766948449
-0.720033514101003
0.222672813019373
0.882765686984718
-0.526017190068488
0.601067332362873
0.048864918555949
0.194649373705591
-0.589477293116258
0.482865832781388
0.027978796287051
0.016890072232216
0.256282732833897
-0.172426773478586
0.692737821298623
0.192665430140725
-0.067250972804750
0.114737970640689
0.031588307908973
-0.129160049677740
0.383667504549066
-0.428679888488162
-0.004419765904722
0.002988936179256
-0.108707605363315
-0.040511159637505
-0.555565698491931
0.508886257123481
0.012750636901962
0.023360917906994
0.456822364585012
-0.138810878455303
-0.002628005387086
0.390527741105267
-0.060208829075663
0.031343551773644
0.176094900892803
0.519749088443649
0.085231722805086
0.233599028365970
-0.358432015906102
0.048103138939452
-0.225363949631919
-0.004906249481252
-0.336071118741333
0.119506690171865
-0.089034557436991
0.265599638590467
-0.179168149818519
-0.109421464221169
-0.155414047178155
0.183375468568965
0.787721858088007
0.108774045212209
-0.076084585974041
-0.667571437033045
-0.020937419197995
-0.138611458044240
-0.171305353816080
0.328861756798504
0.873850891166614
-0.161502928670390
0.810015182232095
0.319516444112807
-0.054753108232122
0.045018172099306
0.213962428793627
0.000565704964674
-0.497005112345461
0.477691606345602
0.253317007786569
-0.203237390028483
0.004290625171124
0.000635160016836
-0.127949552852570
-0.203691378946032
-0.394595371305284
0.387392716297309
-0.742923984518414
0.316207077772624
-0.126654697231299
0.827704712131958
-0.251264783556871
-0.006265777279447
-0.442387786200118
0.156037359741348
-0.556774140715701
0.442736006431874
-0.092146713951146
0.485459603729658
-0.119451630878316
0.037227231644885
0.145817713580220
-0.087717201968358
-0.043628190829538
-0.125335651762767
0.579263013352467
-0.031391627498800
0.309900831806739
-0.356253251124565
-0.154110783056989
0.027903765592380
0.208808788272721
0.309772179806554
-0.059647255432799
0.098975540792527
-0.265157752690421
-0.474924228521629
0.663634510102028
0.318426595693505
-0.023751678627078
-0.137045476480031
-0.751447093570679
-0.575503153528575
-0.434318918705264
0.148422442849797
0.244793946035532
-0.076997957546767
0.861915424801672
-0.426205794494070
0.409490993329882
-0.247328072613547
0.386110743399803
-0.035833868556344
0.009680375554825
-0.003878558198293
-0.277532413847947
0.533058121114517
0.701153354010915
0.242580222430930
-0.547521092865193
-0.066061563859027
0.797957643095619
-0.025416538159096
-0.379527258346738
0.774223298743126
0.126674791167780
0.024530300194439
-0.063428418678525
0.545093243372580
0.114195440761796
0.428400378147494
-0.433578349222929
-0.025216954508849
0.023009382206449
-0.008697504277491
-0.027880178113099
0.291734603680404
-0.016929639300716
-0.006031494921814
0.222314869880588
0.118150123409953
0.327559301969056
0.478405543465781
-0.148961546753256
-0.146255117421050
-0.051623605334241
0.737176889456119
0.592992160298421
-0.461306459404460
-0.175331079940263
-0.450864451988661
-0.003168696983730
-0.177956210215123
-0.572411891015901
-0.311047760934361
0.334195755816327
0.361162485410704
-0.304063811721104
-0.474238369328371
-0.473647424731307
-0.637612335147313
-0.442999225297380
-0.047535014312688
-0.351153613761617
0.683749061695905
0.496695902198377
-0.513559488048797
0.079941375651097
0.334019561347432
0.612017743635677
0.012069042202403
0.299608897183451
-0.031623801602995
-0.175282444016580
-0.283224175953928
0.328575630629812
-0.098147672039310
0.019228050893955
0.729339522159993
-0.031105704087227
-0.037670676580114
0.755828411522681
0.264396795018205
0.051681881268307
0.043356063851674
-0.745763530397072
-0.213602731688385
0.256689447017235
-0.020008926449879
0.286360089324534
0.157260937643280
0.071025679469154
0.797657348851567
-0.019367008216548
-0.020029632806500
0.257411309353734
0.853507288197100
-0.728134133928916
-0.373155161006560
-0.054848362306917
-0.056249910698722
0.714634386109809
-0.435798826695140
0.004618038278196
-0.090521565524291
-0.528748612528206
0.401032291540822
0.009722341507729
-0.176059239360859
0.853869076765782
-0.177748779890391
0.796675614689751
0.244581374304872
-0.730399520895161
0.427305632557629
0.565580197041692
-0.368854281488525
0.385045866003450
-0.153967497110174
-0.438236855967194
0.329665211828711
-0.124781024106610
0.270122678159987
-0.270567310628588
0.448274348750229
-0.638510280131077
-0.192287493323715
0.042376338535112
-0.654570499659073
-0.034310433185333
-0.034339884462822
0.009046824573520
0.425697158471008
0.397927493390847
0.324904597031900
-0.400419891179044
-0.361162867246041
-0.324929574886769
-0.248833049063393
0.413337969017856
0.017125524594373
-0.479300087865519
-0.363724350973009
