0.952576632224662
-0.038031769815227
0.873421751537895
-0.486964520207042
0.068779398202141
-0.634808198307028
-0.869734606276879
-0.116744777266845
-0.486964520207044
0.873421751537894
0.701804318404983
0.295435890375110
0.063735076003537
-0.935408687922915
0.486964520207043
0.873421751537895
-0.393369601938996
0.293026074504619
-0.144577148876550
0.816279847191916
0.873421751537895
0.486964520207043
-0.607750831872333
0.626972810985972
0.133877421231391
0.270607058867051
0.000000000000000
0.000000000000000
-0.703753788183731
0.311478011041204
-0.410958779952988
0.247073375346007
-0.000000000000000
0.000000000000000
0.086433203504887
0.642431034958824
0.265730005665106
0.224356837948786
0.000000000000000
-0.000000000000000
0.587588594401181
0.643533775073549
0.231887998496433
0.508932819971741
0.000000000000000
0.000000000000000
-0.361440072983734
-0.326963444874728
