-0.202646856631557
-0.971694585960281
0.057029793968065
-0.920197496491288
-0.757760343318421
-0.063214739127116
-0.643564775414744
-0.517753722358022
-0.478285017072519
0.723328553860636
0.347473915521167
-0.935182059924275
-0.799942964387846
0.276086581855337
0.721826506020114
-0.661238378852745
-0.338764531216260
0.673449196808659
-0.474959626693759
-0.848039247073964
-0.913511422304217
-0.050408508315318
-0.455114089011849
0.035007056375170
0.551576145309233
0.822434540493007
0.681392746165686
-0.514764592032058
-0.494074869316669
-0.787284573652089
-0.541483703967426
-0.557555680870155
0.921894887143088
0.055468096656475
0.866681313858265
-0.033887519268926
0.967400271956733
-0.244034631766519
-0.823810463239497
0.010588069565476
0.931120594080568
-0.291463676878824
-0.396796821352610
0.438907880337575
0.490806456291254
-0.599813249749735
-0.089511170333730
-0.448751655784692
0.738650111779551
0.579453853961637
0.323795737152069
0.634000944534327
-0.421754563425842
-0.175299881614659
-0.870534338014274
0.491111521863328
-0.086666977582100
-0.995884892148958
0.867686132015764
-0.313732853956959
-0.831712710955754
0.041739816911408
-0.780222020697325
0.625126197252588
-0.962375495372973
-0.207754235467787
-0.864205927792251
0.235828261522809
0.095617350804898
-0.951753972491045
0.583149077736187
0.514713824030558
-0.005810155533758
-0.508182613772139
0.933552993777837
-0.351754406748337
-0.372538236738606
0.912811943414934
-0.689234805882198
0.712761315733423
0.356604752857774
0.034313603677002
-0.852353259883961
-0.384533401697379
-0.369877795456605
-0.466186142232032
0.478123299204074
0.821682134760913
0.828079054842044
0.536412225882637
-0.710878020265190
0.437667087464306
0.844900227273642
0.418090136997089
-0.615189708538853
-0.733414347254215
-0.160248807981029
-0.949213965989844
0.048661697408054
0.984773833069931
0.242152626299898
-0.968358704095614
-0.175079453149513
-0.823627185850046
-0.311405548666434
0.924478417030480
0.367366850302128
-0.801981473551983
-0.557576084472141
0.556659400024690
0.931570546347387
-0.273449759653556
0.628085256383037
0.697444418613148
0.426000262883924
0.513867598673863
0.504863779866582
-0.767750828385631
0.490089898061979
-0.870281891056035
0.995638787647779
0.086730501806657
0.049970036936275
0.686403646114211
-0.205255140085215
-0.841801777526555
-0.416322123434743
0.493231843919557
0.191977352538175
-0.975881281882542
-0.241072362408933
0.447738363751800
0.955462821496487
0.136205958165405
-0.772562013857360
0.337013158721886
0.046810588817689
0.747070265881208
0.353580959014241
0.928176963536577
-0.914974825646368
-0.378113533159546
-0.719850680381199
-0.684199709734045
0.629818328709586
0.727971896804345
0.347656666229055
-0.821479680067033
0.912007399420869
-0.018470086059360
-0.813214890990923
0.282395029892251
0.481986726288727
-0.804494438122045
0.479654897494877
-0.169831190439184
-0.456220874290834
0.241819527067292
-0.268362732179607
-0.018711547703720
-0.962435203350506
0.089887697906165
-0.763222592342749
-0.057347490175933
0.961451019933973
0.232058374450508
-0.453731521770828
-0.410147419705575
-0.922086982545078
-0.251652510036609
0.678854383323138
0.415503456716571
0.539600472553409
0.570054967410917
-0.193537952977983
-0.902280831176456
-0.647722694236551
0.650128919509624
0.603262646350339
-0.235331327320197
0.768604186938327
0.503593635071689
0.871090927796358
0.491023017719469
-0.086436456569376
0.995934500586202
0.850284122562322
0.151685561840838
0.478908159326806
-0.464652752805730
0.780097596245014
0.625160862767356
-0.966551103421151
0.205994774996756
-0.744175602707894
-0.296893947433878
-0.105043428039141
-0.954407945018345
0.615457412521227
-0.332065690759122
-0.159661819334729
-0.554118240076752
-0.930302359569551
-0.340415945965375
0.232103235571032
0.279597369205603
-0.677561050763821
-0.722655958505046
0.311506773452476
0.533879817160789
-0.873154608660170
0.458100831911025
-0.002338082684205
-0.907949295603622
-0.422906575951424
0.321220016738107
-0.816908077584024
0.555805530361589
0.713711229197121
0.404774137781958
-0.828944387051424
0.455360917751545
-0.573371261084278
0.578196326456394
0.096581421915988
-0.967519575396506
-0.005092081834321
-0.948604548144712
0.242667270593735
0.968232425697544
-0.516747471503939
-0.157145121064794
0.241977219434538
0.916625032653619
0.296488525514067
0.876836398276605
-0.098227124552351
0.681317749840252
0.929984277480554
0.281056901561820
0.587872591527305
-0.304458011251274
-0.633509192078460
0.324619633983059
-0.568733690156411
-0.696735939971892
-0.491155840471156
-0.871036275979988
0.994508398069180
-0.087428173790349
-0.266185081669567
-0.876592967311308
-0.318937574075711
-0.551883247091809
-0.625233447439363
-0.780106595259541
-0.079334193093067
0.091923712496280
-0.353368803378422
0.158476051345396
-0.584057205150292
0.284042848815227
-0.454242166876472
0.333795621093431
-0.326217216634594
-0.376326418398975
0.066658059373153
-0.015908989558857
0.445432809500509
-0.292330404279652
-0.043313209829394
0.199635336033635
0.554935306258246
-0.351783424248025
-0.067387118277095
0.225170523655867
0.015517539300527
-0.403379560195120
0.736087610079107
0.499820670115682
-0.101006220647181
0.095723173372167
0.158651821259871
0.495530967623396
-0.190880045064607
0.315654608702768
0.573144124660091
0.259678403866691
-0.320779343957104
-0.210080269904605
0.479851776084647
0.132126489528479
0.044417483780192
0.051096961272228
-0.142620523219093
-0.548528577010089
-0.021708939670610
-0.218156105295507
0.805670631366118
-0.028407549985220
-0.556670751163646
-0.299083203617964
-0.350452027577782
0.817186073169755
-0.146544547641010
0.311695266331963
0.562748330877911
-0.420135024754966
0.675571379245780
-0.578788693116338
0.030129668625875
-0.008464189248254
0.020932486070945
-0.016246464634889
0.124734960239584
0.364874858478318
0.234617481169229
0.501464247627524
0.013492471099703
0.016993797430979
0.162913247504461
-0.064271746034868
-0.353536210070813
-0.269342335336704
0.274758251134067
-0.097619677864230
-0.198720336325701
0.596252513971953
-0.815299405301101
0.277495140260261
-0.056410587125764
-0.039566283647696
0.150904217341659
-0.072232508714866
0.043291026723914
0.122688940657573
-0.670797164631986
0.649374153137952
-0.208574241934879
-0.286574194486380
-0.168702637695160
0.785748253102527
-0.150228871276099
0.271418249953959
0.001859891070362
-0.162921894356614
0.071342733662439
0.545903082248055
-0.075594962187271
0.325007146060835
-0.001458245447013
0.289210807664185
0.146876363477393
-0.227465382337946
0.127474965559956
-0.107715690879322
-0.058679691827299
-0.014149895596044
-0.519968711761059
0.143589632645067
-0.188349512503596
-0.113537226689017
0.241700442979126
0.404287285531190
-0.371874197432917
-0.490865362062237
0.035502302355183
0.236941200830340
0.196379053866227
-0.283752464063712
-0.630066194797316
0.396838074319508
-0.332756536267217
-0.212000747318140
0.030379293200414
-0.038709436345348
0.028007512581026
-0.019919935407789
0.478523620207428
-0.545314748483187
0.459465192314405
-0.195273735748613
0.466449532564127
-0.604833093715290
0.101836540940463
-0.020730140206974
-0.264241941385609
-0.819506357583760
-0.047748398202111
0.257407894531908
-0.152581733045363
-0.516031859805022
0.577366662201406
0.326102014696521
0.017801498215297
-0.114678404435532
0.036627068620494
0.136050293345048
-0.070546719034272
0.093321570861578
-0.161292948127095
0.217647364259296
0.330168271617672
-0.308698704371211
0.056833228750798
-0.405797170310861
0.295523471829815
-0.414246865721912
-0.286470439663808
0.195990259735005
-0.509692570463072
-0.693759345650878
0.268473148746373
-0.813208459493915
-0.741381030177875
0.614805245628257
0.162306072837517
-0.198230723746002
-0.631636454784770
0.123442006201545
-0.116501892374005
-0.090488431241719
-0.702441354302212
0.363982065528594
-0.130997486035510
-0.263184857971662
-0.587826658252509
0.144822040957966
-0.509229102694232
0.352922633334138
0.305447567164671
0.234806614391077
0.384212782225875
0.100837678287652
0.239312705093281
0.723479630038771
0.209490487519256
-0.334297457625839
-0.009182811175128
0.003559151509746
0.021526241569859
0.013410087312117
-0.213970281397071
-0.456316907342155
0.719104321529340
0.193994249909877
-0.023092840116821
0.009399826172013
0.135963217503360
0.069707392976102
-0.564182008545155
0.199387355530453
-0.271695480819377
-0.065214403424197
-0.031854946256146
-0.714093700288948
0.799401964860693
0.168575140628238
-0.096521326579911
-0.096634036586905
0.328225013699729
0.871906955788619
0.133869007999753
-0.027540457914545
0.693128126840911
0.370822424758265
0.087108090822338
0.141974778362985
0.406193235587873
-0.103100268403640
-0.269022378157617
0.803489072056510
-0.134639499077231
-0.074924031429705
-0.029276679849081
0.570891456161171
0.180332262754498
0.270144244377429
0.222309954265541
-0.536202097412354
-0.194949557461974
0.128734495030008
0.135973084782650
-0.285718046606179
-0.056872149771026
0.020102840367969
0.183442992507584
-0.821356274779513
0.272280163002855
0.164648375705986
0.325239465333649
-0.193576277175918
0.663259882370104
0.293673090686206
0.066791605511962
-0.227321673310258
-0.295138190205495
0.688915513106009
0.421284601123933
0.561967509417271
0.204976535887874
-0.386116095712109
-0.005776818299209
0.005326787805525
0.054663112456566
0.017924975149757
0.400573636436000
-0.016463102665057
-0.389596511810951
0.664769330976422
-0.013033496203239
0.018626975395293
