0.550964663066929
0.558443060893752
0.164889140023742
0.984915451198830
-0.450881847998135
0.591041116622063
0.687636021397399
0.164792906633615
-0.337479657830371
0.305622577336032
-0.580230950139810
0.810551617050866
-0.895161878499689
-0.139085739289583
0.826287820543056
-0.464967057952529
-0.985008759638402
0.166402068897969
-0.529390267879346
-0.737845018567005
-0.936984999324916
-0.196404232411988
-0.814329573263704
-0.578458190400967
-0.421792542195437
0.568834805259343
-0.115320433308210
-0.609327896499717
-0.048919188697774
-0.018974679686019
-0.666451136284136
0.056734826636867
0.164792906633615
-0.687636021397399
-0.090316834600077
0.885745556105702
0.001398863660991
-0.079600023721962
-0.054643497923981
-0.419945778097375
-0.019686933112062
-0.317279840686133
-0.013275086252066
-0.043495597329998
0.268876154327610
-0.320992657991557
-0.003075870381701
0.288920451945063
0.014051113424393
-0.045343514174875
-0.133380473697801
-0.693345271066317
