0.761644215540383
0.086162201157821
-0.055086468305446
0.802638710137161
0.272445466043203
-0.961598539461625
0.062413088638194
0.125523507968575
-0.541483766226005
0.126414179000171
0.818342204149560
0.489214753591946
0.748167107452575
0.189275025714058
-0.200178655619449
-0.943961562601557
-0.590987814399232
0.752941348899676
0.038211889712594
-0.889165802530178
-0.788400792022876
0.545328610919860
-0.514167341972248
-0.681762758221375
0.469136110972626
0.725851336276501
-0.608500791972897
-0.791978421563276
0.893527877761715
0.359623971267968
0.269233244485348
-0.583084577132175
-0.501608747931921
0.318001959108994
-0.017726593589970
-0.028062159885993
0.920171042206758
-0.365559445778704
-0.827391500931906
-0.078981582961232
-0.249649641919850
0.169292699384534
-0.323882477322610
0.547285195168259
-0.006559850239797
0.262339555786100
0.276448496580037
0.085959043080948
-0.454075475106110
0.041707193655506
-0.030880784456613
-0.282996951222556
0.230316419623109
-0.466675296971639
0.500206881871151
-0.053331251024496
0.043047024608025
0.025375571301837
0.255298879580169
-0.084267508787264
