-0.744389776356427
-0.616597843807716
0.441437758099265
0.889106561965933
-0.600259257943566
-0.650052439822714
0.397071895772839
0.808491089050219
0.062075952002598
0.990731389315465
-0.337482890683846
0.898348471863408
-0.426542715156333
0.107677883612894
0.384785486845029
-0.789259737845702
-0.629551547621573
0.748749733978075
-0.874304251409886
0.449671988651849
-0.674559264333472
0.509753867675546
-0.728562639164600
0.486986109843426
0.990329607486351
-0.060018934986935
-0.908722798576993
-0.271183214016178
0.899241050082345
-0.041963902512049
0.830439566448456
0.085376292935497
-0.095861003776373
-0.237700710606196
0.096071899042383
-0.073433081154229
-0.424557467698206
0.192019804591252
-0.390828648318584
0.189549561242497
-0.119880008391822
-0.015055696463346
0.025979734969961
0.280000669583567
0.096874965702406
0.892794504098154
0.324025367029500
0.352160129558368
-0.200896435255326
0.051762023306155
0.177468227875538
0.043499502102973
0.066404659298963
0.529821870551883
-0.398476295473575
-0.270661507382811
-0.031978560112657
0.120922982398245
0.244240101565987
0.202556936611139
0.006487450502493
-0.435387732623162
0.239411397205173
0.495745093742500
