-0.838967610071275
0.537672346390195
-0.704065955923013
0.180975553703939
-0.781363287543969
-0.229603159464211
0.600183412930433
0.798328807938911
-0.572383948473418
0.762122835820430
0.795118141070046
0.542604315608599
-0.969025877199461
-0.228669927401212
-0.869452448394919
-0.119742585417866
-0.084192995728842
-0.770771595497529
-0.167721663631197
0.974472389243640
-0.189135707393883
0.892207514298914
-0.792617243455047
-0.514201212671569
0.651915250413240
-0.539619242980988
-0.191167410774992
0.828224953151350
-0.977695012681352
0.189162566785432
-0.537344447390299
0.817524420406827
0.082931211143538
-0.761401845991887
-0.489195307113140
-0.372827048848442
0.962342127290733
0.004055539473618
0.227430295325351
0.973672294372954
0.014540548606050
0.082646050267333
0.412888258909460
-0.548691410837168
-0.032014314969577
0.579421164335202
-0.007147708540302
0.048988728506024
0.088935397828687
0.289198709651439
0.269438523713583
-0.027759329301755
0.056524755465268
-0.074188042430916
0.204981279131101
-0.433239920163531
0.502666789107485
0.382294109518794
0.122421486775060
0.085357985721073
-0.220177857777055
-0.345998766705715
0.114825381037102
-0.306871553152935
-0.474457503245790
-0.242296629149148
0.497780195099246
0.172375535973022
-0.004472046637557
-0.091159126279435
-0.080317921649433
-0.190954964217253
0.641712250803937
-0.039937830518917
0.162973287728135
0.771445170204937
-0.027027254448473
-0.270463879581178
-0.014393048547658
-0.005528480101774
