-0.241535900918398
-0.886283479078715
0.943890109667226
0.124304419550505
0.146938094074335
-0.790696754117446
0.541183346333009
-0.830435973724051
0.820497163104648
-0.237320186650149
-0.058567202664264
-0.777552124384766
-0.161861914538483
0.959180324798170
-0.016249853709236
-0.787767192735438
0.720098021045609
0.586515450418031
0.932673830691209
-0.035074929207590
0.838175167246760
0.536810968653129
-0.580131754640604
0.468154639534077
-0.638721100595765
0.189677093738172
-0.814661426887572
-0.159566635417367
-0.861646823607453
0.498666405451174
-0.929868502422047
0.261738017138089
-0.911382979829480
-0.333323217461403
-0.226988394554795
0.955860592619286
-0.554330552461959
-0.822033757350991
-0.735981759217599
0.565323873186625
-0.125395881797041
-0.991588214723235
-0.468246218647063
-0.688925273501346
0.391637582641316
0.052744735685503
-0.242703993760708
-0.186318661344500
-0.590568363703585
-0.066609663941554
-0.128208001738179
-0.032548233240803
-0.058785524737960
0.516727971399696
0.558589360052474
-0.282772883199554
0.231709305021260
-0.009199081942181
-0.408583660414644
-0.460671449892791
0.040726347579701
0.368510286314980
-0.291183260816129
0.210003770217001
0.026880519261833
-0.092594873663559
0.243679742148843
-0.620401937462002
-0.435385274209028
-0.605390468017712
-0.279933290642626
0.482185235353673
-0.049181388380177
-0.080484523223974
0.228051393556112
0.121779885388008
0.178898027623880
-0.162086990503869
-0.175373099060764
0.063648034853938
-0.125316586820071
-0.035691643985664
0.248696986011853
0.277289699867955
0.028723270804136
0.014270913237829
-0.552305186663605
0.032960992677761
