-0.180321532622326
0.967636261894542
0.138398185978882
-0.663495521590124
-0.641786624917962
-0.027526807758273
0.294631022566320
-0.835539674716778
0.425473548755060
-0.525393544208181
-0.582514530742638
-0.312820851252775
0.097324968459444
-0.017222055501944
-0.859844609231173
0.265960764980569
-0.690688511982368
-0.506339267599555
-0.029376032708470
0.756619636085710
-0.176716340099425
-0.953490840502675
0.123856979501479
0.985356899560272
-0.964940361768950
-0.204713017248718
-0.462942779683542
-0.883304502004626
-0.422786571764974
-0.784978347862160
-0.450323861104689
0.253424133104378
-0.760751838731957
0.648965688186698
0.834744667604694
0.332706441378503
-0.859009071459206
0.430584145391319
-0.926009929693905
0.358068565060157
0.648430244304277
-0.685678958026733
-0.784436770371847
-0.029149468475409
0.783876942137180
0.618356069825026
-0.911744758941294
-0.344371616468760
0.947839644277622
-0.048550547264562
-0.635123096212763
0.311117869548020
0.059636676683081
0.166155578701682
-0.720663980999755
0.145818590849003
0.161025844832410
0.749281576062737
0.218633084526991
0.408981157103747
-0.158121247111196
-0.719674616911102
-0.697059654007053
0.277358568013934
-0.463395000153884
0.880622691707997
-0.116113628489301
-0.420059215761409
-0.125911194325156
-0.500715784298779
-0.492359074262436
-0.429239230480248
-0.241683578118592
-0.034865459801381
-0.116258060175621
0.014672851186458
-0.135754126447898
0.092485112047848
0.073659441500271
0.005605903593839
-0.421198686663436
-0.166289429837888
-0.373780580918258
0.770241978996516
0.006941468962496
0.007210508370088
-0.084677429609912
-0.430508416509412
0.210433190314836
0.180051607330621
-0.101761635271194
-0.062746174472885
0.253294347354008
0.212660664885107
-0.233213615858960
-0.573951802117718
-0.008245744227159
-0.055719998190527
-0.047931975101562
-0.218705761416195
0.260711134062260
0.176840486518083
-0.152624517953702
-0.690311582131152
