0.347737955932955
0.452438076250912
0.777130678838809
-0.629330997900238
-0.313044098285549
0.890462511595279
-0.457150816844397
0.635607396458456
-0.871953256917821
0.403408045542880
-0.383779070916368
0.596716087869577
0.190833971989397
-0.845355150234093
-0.843922658282054
-0.522408636863256
0.117414964548972
-0.976413622143644
-0.682009021010893
0.370027713357131
0.605705979036785
-0.741520115009309
0.985806867448507
-0.081508366278086
0.011935866286013
0.324490630917036
-0.343107696370684
-0.618285603299824
0.544652961089706
0.613479826974635
0.629332568333062
0.777135755338660
-0.947968194809576
-0.271940684115664
-0.394750380790057
0.052052842767529
-0.456546320350673
-0.826652908073187
0.740824927502509
0.308439025895644
-0.850826589653972
-0.212877262204275
0.524755535800513
-0.833126452964018
-0.625413830303576
-0.185094861649578
0.330460056213568
0.760999471446181
0.499062551540564
0.596671224648451
-0.091725505171939
-0.982012390507722
0.938081792251427
-0.331001678355506
-0.644477163431214
0.508947233981678
-0.002879712723581
0.001452702327588
-0.048045286247448
-0.326759174991944
0.608068904800054
-0.131409951073221
-0.075963749131927
-0.266812622189243
-0.255751509237128
-0.656684628057584
-0.479617188571034
0.137566047899405
-0.110909312060639
0.050822115924683
-0.144811858035279
-0.108902205508718
0.583666650498370
0.239324941666074
0.157644374457958
0.241694925882672
0.017707647830109
0.145697101983407
0.343152547741211
0.881368081179358
-0.618285611204661
0.343107744623541
-0.408755028917374
0.399893711136027
0.000365603071505
-0.000634463487383
-0.032424549319456
-0.162336731991280
0.515206229877541
0.758963226461793
0.159663697287078
-0.287607250807458
-0.488347454100236
0.342871051809956
0.098203076333009
0.470248382637236
-0.011193492618667
-0.174375017537793
-0.757694387956661
0.022285589848911
0.291535709484458
-0.476112261763288
-0.599337217348939
-0.188983912613667
0.139490851928503
-0.088206569021372
-0.045895647015395
-0.091290906213195
