0.250557346705639
0.860857609668310
0.728806272916979
0.029234910567625
0.983842029201841
-0.143789506576179
-0.258698968258982
0.897665757489823
-0.001806342139030
0.616019655501430
-0.273849224763629
-0.723924686816756
-0.910642654573123
0.390554553821738
0.476299128505933
-0.877347805102504
-0.707742210564916
-0.016193017207756
-0.970793218273532
0.057609070275201
0.460714393698289
0.325959860164961
-0.682116256248540
0.616242744887953
-0.824879487919792
-0.520010799272701
0.751231168855812
-0.659449383490953
-0.651779632777378
0.322071663152308
-0.856815601155312
-0.171785221750587
-0.287081689555681
-0.655705444568726
-0.034469783045906
0.989847536084027
0.016704285806571
0.746110644932408
0.952000307434514
0.231873063888021
-0.723738002213277
-0.625585866463512
-0.542187353881173
-0.512395563892068
-0.600262745767962
-0.782406781603544
-0.939842056141380
-0.301637892469009
-0.038703090545510
-0.402937416774583
0.843219285415818
-0.456758801755812
0.327693295213359
0.939513856543309
0.223514650656025
0.700029818903617
-0.324314305275480
0.301604746782401
-0.419269362610129
0.540555212848290
0.030978607763040
-0.102077251313142
-0.354142891743432
-0.043056287340644
0.291004458872670
-0.732006097023925
0.610019450290232
0.169752526288194
-0.020106541831412
-0.133389741497242
0.057742006323345
-0.008113554835087
0.337308524304942
0.620533406844158
-0.034347775029290
-0.230351802091243
0.566241692067425
-0.600718539055584
-0.030892230448212
-0.392438482354077
0.007735937963636
0.221591412994210
-0.026945978213837
-0.007221898021410
0.630644142436835
0.271553161832083
0.035785089190917
-0.484846667098539
-0.390643144264393
0.578819840126454
-0.107305958229523
0.086597463551734
-0.663883795011177
0.047939327026927
0.141281566636701
-0.141314598737896
0.287870300169057
0.044455799554270
0.013141896301155
0.665816003079433
0.021403233721947
0.164517979960046
0.044115056982275
-0.154160154003067
-0.593101449136867
0.695969956231589
-0.204515263769061
-0.196280769834701
-0.096772570191119
-0.023788385694169
0.052558319360406
-0.676193076461076
