0.778436788973865
0.542581469436120
-0.207922643090633
0.949334185358116
0.723693185421095
-0.363817623846244
-0.920415193276151
-0.299166229464910
-0.060377925506665
0.584856738038227
-0.191839362777296
0.131290128511642
-0.590125653863442
-0.428306158248208
0.473536933255166
-0.247036249426625
-0.490319702501792
-0.686168312081617
0.946941539758202
-0.154212580543744
-0.320115350895409
-0.945334077029826
-0.904468193745355
0.366709721906556
0.805878399942444
0.581826357702309
-0.505705959994464
0.861396114987706
-0.124323213832303
0.855532592437683
-0.668559801857589
0.036371798170255
-0.032506582990343
-0.919098693657425
0.545039152645908
0.820072984140473
-0.436129158272456
0.194089114017141
-0.284200269281662
0.654602952307441
0.862441995438793
-0.468668527334897
-0.615230317790973
-0.018633693092409
-0.182086529028315
0.580555858002691
-0.988487123219529
0.038126585701509
-0.823154566012327
0.280234491310206
-0.756857973209493
0.649012269706520
-0.852903595714048
0.175952905144903
-0.600829304071545
-0.777179648002850
-0.578424440080159
-0.213110513480807
-0.309660261370337
0.061253874364441
0.177060825512899
-0.155506408451028
-0.112360952373281
-0.575569219413018
-0.177811915251877
0.178096496115544
-0.689175955661517
-0.423477985520890
0.129007851343393
0.964011169715558
0.659961362072752
-0.180987701322450
-0.022127624855148
-0.845130896684524
-0.226291794715367
0.487392716890720
0.200132835665733
0.198663153027422
0.061031161247674
0.012035043998130
0.078127570189229
0.203365063711933
0.079824698480776
-0.075273577711731
-0.042953252773463
-0.020328137798208
-0.394727788009058
0.311123279670199
0.417779555894259
0.614137709569115
0.104582358491566
-0.378501576841957
0.174115138242466
-0.009825548370283
-0.375559608035860
0.794402765564515
-0.615824119767839
0.333894946476851
0.142647942002130
0.127260286939206
0.087391265771479
-0.783267009530859
-0.375063254085982
-0.699376112774531
-0.098314693413518
0.108507104610396
-0.101114096561850
-0.483385074045165
0.056461914502661
0.052546497222020
0.296145024127332
0.392293456832688
0.120957933876879
-0.142706413070000
0.780389454307242
0.104887443328291
