-0.076490176126810
0.746680640530973
0.437146172969484
-0.656196433610370
-0.079197639833374
-0.201773636406155
0.734087127162130
0.050573636664273
0.119999325297054
-0.990205844033330
-0.480063211588967
-0.252561196808851
0.509821978361086
-0.142038471507332
-0.403100813818061
-0.834451617886925
-0.801456872953853
-0.022779588805567
-0.921700101175055
0.259968840897764
-0.639104130633759
0.660186025373510
-0.187361106180401
-0.980190934416977
0.705818241966944
0.291489050053964
-0.859529786999355
-0.157100787164320
0.550821747632658
0.488652392485435
-0.835747508571551
-0.524242888024022
0.557479518895927
-0.815747119311030
-0.685863409158893
-0.692135535068628
-0.971102113972377
0.117233268363243
0.448308424238960
-0.603636125533277
0.526693728152355
0.016841109674568
-0.797822955966904
0.596660582318026
0.107715096164606
0.939679868845506
-0.863976491107404
0.455187743527707
0.758823780126419
-0.103297931464614
0.611412606344203
0.776428468093845
-0.320118857763470
0.119560183400624
-0.902345598700283
-0.380689895953873
0.583833483773493
-0.460388122761052
0.421944113218436
0.892385218917910
-0.577613201606427
0.320905380669005
-0.099829235244364
-0.606913163282598
0.381458288140237
-0.898612657325379
-0.354006838934932
0.577267316757755
-0.069953776355490
-0.014107357800038
-0.744670386844765
0.388867804918119
-0.839263664061203
-0.124672070562791
0.260223591849957
-0.271079164728345
0.224109124102788
0.554006382294250
-0.240948595985555
0.157571886289263
0.314461243528612
0.238357815954990
0.064002553510393
-0.005022063498174
0.227114402298147
0.604378847474070
-0.449420461490372
-0.185873980769164
-0.359328708157715
0.573321132653308
-0.069289000618487
-0.147968005548395
-0.036997288010585
-0.149681074378772
-0.219097140470427
0.050360978047354
-0.097164716072097
-0.183782651460580
-0.480650275293385
-0.451240842087624
-0.321681852215399
-0.786658044963104
0.063571532613535
0.058594715472579
0.323468906791786
-0.027696001221645
-0.147918427709337
-0.156425316684638
0.473217864939607
0.435408842780879
-0.024486247354386
0.150777592590325
-0.000384060346171
-0.939802709054975
-0.076498095949452
0.187071283047304
-0.332131680072792
0.580404847272562
0.157052192137111
-0.030763538841778
