-0.808339815701493
0.578566650457315
0.921889971548465
-0.180088962057889
0.165602860061419
-0.843360370627818
-0.167964759948118
0.854997041984666
0.717363024002470
-0.273939989011404
-0.779185883444193
0.064469022978598
-0.011314861595798
-0.717328651995130
0.125473516656867
-0.882428475385781
-0.828426299264139
-0.148383693753423
0.565694726356474
0.772008658960751
0.483519996989539
0.875333307742124
0.083841806575626
0.984018756542410
-0.265895034912428
0.947944379756622
-0.716780429272521
-0.110128868307106
-0.788602336850233
-0.589858096605257
-0.421484102235609
0.708527517098995
-0.586763414088608
0.423207479205153
-0.365326541182333
-0.738283201515552
0.631288773199646
0.575005215349072
0.723847048567821
-0.647002035862160
-0.843665237757759
0.216205155207472
0.999820886293369
0.018926047976952
0.107825137761964
0.166837983153131
0.696678514544299
0.689147129656992
-0.687964189150262
0.538824466989220
-0.916326267858809
0.382339768564423
-0.637282020381060
-0.245335924630830
-0.368091246237142
-0.882271318551048
0.720677532444738
0.284258144209799
0.703544770102572
-0.060448751985570
0.226818447253336
0.957801169092554
0.098511751764377
0.439197050666502
-0.516300884842854
0.856407260775406
-0.063179565332668
-0.088632476297654
-0.249241977443041
0.235722894059033
0.364302466886783
0.358612172986628
0.029815029557362
0.489774398703665
0.406198430885141
0.495328183087651
-0.540274310366602
-0.311153938871695
-0.646414752897476
0.259729756035793
-0.380310823561238
-0.246860405752438
0.455560167506059
0.290098396923293
0.228288261534527
-0.178540126323583
-0.000112319052352
0.000015902815665
-0.118831389936376
-0.102745992664696
-0.169344694336813
-0.044985084158233
-0.385263495766380
-0.570674589768254
0.042521895913699
0.168421104827986
-0.486531934158197
-0.289182617251556
0.241539484761138
-0.646732404270286
-0.518718980553770
0.228921497201459
0.506575757479578
-0.119266462542688
0.001064660279803
-0.239651168093053
0.441606569166102
0.215564225998196
0.000001991473873
-0.000005962466729
-0.899914280777140
-0.388192110040082
-0.057462688601758
0.190822746224175
-0.452166736641793
-0.178658082647602
0.086696038891628
0.081524652998654
0.004468345016142
-0.730521693365355
0.250836588723480
-0.152273309097003
0.399991985461938
-0.489721975457485
0.435210402507116
-0.558536131682007
0.175297056293124
-0.021006059256505
0.459687097534521
-0.765564600677466
-0.000001268334894
0.000000208442820
