0.929351633489769
-0.344415053973976
-0.769830092913168
0.557264156013774
-0.690526343514422
0.720314008286749
0.804226594763419
-0.304313339510288
0.477805193588579
0.229719252469581
-0.456483827358056
-0.552808594905340
-0.594600356296229
0.141095455776514
-0.401377231525821
-0.050418966566018
0.331167886987651
0.857284957532979
0.047274739925513
-0.632009839072811
0.459175715213144
-0.886943019056758
0.664869445122414
-0.696813362365247
0.856480833412776
-0.461240758285055
0.866933183530849
-0.062432938474845
-0.480837367697674
-0.744734980572524
-0.763010245407338
-0.306723688757007
0.051583639450356
-0.916155682414247
0.101838047857356
0.629903114882019
-0.418556985124152
-0.905489315151463
-0.673669273666083
-0.733767753960338
0.804480588501142
0.476496795671912
0.648228388484890
0.728517897755708
-0.392883376790731
-0.870527758697733
0.199853465840819
-0.521165485884032
0.484907194833353
-0.664323527150271
-0.631188701304663
0.568621058691708
0.959551425463936
0.268984070175652
-0.998568885368684
0.052875179061210
0.833913548657777
0.234381010530464
-0.228241450620582
-0.820095306539765
-0.640071958778482
0.304182645744645
0.838382322562148
0.340221618514913
0.532215737255170
0.411119788863503
0.612429116811054
0.088393980736267
-0.193402499730133
0.700280230755303
-0.111833742919620
-0.071951552245863
0.229361702509003
0.210265303580336
0.059051130915671
0.028880137050587
-0.287111911249940
-0.422113404300003
0.462057828612383
-0.710938692886107
-0.688301971892465
0.110750025951549
0.214176764683518
0.762017586490835
-0.124433562585823
0.906019058477956
0.259839814792543
-0.296434820600397
-0.235154982277441
0.736906233241537
0.042967764501597
0.025367591898267
0.096296606489774
0.251250318508068
-0.083736184958114
0.216068961727140
-0.403392532675670
-0.286013020801451
-0.462411519250334
0.018461348862217
0.364295952430189
0.437063385793996
0.212560556575768
-0.335880787645471
-0.060219379747885
-0.767609734287751
-0.062228795168130
0.032042587321207
-0.076982248558440
0.042758933254945
0.254847688377282
0.246605843742625
-0.146708623826022
0.165946403115466
0.140727536346268
-0.260806123570985
0.617502141499243
0.554198731285558
0.138979770771233
0.551564943583118
-0.495760492497338
-0.180256619951808
-0.054578239737766
-0.062688496783661
0.006864469623822
0.004156401036128
-0.480259134475273
0.137858256991640
0.368528937337874
-0.373545112074404
-0.203081372597688
-0.675676521507965
0.036888598051068
0.424268267543329
-0.675928742648778
0.301408797290335
-0.720662074020730
0.312671162916838
0.485107061885758
-0.486697246776682
