-0.595987160830351
0.240639706744577
-0.493470469171223
-0.849748670541099
-0.752302486665733
-0.631046425586252
0.379699871249219
0.913883733089162
0.395464204090070
-0.856286106847189
0.746108891249228
-0.586906526214867
-0.502793176988785
0.819345066061229
0.924685696741189
-0.329039855012770
0.958769050983218
-0.027388574178821
-0.221405557941574
-0.228316139286257
-0.043937445944398
-0.548360593080907
-0.050397594614587
0.998655517524810
-0.319054417826890
-0.868014803622609
-0.981399435307737
-0.187928888408950
-0.077792031749779
-0.962789707590265
-0.994181437919280
0.107255977906143
0.586810554666827
-0.801618648168174
-0.069992785370677
-0.919417335554712
-0.440492165972450
-0.796942872224064
-0.244816323892546
-0.951814557069486
-0.728380403694267
0.615921473345297
0.365627146992045
-0.510906546291511
0.650571186399340
0.448349902058907
-0.448220604593243
0.716725979047974
-0.851471096451653
0.391460187102045
0.524546986351058
-0.691573539980911
0.885625637673954
0.460511251915437
0.660890444542768
0.167395877003170
0.531401972028089
0.044401966445177
0.777166485000896
-0.601097493423073
0.119571058239480
-0.718773976083808
-0.343447290928456
0.938978263551389
0.641266705059957
0.754959192857651
0.946600568850278
-0.103187322334071
0.819058372692002
0.254529328505714
0.191944038121191
-0.216026266238574
0.433382311375842
0.689509105218444
-0.460865050065206
-0.611960163157420
-0.175966146176940
-0.058736771865709
0.016166655196109
0.188573636999288
-0.140512306859231
0.030013693365528
-0.220491348192665
-0.248527125030796
0.217512485195622
0.227047507516093
-0.268405870852907
0.061894849433024
0.043194761512696
-0.186610151474400
-0.087733943812360
-0.268913606915530
0.285273594184438
-0.904140639455550
0.809298134385004
-0.205928848102423
0.009394759364036
0.007679731167846
-0.370649375601137
0.085869782366296
0.012216257754382
0.037264518318511
0.257305411447119
0.027898100195578
-0.002214382035024
-0.009722150603264
-0.106995293183208
-0.040161213593216
-0.302990025325397
0.240769220688286
0.401248427856141
-0.099239151906566
-0.072970018725540
0.169674373060731
0.262414333450228
0.145744446845179
-0.777999486975635
-0.002844047219510
0.611064015738382
0.048376289857797
0.498459258495865
0.192199188852460
-0.348934535854388
-0.000763877958789
0.323211959681939
0.376975499239480
-0.050360505748714
0.032564339615813
0.449941955427901
0.576848920793061
0.016182564633139
0.845800528554076
-0.135579581758629
0.127719360325704
-0.642871786170130
-0.236183403063363
0.012603475730906
-0.014315422851717
-0.126444957845964
0.053153576893775
0.040957177951906
0.302691673384106
0.215281524438115
-0.466917624736056
0.918197291617439
0.270931489847804
0.578722256067094
0.042866261091975
