0.646480966034085
0.584822484555002
-0.393491832425514
0.779962528975725
0.643721396480338
0.761253156735296
-0.818185398966697
-0.570286760336548
0.101412280387941
-0.962942815851580
0.176362964576631
0.981395521765512
-0.554627650362847
-0.321885899070355
-0.398241961445706
-0.883883849104939
0.757790077343361
-0.588744639735689
-0.376174785390612
0.863793728583296
0.338884512428540
-0.441942341348697
-0.985266194819032
-0.074517300621613
0.392805475067951
0.587965865298863
-0.158207507213992
0.689180952044621
0.013145056972862
-0.884925808291212
0.470336884474280
0.326221354393899
0.346341536692244
-0.913559225266304
-0.092411485461895
0.987467269971556
-0.841321358722613
0.283993802736913
0.554455968283166
-0.397165282949246
-0.461559584252354
0.756905023830016
-0.553442027652771
0.797882157662293
-0.608657812733531
-0.016322343175207
0.956933888832809
-0.161729774488656
-0.375488893537469
-0.271791977853576
-0.416794927640563
-0.902901167973902
-0.826908708950411
0.312026168738600
-0.324623356733342
-0.736592649741373
0.761470562469990
-0.088132111129503
0.902953718765144
-0.423463931786197
0.422403388421904
0.513521365384925
-0.937961537781615
-0.338879111852096
0.776963069495622
0.270144794499600
0.964158335441486
0.098285316020900
-0.194541463723557
0.239394871884194
-0.639641263121530
-0.725513075278813
0.405463354003159
0.522314902508190
0.572536471667191
-0.815715295108330
-0.428634290730290
0.237313436039117
0.344879320304936
0.343337859308010
0.037419276858517
-0.068674542541878
0.036964467403020
-0.063081630068997
-0.230570533876352
-0.096404936047489
0.068026340891729
-0.033635569405367
-0.062365152683402
-0.764779854051761
-0.240428870127355
0.048442128819842
0.034355318924068
0.279201826505598
-0.134683998195172
-0.306941600189118
-0.329850509796375
-0.762261697415247
-0.129289283227085
-0.083558234169469
0.587965865298863
-0.392805475067953
-0.689180952044623
-0.158207507214012
0.457890222279525
-0.084083682353549
0.745076602455191
-0.342379467132986
0.001256870645962
-0.213202960037295
-0.063205410719159
-0.111236613331537
-0.275273808979892
0.368442969065589
0.526118941559765
-0.507973598316935
-0.430462257986191
-0.169587085401884
0.201857480134520
0.127826218850023
-0.685484076011196
-0.399225286832863
0.007508204062094
0.240966054287584
-0.639641764593849
0.613184820907788
0.098033228117980
0.037959917666268
-0.068707672393464
-0.462753620016686
-0.586929450684196
-0.086975654810460
0.620025083494419
-0.167225025989629
0.036688639196107
0.063299478657484
0.688862001558386
0.288687248682500
-0.016556384876625
0.071519139483778
-0.431847357822098
0.369943290501102
0.083375550931887
-0.231920715677104
-0.215348039618136
-0.926535987450284
0.124229486249689
-0.221487848104387
0.749547797542576
-0.031059787144196
0.037526919380635
0.073500178632525
