0.426014463967115
-0.825398383352252
-0.900952715275362
0.017447442923245
0.018399005387316
-0.910156021891366
-0.146119856815257
-0.552206831931895
-0.892250340621654
0.310349264496664
-0.196822580871154
-0.958477193880452
-0.405580680509464
0.673118351311368
0.128549501379930
0.733294185124034
0.568674717549287
-0.677857656061222
0.842748082362168
-0.526344421052858
-0.612494849598556
-0.092706533235919
-0.635439843041202
-0.765200413275475
0.353525387544418
-0.935398151975949
-0.767730517907241
-0.590668773943054
0.653267586104040
-0.560731407144159
-0.387527703296039
-0.915657916699414
-0.506090151783018
-0.363215803903846
0.718595086042337
0.470985537471480
-0.266698958647198
0.144175555547313
0.915143861499408
-0.048800918838731
-0.082541846271507
0.371494532742885
-0.947043075384511
-0.313578445590143
-0.504841095923427
0.079891416453769
-0.047056147799027
-0.864056242527359
0.144476585416697
-0.964920340979776
0.963249819176534
-0.262405025052409
-0.976856566016852
-0.058519310412792
-0.754248376536326
-0.081200892407386
0.749342924620083
-0.614090465284371
-0.813556381829028
-0.559020754568397
-0.499260032069757
-0.713070082384719
-0.825621258457162
-0.135503618848768
0.711271929498766
0.379283762970005
0.086858174231139
-0.982785626557448
0.436554911284910
0.801800295471915
0.409911887142334
0.790802186886224
-0.093844781432151
-0.372019613183248
-0.606036379980852
0.787588278654469
0.618542284305424
0.344562330398329
0.152151416787177
0.337756023810021
0.421582060506979
0.101234173242453
0.411726013272800
-0.041942608527937
-0.804000881553150
-0.165224649110796
-0.289086207095726
-0.154925235368321
0.199159914206840
-0.054015451894776
-0.542141973513200
0.297486264019969
-0.020097875436066
-0.667346041541574
-0.437863643403197
-0.159353360570472
0.064203495435571
0.092817731470205
0.224353544221718
-0.752277239523949
-0.097181954501397
-0.035216489292702
-0.003886781202320
-0.005915283039237
-0.207293899378245
0.136855729302977
0.468771036645134
0.197675150665373
-0.106290933758478
-0.009751726233655
0.729022525624910
-0.283677977985961
0.087357052775749
0.504145287728489
0.892598984079528
0.333694663216717
-0.131440272312241
-0.377959836351605
0.883755096220056
-0.272315232150747
0.037965413379625
-0.057763303354560
-0.090491664173221
0.854730418412148
-0.386881231264703
-0.318614879751285
-0.219112203450929
-0.006715216205242
-0.029019660302847
-0.049510079777016
0.085409246171726
-0.187168374483918
-0.196170484060126
0.621315493729375
-0.247489209618652
-0.011277095857586
-0.063485701097160
-0.146940039823198
-0.094004797079508
-0.483149641531064
-0.315868543316433
-0.447454321920857
-0.235146116067762
0.543085972524297
0.141071334422871
-0.081773763552059
0.405781106649403
0.043333463980612
-0.357836965414635
0.280279953222171
-0.501128660303437
0.775670439186270
-0.045766729426066
0.101636686011676
0.113478193211928
-0.696997089421511
