0.088925150314280
-0.932240693362660
-0.674214224526352
-0.058693030495947
0.407866596987557
-0.904303284465153
0.610042663100508
0.763553241403747
0.144804868996209
-0.913529854613763
0.470659852401080
0.043669964315051
-0.333200113077508
0.927165460381645
0.520882144374417
-0.044389791719743
-0.426652635403319
0.463881522217992
0.983821869798652
-0.091610466304648
0.679420351900190
-0.037998395065033
-0.141731799342609
-0.973968622267410
-0.336614729499701
0.684756285478611
-0.876801644857914
-0.417664734484078
-0.180099846198763
-0.756906025001024
-0.737455023446775
0.151969025270380
0.440037421389726
0.572778670678857
-0.745573307311538
-0.304145229710330
-0.450670452939267
0.706785135180220
-0.568821826682625
0.796911313286335
-0.278085471006321
-0.598641323768049
0.608131460016258
-0.624036532175789
0.989843438600243
0.135222749312799
0.119435950871106
-0.196303137379534
0.598207970090864
0.596094028528094
-0.277829551188577
-0.326485580548987
-0.747585938048018
0.589400176531254
0.230403382350920
-0.600844613845296
-0.845548827611648
0.395664197998405
0.720279047087340
-0.133064709523088
-0.804957416329828
-0.588622362505141
0.577879652232525
0.333350722213921
-0.378184472167847
-0.461304601256408
-0.791150194457947
0.611582948249461
-0.359686210610112
-0.614787651654084
-0.932779099327294
0.360421170525697
-0.282406978861150
-0.132083489272295
0.364915381113779
0.584204669918104
-0.495556177983072
0.386078172321132
-0.414347450109449
-0.906631463707761
-0.055767924065143
-0.346279577690852
-0.385336098326939
0.627300883901580
0.079694697657930
0.097617436621420
-0.180554192920397
-0.110610036424980
-0.343641625688620
-0.162496731469990
0.605257952073313
0.640495939882943
0.169169949489688
0.026896503677683
0.355267205431784
0.774917125122214
-0.771548784744950
-0.086567515886228
0.085142192718712
-0.128268694498611
0.593200986497628
-0.430182167243768
0.121975625227213
0.128137296459933
0.515626839209053
0.389779830248641
0.236591233764176
-0.028277787196755
-0.599852384329835
-0.186639844969243
0.575716106678717
0.318773380730242
0.132400107127152
0.678794426777916
0.563783145976689
-0.183751699261840
-0.476364236918496
0.265382797710880
0.174064269909199
-0.105241238051762
-0.745767008256176
0.090158780432435
0.396269094718537
0.289353310711076
-0.004083144675780
0.043681838993937
-0.623478016824505
-0.747312046223697
0.535241423226150
-0.018323551395971
-0.507571073775580
0.747388460739293
0.071477772591990
0.297680407758187
0.030519217911065
0.764832405663129
0.104927387751171
-0.342764154844935
0.345373925387946
0.586693045014692
-0.053999061457785
0.051491490715971
0.729457225734254
0.151077990982005
0.037080096731880
0.801747863294407
-0.001616402638757
-0.006712262074671
0.506198298285433
-0.486235802963466
-0.001556843128600
-0.004160280582133
0.935073907157583
-0.168632850611098
-0.168561756086028
0.705073473233577
0.064719811516440
-0.775357379095124
-0.030485076662794
0.073527135832865
