0.266656114618106
0.943563542424158
0.885317844600141
-0.159090854801890
-0.546015013533039
-0.828789575408323
-0.696494804460673
0.496326131112071
0.522724436513166
0.498250628880534
0.187632246812881
-0.961876566945477
-0.876345914391949
-0.451388684729467
-0.134975045996404
-0.488721352041874
-0.971350053932050
-0.193688856246745
-0.059131868731072
0.685978163891016
-0.563675363454484
-0.811217089974685
0.997707508035451
-0.061439573909395
0.666939100646142
0.470842747055613
0.134238722169953
0.792122883683725
0.162262122684861
0.880563105413718
-0.428893920497020
0.706647479054694
-0.673856593648992
0.657467691763144
0.190625695944723
-0.778337829131417
-0.799812509074866
0.499017740987273
0.506428792411603
0.460950097171086
0.286570845237463
0.937503483156971
0.942113389378007
-0.306793716795042
0.329022174973415
0.096710580426938
0.196566189844859
-0.663684470302894
0.893634732732835
-0.153453463359613
-0.069004908155168
0.441327618009325
-0.665591973697557
0.742888048209257
-0.167273800388766
0.250564642642837
-0.470834605153223
0.461388319171569
-0.788815506866471
-0.057738500504115
0.845940238957475
0.473433121829219
-0.628677503136460
-0.348093769195101
0.847215287984844
-0.359214037684219
0.061466769184806
0.997746527634368
0.004066546943825
0.767927542265431
0.650566306652826
-0.011160817662611
0.418709703092523
-0.866744634476739
-0.656971138309947
-0.004797425479855
-0.572284760871964
0.289208207111074
-0.744517760772230
-0.667515637044717
0.573784451709337
0.099431370745211
0.711548629994884
0.644649170196974
0.182690056048242
-0.972479690776606
0.775981974841987
-0.206146186589293
0.175181623295965
0.088846816511008
0.359628196946945
0.248132976268076
-0.108745794787565
0.056123050585538
0.492057532920353
0.162587647842473
0.012104587958272
0.691634985554161
-0.115187295782312
-0.162232847498560
-0.135219276954124
0.099909162576534
0.737462719461214
0.446185963944970
0.053254750585385
-0.126994611035741
-0.696637524378210
0.201577628702397
0.129283165025688
-0.086503068202235
-0.023884214023748
0.015311808775914
-0.257368782446356
0.516972584762982
0.504848312722175
0.315673064667118
-0.245885962158185
0.371240777043007
0.537907291194867
0.165393746513410
0.070291408345659
0.329716004155400
0.506799942967802
0.317814231267914
0.160640603297228
-0.292362516543466
0.727437289829540
-0.043472698328333
-0.171738199858898
-0.097315776920588
0.027599603840014
0.132432015606657
-0.574087309332012
0.743515455974642
-0.266446837383398
-0.670738950514302
-0.303127366027276
-0.293228237047220
0.457187879361556
-0.769056239294367
0.050773215211580
-0.050266818024516
0.813695959234277
-0.497127470058312
0.017111615574686
-0.751759792842546
-0.394560924169228
-0.467715767112093
-0.245154352486773
0.012063777368720
0.558059771396367
-0.414927242353028
0.093391971549312
0.380091397673626
-0.015053149545993
-0.022295864376367
0.463104496443694
-0.442498563161238
-0.321896651693765
-0.687765557748821
0.221190330494215
-0.156559128886868
0.721083447717356
0.220010385128859
0.755475070819770
-0.134559216641524
-0.010203102102130
-0.003474896111158
0.044249899081893
-0.811743033182044
0.186448794219068
-0.208237464571128
0.142209160364916
-0.026156245075167
-0.258495306369397
-0.537155378880277
