-0.933296616625109
0.226943131727486
0.105144528522011
-0.784780343890074
0.504847664938045
-0.794553670343836
0.024911264686219
-0.932762119209426
0.224458853224639
0.732933323636604
0.986241130484008
-0.051902223089017
0.020370506627752
-0.836592979350451
-0.511938430372599
-0.369641167721624
0.386445591508614
0.734863852368716
0.770925999841311
0.595152934274323
0.953185404038870
-0.299217656624369
-0.871890514318950
-0.377119853010217
-0.519950827256302
0.853672453366882
-0.744414053006366
0.328590799783603
0.636128473170193
0.558015512593276
-0.020401702180813
0.827928587031922
0.612401169740417
0.044838668268772
-0.500393489812543
-0.259489903333981
0.649535155204102
-0.372348288439271
-0.198011987103063
-0.960792230142236
0.465700586629424
-0.331845669127632
-0.273555149402747
0.957981671689233
0.949650416457929
0.228203352760649
-0.485764632892591
0.650339448848798
0.594322460515641
-0.682078527350258
-0.441592372733802
-0.892210852162912
-0.941700063732248
-0.334442607336290
-0.462398012588319
-0.808945218851804
-0.987831860641891
-0.083095645644008
-0.222080201311485
-0.948208926826368
0.397405758878641
-0.072864196266010
0.837264648136194
-0.544593899298633
0.510738390904896
-0.133443963997967
-0.652154635196785
0.707759529380409
0.846274761827919
0.502327231086540
0.416397207830579
0.611701628431205
-0.712775785942505
0.519310126236712
-0.149032217796266
-0.431516068808710
0.442652413387340
-0.577703046465423
-0.756198515195110
0.518382368494328
-0.604021977287398
-0.790265742565070
0.198402315644736
-0.955586200385023
0.348214261730052
-0.854027716588349
0.220161241221976
-0.375198070186992
-0.056644509368126
0.865128708989808
-0.224740187286427
-0.164152638042483
-0.439413205591889
-0.424241057321331
0.156063318077077
0.299094535056250
-0.270016615827587
0.237540070381171
0.637231803228593
-0.079765877830800
-0.100030959367196
-0.120947918329016
0.502840809183339
-0.216444796613617
0.762746138279365
-0.139652351118592
-0.424477563648795
0.361183777659173
-0.217776351468115
-0.063557441221104
-0.000839200041980
-0.043654040302891
0.005905776108866
-0.312334226934452
-0.028835810140610
0.007935719979301
0.539025093394989
0.217549425820272
-0.262695410411043
-0.463627409323904
-0.004978443501046
-0.560440220205292
-0.459167197834752
-0.641965564155145
0.265875155304066
0.782036921898822
0.288684078946765
0.596759865283338
-0.152126221759252
0.120528652672549
-0.733028724469942
-0.368334500958320
0.061908426983095
-0.060050342307290
0.056343488834173
-0.207153874151740
0.485423530727738
-0.324738846640782
-0.357830361003328
-0.231316078556089
-0.062675106310680
0.070907000183381
0.015325827611065
-0.033380404024215
0.163428300291284
-0.324171099136060
0.060863782010005
-0.116528660917492
0.139289195371010
0.179384322963668
0.585163538128352
0.703095374296908
0.028472355370076
-0.039933930532396
0.104269219731471
-0.842892006335911
-0.268945724895796
0.037933855892129
0.135745469089381
-0.114278379511317
-0.661849178110585
0.119958945143131
-0.118149296011759
-0.456408167777463
0.848826222884392
-0.266603307860985
-0.645539133548045
-0.231510816345525
0.389621841224731
0.087397634359130
0.088332469167490
-0.053243609688617
0.211647424608476
0.051931709360676
-0.347506651896179
0.169182192072904
0.830789637918371
-0.347194489470986
-0.327317528481519
-0.375775134873001
