0.582975250709330
-0.805846599620970
-0.085381889504138
-0.322925967089499
-0.065656197589341
0.689823290474170
-0.032559277176877
0.431355584521990
-0.160138506476357
0.861913919401065
0.203375085699535
-0.332645617552080
-0.209123563351878
0.730750018695306
-0.494342075310704
-0.837133952771935
0.077357217291629
-0.992333697416704
-0.372166817162985
0.491248335020547
-0.134667711858880
0.909436479440085
0.137137476947037
0.984863428524533
-0.439493328952116
0.802713733371207
0.884058711147370
0.458420056806596
-0.244544377557713
0.759530676252587
-0.991766692108430
0.077693679911650
0.919933590533226
-0.140704200961376
0.381133477335523
0.924500798017162
-0.026031331196540
0.351915488777354
-0.506224491625882
-0.301515780337725
0.613515575942573
0.789443282491709
0.665515565055809
0.272869419705863
0.346990738770069
-0.784155678617194
-0.784160118539648
-0.589879210073115
0.704814913385400
-0.686888876002037
-0.872518585995556
0.487409904546934
0.749576624368128
-0.404598445473757
0.178354938409530
0.848375521969384
0.500987320468294
-0.847829795031401
0.976315128500714
0.213173208824709
0.736492859091167
0.128250681624342
-0.816886752069288
0.498073529416102
0.416373338619183
-0.708834394191294
-0.554083014191145
-0.491885823017499
0.733580825407986
0.273282283769636
-0.328008213850458
0.944633177897816
0.018325679642012
0.453548304874485
-0.743918553130777
-0.299957310306898
-0.068258133192088
0.119861863452714
0.987582551194227
0.014880319428215
-0.853900917478460
0.410405073013996
0.220363206901733
0.932507934592580
0.550899592938915
0.774934354379039
0.893808562743442
0.388174850562527
0.490443637231835
0.433764365510005
0.334302068861333
-0.316467070269839
-0.041085042882322
-0.095200494699720
-0.736228867013940
-0.588553997607174
-0.584713671318994
-0.421832922150655
-0.795166448283259
-0.424950082593237
-0.435748499622225
0.203919835629582
-0.057041102868140
0.919092911638257
-0.330538306698166
-0.559478483261807
-0.220269172240976
0.079461622524441
-0.094385743873352
-0.019519868279852
-0.673171022996008
-0.408665764826003
0.337422873093165
0.202325732322585
-0.065695291945910
0.083195361575296
0.108065214065151
0.388353171189445
-0.021544795710729
-0.088470721369674
-0.559039541713901
-0.225357471667814
0.030273839082478
0.097190612680944
-0.029717891861882
0.364748356738936
0.004622266578850
-0.003765842725913
0.924173751045550
-0.146221532043440
0.597352588739763
-0.544054117723001
-0.003455660535935
0.019131132084345
-0.187894898618718
-0.668824954327284
-0.472759847797836
-0.202966561803607
-0.030324096399945
-0.190304690412325
0.175278008174966
-0.026405108301355
-0.023816262813024
0.023993492190304
-0.218888655011202
-0.475944050103044
-0.364926670669164
-0.339524689385657
0.166546606095937
0.049583983149152
0.030686911647435
-0.020597726902568
-0.436018403358551
-0.501016948918167
0.219958302099037
0.190360549816358
0.553118195785726
-0.135082589512191
-0.383503742779186
0.551330417965133
0.605256294632042
-0.144363374093571
0.008147499568098
0.003519817054045
0.673910753596992
-0.582925724940557
-0.403914692477654
0.439845108534748
-0.959414533800495
0.245962829051774
-0.017581164795231
0.155403292483971
0.050524936990391
-0.316019192322139
0.139675438873248
-0.249719404014648
-0.303485227974575
0.062314535255420
-0.189142091105092
0.121044652627267
0.039332517184829
-0.754828766677858
0.844917568078339
0.272405989916600
