0.588375024455964
-0.808023033800486
0.405608624029446
-0.890035232430424
0.097420672468025
0.919022867091587
0.825181929665086
-0.510934730492676
0.758846100051545
0.651062121550716
0.781195654775176
-0.624282942758999
0.629198933575731
0.080292099378892
-0.939119867143662
-0.155725467261700
-0.856962037216713
-0.484244599434428
0.723415807651862
0.357234535709970
-0.826572354058964
-0.229439775866881
0.895835955700072
0.262870833637082
0.896596786989713
-0.417417004332425
-0.491034047250546
0.759260959831500
0.486723759970423
-0.380895653743771
-0.102111461701394
-0.971810712845199
0.328057334719362
-0.616425188270588
-0.579261340001579
-0.802657571823278
-0.974813570732119
0.161744088164853
-0.657611652638415
0.581549830810369
0.047103752133199
0.340270446950383
0.919551565206816
-0.257926249854709
-0.233537942640534
-0.417110067768042
-0.296169424091861
-0.742605248269701
-0.342247725245317
-0.923826646585389
-0.454569640374743
0.263582018795927
-0.595954712664838
-0.783348484015527
0.738270590538958
-0.619747543317227
-0.011888863752766
-0.872650962360735
0.109972530307676
-0.947339988951007
0.297684155747654
0.915072507903000
0.005978159927717
0.745127977076378
-0.787215887651957
-0.240276067409885
-0.110938240015129
-0.992142902481628
-0.978305609368492
0.009571188207535
-0.500473152493434
-0.755784963282539
0.893963555733617
0.436675849777571
0.290545454413632
0.142637872102937
0.673797953502885
0.671342530898186
0.964466412971106
0.235571676836242
-0.917508265026372
0.058704539646144
0.363077790398729
-0.905004853694236
-0.287631410253856
-0.534374657558140
-0.777431843684110
-0.190953867765356
0.320213263775734
-0.076790376485679
0.701788518651947
-0.237315845571650
-0.143112536135508
0.957373925091621
-0.021910722141137
-0.020821327996952
0.205427282681795
-0.033444890124414
0.381661782629254
0.015506966785845
0.181626926121351
0.158215498097657
0.016409617477111
0.001197819976980
-0.000434530023382
-0.001991864505207
0.581579443260329
-0.509339996408587
-0.287118268354762
0.106614042035548
0.099126875144270
-0.145935250409570
-0.228817953024720
-0.544697530845389
0.453649982235897
-0.241531004993038
-0.032304125796713
-0.356837930655352
-0.033471292992316
-0.144072615716136
-0.316993369389031
-0.286222925496698
-0.043063144892285
-0.784961176104491
0.203927409013857
-0.059756168228939
-0.526320726266435
-0.485164781805905
0.021500861134518
-0.140480729442899
0.057100726678503
0.142537220658333
0.151026348312804
-0.454464245803676
-0.914389482906949
0.214217489986981
-0.249106014046752
0.160764306757813
0.740313395958797
-0.472668273187147
0.599999568076555
-0.028664189912475
0.023654292200158
-0.169856692784566
-0.322814233242333
0.787198788256947
-0.101655319128235
0.144462206601185
-0.161365453159454
-0.211732633819550
0.469889108831281
0.132450663310141
0.091865922773265
-0.286380237001526
0.241464753259664
0.125384295787671
-0.659758238905613
0.097301724435422
-0.158647299969419
0.545334385373594
-0.057029198996216
0.009635269561668
0.187762749149355
-0.087015384078430
-0.290672282922324
0.306309217703320
0.085439003275157
-0.053324853122082
-0.207000810634526
0.923248850937910
-0.231320065143747
0.204417591034710
0.052640917331093
0.107421865305673
0.116396271336664
0.375744951599024
-0.001929711886342
-0.221668692243824
0.785759034531988
0.119560180856153
0.298671720601816
-0.519549374096560
0.394884857143752
0.857690301554027
0.032045702496881
-0.670930054089396
0.191865583386555
0.161683541114314
