-0.838687626445975
-0.297856809425155
0.450894049987085
-0.885629657422665
-0.808525752790576
-0.535543055197333
-0.479729992931255
-0.242699708589401
0.348468122226672
-0.686073161126900
-0.201141009777153
0.968201314042737
-0.064926497776370
-0.845285999606307
0.496574512108649
-0.400534480597036
-0.949550821634656
0.087468380014505
-0.539199353102411
0.826865012617608
0.779574750428106
0.350307439729179
-0.564821832859219
-0.094327277113795
-0.144053277398799
0.104755202061290
0.457952793244662
-0.311535474557964
0.367829835338129
0.790256856179450
0.757810257104411
0.174346558787891
-0.318985125169439
0.855384091540288
-0.528136869090942
-0.266904973829267
-0.520816300483785
-0.447669409080919
0.771679890609566
0.282856948437916
0.902399837895206
0.155868024494001
0.269336206727420
0.926704769288461
-0.917374869856898
0.358637253638955
0.220567054300211
0.845171849138880
0.524400887316301
-0.518069286897858
0.988936840783180
-0.123730317582048
0.627379034445785
0.647460616684105
0.141822441597846
-0.790002177882979
0.606083473578232
-0.601581597821855
-0.837673821127049
0.546123786053777
0.628047395498590
0.462378692383923
0.671716655670738
-0.732500165054768
-0.634823701137852
-0.737159604572474
-0.381929041015703
-0.890435827474406
0.456710365945234
0.889439348227089
-0.828083312859968
-0.552812911046712
-0.742712036420186
0.036513438748918
0.213381494522459
0.976499264554564
0.943163416170992
-0.316445511247020
0.557952175412978
0.107058833922284
-0.399849618113328
-0.577630473790179
0.209233113824765
-0.638946244031444
-0.992722534917079
-0.118356015159002
0.714413352711676
-0.659673289699575
0.780303205363847
-0.570052949625344
0.046394006884399
-0.995863071350900
-0.866117086475534
0.356877873763048
-0.524677882409453
-0.340931706904478
-0.617201316258510
0.478363334830771
-0.011981299693796
-0.455785952814620
-0.109856562003334
0.016917486942967
0.001289714865912
-0.243881282061382
-0.772694527430187
0.337489485187670
0.153436865539633
0.619944121406545
0.146084798787275
-0.028066728256542
-0.504000381778560
-0.165105251046499
0.713615197668318
0.289377320178566
0.099233468908936
-0.284350555263897
-0.106170951793425
-0.119524213103880
-0.505070029101507
-0.120217186245336
0.168242415741396
-0.802354754122732
0.280581746415756
-0.943158992158823
-0.544741090943999
-0.629668191263064
0.469316487576850
0.141199674167562
0.262283818042539
-0.571431614857977
0.316015822114128
0.258264488526713
0.552661588529295
-0.586854625112805
0.097868648612262
-0.720252878468621
-0.554865155849048
0.128944763266330
0.340669284324416
-0.212894645834350
0.253015757032290
0.068259102082296
0.024171219911213
0.170933965569605
-0.192914883826407
0.447010701861530
-0.340436008604623
-0.583704760474312
0.011512032722312
-0.081007447530638
-0.202830805126492
-0.382164835473715
-0.244268232221218
-0.544165401993638
0.030223948138862
-0.519469842412769
-0.006655621043627
-0.002661280372438
-0.358750173324616
0.512894459880714
0.031308168368421
-0.106113341680822
0.000438382772472
-0.231504629933697
0.242323082893550
-0.050336550097926
0.003445331968049
-0.017361369507393
0.029692849363724
0.088285032930748
0.449569169419455
0.494907225300673
-0.012729103897873
0.027486251721809
-0.020944899953778
0.099329351020749
0.385799889565272
0.726901796147561
-0.671144456008991
-0.236703269542173
-0.720202813634206
0.171105547983332
-0.015928042120069
-0.015495800002329
0.203475529697595
0.114203419994703
-0.078957778157167
-0.244810562661896
0.060386601256842
0.049576180101022
-0.002347753803657
-0.349962660559061
-0.762362189285182
-0.165174402635023
0.034685695483107
-0.623721057546720
