0.971128575308437
-0.183627231084653
-0.962145979342969
-0.256488789065951
0.636490192802766
-0.208637586505640
0.792350881086271
-0.533071336629145
0.889493947124863
0.352134216498774
-0.289912186004357
0.776283717294048
-0.642439286018910
0.717073794122260
0.461715273300630
-0.864208288774070
-0.742656292099464
-0.636711049203399
0.673410700957293
0.437528257178384
-0.549153371291061
-0.176409976779222
0.077272638030863
0.849001065018877
0.982745998732688
0.016980293557313
-0.099612582743229
-0.993907222847073
-0.508466961056346
-0.853313870679722
0.350761356410434
-0.613696691481226
-0.749866348381466
0.358020988529456
-0.584164963135211
0.810656254265113
0.966524738541700
0.094906515601774
0.138653140567531
0.902517923708502
-0.826021299582951
-0.414824591918254
0.300078070825177
0.572270105435255
-0.540217548210670
-0.814214924610850
0.387617007178876
-0.823112683756146
-0.866863916674145
-0.498428209267413
0.948250834465277
-0.254545150728312
-0.304309922962522
-0.844838845419900
0.151338956003763
0.942075725481164
0.652758746664823
0.387015531518047
0.582539229092475
0.550667565142262
0.384505109960777
-0.907477463423022
-0.719831900669579
-0.676261953277087
-0.513444107256089
-0.006952726584145
0.259000790584117
0.953340783841640
-0.829864628869268
0.368257336176211
-0.758094149179400
-0.163395063079910
-0.353049219885854
-0.927198947492230
0.239365383229215
-0.964713339292435
0.770959628912685
-0.635800828100530
0.660243652569529
-0.172951572199895
0.907146387943318
-0.420456923772132
0.176003778339037
-0.915049071911790
-0.829103678906120
-0.056921794557143
0.138358074418258
-0.810723959484943
0.918228050474456
-0.237460228010465
0.624018977593211
0.686775778753353
0.182473553874110
0.357893561241238
-0.317374822786911
0.502720037340351
0.652639037584373
-0.728172247443578
0.040570291585988
-0.967476247141929
0.139288771002847
-0.971671535061105
0.150253657444485
0.024782426195675
0.012299765349987
0.091308988002144
0.075121437333793
0.738720083398241
-0.288316990849402
-0.069916693956250
-0.281700120355096
0.073804158358125
0.534935535864228
-0.164858991686716
-0.248483166215172
-0.106456815988002
-0.108132173882949
-0.168138255571021
0.190932904634453
-0.081272981705069
-0.318707279422694
0.503500468768042
-0.062636089913410
-0.814485613828001
-0.418374305888930
0.313351354202468
0.128756102705565
-0.131696004577488
0.047175847284010
-0.000452951077668
-0.114367586339432
-0.015389698327366
-0.703037348683172
0.077982870366802
0.000128876908081
-0.556346488016398
-0.015954189763777
-0.036512971600169
-0.219072236279118
0.093968283877565
0.395072981798507
-0.100767271713051
0.117605247152455
-0.363012914945675
0.705339780988244
-0.291471904633051
0.210531215538082
0.029927653270154
0.404328795403409
0.093577725945193
-0.008304778220207
0.006877560145459
-0.032637094549308
-0.186981125346883
-0.418485734721476
-0.136060596392715
-0.296810647850476
-0.038643074119553
0.143507809962244
0.635240509961552
0.559898995637228
-0.209586244665677
0.156041054167588
0.065510786956328
0.028189102131849
0.154003830631840
0.699417639069388
0.497133557985826
0.141563377076821
-0.063401503228365
0.178444750850305
-0.379300280777704
0.367161476500963
-0.513602730244600
0.046948434950050
-0.115992260789376
-0.033132037308750
-0.104568897892924
0.002817935993666
0.037021842339761
0.651265345408844
0.331691909435142
0.008152808785915
0.015327680919427
-0.358639778245401
0.055546156157248
-0.345649158033936
0.435744946590506
-0.566325967011512
-0.053465912961482
0.167467494660758
0.269118051544573
0.349364722483016
-0.129937046317106
0.912710611457936
0.074665525449812
0.551330062348462
0.585304150223056
-0.199706191976139
-0.062808451344551
-0.180636371033087
-0.172378258828640
0.162419835338979
0.100363655338829
