0.992226790495343
-0.124442260544628
0.285556592660308
-0.948230230131585
0.496129674500314
0.177674182523265
0.176593567366686
0.922549617462743
0.144278785332246
-0.612155743293945
0.671448098188667
0.680706341430642
-0.808359641549765
0.573592557540390
0.840252100169678
0.250286115426781
0.198478962344352
-0.680751900544606
0.437066881437427
-0.743229532063652
-0.239310043743630
0.932209288066963
-0.101548001986104
-0.676644885012487
0.695656496337722
0.525689433126787
0.553340671070848
-0.638055864335327
0.496778631477682
0.821166658908268
-0.137159565716821
0.939406238349101
0.688209798171911
-0.547953865073772
0.753930371103449
0.517771398045054
-0.728199341598576
-0.670434767167893
-0.921619018174690
-0.281585732773569
-0.065359753775634
0.997840342859809
-0.547037636157205
-0.828791543066828
-0.932675785222460
-0.360198011685801
-0.491026983668147
0.403358270060785
-0.393222080182969
0.565887855729770
0.928753731828398
-0.264525341947632
-0.319485940693061
0.683909914707514
0.816045922710099
-0.229086777175866
0.991460223150876
0.126579631359932
-0.400144332437533
-0.902552284888072
0.334799546098509
0.938841964858493
-0.173866497873117
-0.564646115142708
-0.974536376575014
-0.001191113644946
0.803461473556469
0.467501052598295
0.483410230847526
-0.875309386591917
-0.152442902797509
-0.977500092993138
-0.928784354722889
-0.271928997305865
0.662410104915129
-0.742558256602903
0.974483308080392
-0.022383831799968
-0.728790947848398
0.349229162249914
-0.594483920111886
-0.743174001194375
-0.931389458672499
0.363013520762445
-0.050705107274000
-0.937592637826027
-0.709384611915477
0.208298789193312
0.065601037760116
0.845394973153777
-0.798762262362622
0.407948710187770
0.675293556632130
0.135672009149553
-0.812275890516347
0.510661232792622
-0.708540276149162
0.599869489565037
0.758690061044998
-0.555087650718744
-0.255193331135963
0.759640237737831
-0.298634625970005
0.393874992382856
0.348582680838660
-0.510232098350019
-0.655240222384991
0.730199863775550
0.133349065835305
-0.656244812540115
-0.853966100391874
-0.490780869901972
0.000213692156143
-0.000272671077479
0.087102684178096
0.108305057415650
-0.298141496325257
-0.795863605848288
0.341722991011317
0.030697112214900
-0.674294395431703
-0.387009103697425
-0.252102447777388
0.149133108328035
-0.114448057080814
0.066692653855104
0.086895071809618
-0.473056566469824
-0.488895752911465
0.508098311546838
0.318637291800947
0.393767291801599
0.190068361965477
-0.193882861503715
-0.448183835845088
0.575300749318347
-0.450182918812712
0.192478566628160
-0.361757235417375
-0.394753743933279
-0.174318206859594
0.220248660295245
-0.294797466139510
-0.108616881012528
0.059603436416162
0.471763993770484
0.089257759932749
-0.394379039993347
0.129188799649629
0.059608689911972
0.193091030144331
-0.184509388690369
0.002962282571280
-0.005829033348249
0.087117016189810
0.079151931490195
-0.007875773896266
0.017642115031866
-0.323305382735757
-0.701190585203066
0.667966524870514
0.281012547845376
-0.181063842817246
-0.186168563153300
-0.645219269839241
-0.117847596888300
-0.391405296149358
-0.358315775116909
-0.024062606083907
0.020129923567896
-0.155638918607783
0.032563987410052
-0.080439240869272
0.003815426745612
-0.178627668014281
0.786789274069852
0.099737767307195
0.200822831752028
-0.209833024785122
-0.303088317226977
-0.002314756171347
0.011944386124522
-0.110390543550414
-0.095229498999625
-0.050070388994981
0.246793839048112
-0.092583427948020
-0.035332666564795
0.019794539050842
0.222462182337609
-0.588925465291387
-0.008339238561177
-0.296780090010177
-0.078758179579641
0.026583389899455
0.005308803900731
0.195787249806784
0.282871685404992
-0.547736583640659
-0.391624465195661
0.527201701221778
-0.055337233757958
0.204800788708183
0.391935370980966
-0.539321581714253
0.484462537046661
0.267602871514470
0.088440297182928
0.085364724701350
0.361718310761446
0.332428647526637
0.075883368366816
-0.448008425854412
0.396372959870871
-0.568109684723765
-0.657975103381750
0.677121015144354
0.399575338681642
-0.193067162758185
-0.013909729527934
0.411660271095032
0.618139623270508
0.074664153307633
-0.155888746645207
