0.878478899074631
-0.472764809852611
0.974579333925372
0.221963565202229
-0.306045083332411
0.694942629157306
0.652481573581967
-0.737810679509735
-0.651264941375209
-0.663087934681389
0.205163995734020
-0.657422172949187
0.662574422573984
-0.426085827155267
0.370257934094963
0.908660741815572
-0.329388824400176
0.927833291802014
0.187023887446220
-0.930104670728082
0.354739537897868
0.780288253604477
-0.337354696304486
-0.781970390324719
0.186395412360174
-0.922480343005359
0.051859073103710
-0.763486731439797
-0.129963253871415
0.461814392041192
-0.874310883448152
-0.442820491694770
0.711914195578575
0.643410793376950
-0.821032454168256
0.223548843167388
-0.042017906880095
-0.985324252363846
-0.670360140576153
-0.010074638801437
-0.037255206349538
0.909690976098946
0.713958385775725
0.451066916802979
0.817256410507178
0.569832377824634
0.691356026279410
-0.628608800740151
-0.869223023640161
0.151198462540889
-0.457363595647060
-0.887765571882548
-0.214218402624272
0.835720724077938
-0.406653951856060
0.907160550534425
-0.513189805396708
0.783580760222740
0.559925940072261
-0.821861626852587
0.853357029715293
0.177454000382214
-0.934394127329087
-0.060724885526388
0.042605951382689
0.604780415556464
-0.446381478770466
-0.501879078216503
0.477155555392024
0.639737896210002
-0.973622393799548
-0.014317408747234
-0.207406372097954
0.535177106801339
0.907074547867179
-0.267429037159770
0.392980943228676
0.804905203278602
-0.584391864041455
-0.398833962864555
0.938594175576919
0.207388133030990
0.755017266046652
-0.460195897253415
-0.020792515494966
0.896363573313428
0.064502962292737
-0.135797088604397
0.622875268744343
-0.538711920533252
-0.631506607134616
-0.749506554391477
0.051055921949115
0.924399142417919
-0.959191489438876
0.233163147747773
0.335767532081315
-0.746766480937635
0.916644092986554
0.364862253650420
0.760848959190621
-0.362724323283471
0.924934317258223
0.040027716580421
0.233503625924868
0.972154189172474
-0.813377635957720
0.561783797192553
0.821876428821547
0.332903192877396
0.742428666673174
-0.587954774313176
0.547940760770654
0.356458803094589
-0.548959891567361
-0.805592148703949
0.056542878176698
0.039637878010101
-0.026693340472258
0.014654800671659
-0.390750797163050
-0.520293151660129
-0.053874198675005
-0.164319104350375
0.188792472707539
-0.317057990381079
0.699617880888506
-0.190364498030217
0.519575489597314
0.330888671697710
-0.138672705340284
0.134218476062391
-0.160075987393203
0.070739403759149
0.235065380259737
0.211356651226438
0.082319157521634
-0.508462051527752
-0.451150890302750
-0.266790164203537
0.022347661269884
-0.337323804460289
0.512686516804740
-0.389295752531187
-0.849974743211622
-0.217669372786148
0.197237383836264
-0.024246765490292
-0.278994698323979
-0.036914596122229
0.435233830693806
0.294114155627656
-0.151857389676389
0.065650182069189
-0.251221573981340
-0.698142896795547
0.384433856255552
0.152594193102118
0.153493084886176
-0.513071079713621
-0.000567533534100
-0.085922631322218
-0.244765770919178
-0.258780868584820
0.467468500393809
0.055349446597879
-0.036490800415414
0.036868038215872
0.501062871261032
0.067951058618709
0.087254197313702
0.063867081075222
0.199019049646051
0.288147243130355
0.002890750728690
0.104966906697482
-0.174819779251008
-0.457962773996392
0.267090442669286
0.227777958822724
0.749037519923383
-0.267148227793401
0.521791786525554
-0.525922330552447
0.570543493765687
0.193747572456983
0.206246185177173
-0.096524386549021
0.799030595911481
0.179215423349264
-0.027163472683935
0.323974721926111
-0.360785096864247
0.259860935645951
-0.322273032666251
0.628933789618594
0.038780128722261
0.272996771899027
-0.425499634086299
-0.192662205725432
-0.086528704467841
-0.434295750657650
0.738845748079985
-0.656890766510048
-0.128839105030811
0.552463891378339
-0.179756247041846
-0.084421689860920
-0.318142935539267
-0.204119060593073
0.117957306432714
-0.108040302570475
-0.100511962433400
-0.565240951060545
0.034413714180868
-0.159545726769072
-0.532977935303439
0.073989506531531
-0.185513172183956
0.329361736711581
0.018491736012177
-0.007095410742494
0.063054757519666
0.137258457261776
0.137911629723716
0.441219879772574
0.301658830054193
0.110049118645132
-0.005887313783403
-0.756745256951681
0.214285370703493
0.061205451549457
