0.133304975072603
0.498971720696794
0.116159940075374
0.992564851890537
0.669577715949055
0.665984552630043
-0.602552165718778
0.300701358212879
0.248232407309659
0.955147759756844
-0.735294558935874
0.268848832434822
0.451303566527633
-0.794459347521463
-0.456398790433790
0.328063629142395
-0.316298007064054
0.248978305906767
0.238204910091225
-0.230148071443709
0.786266565637329
-0.577484989587040
0.301811537411376
-0.912004830914610
0.044709028587622
-0.966913286693989
0.389979178802921
-0.822857021440511
-0.135040019825532
-0.951031495774702
0.248299351381370
0.594811506246568
0.612137978621711
-0.710456349899254
-0.389499042658873
0.819469520659319
0.718917284772756
-0.334390047336872
0.703355342927697
0.710094913613686
0.647432573170711
0.662576482201362
-0.698604189053433
-0.249270662393311
0.077057670335248
-0.905522083833279
-0.942586949164336
0.293900949820096
0.250633734352120
-0.299234749805819
-0.448602172370214
-0.706530573484107
-0.809694453609808
-0.431482168391955
-0.805211815808968
-0.504333127886933
0.712551550128826
-0.150248867608745
0.029476977800730
-0.612573682346379
-0.751099056877576
-0.165406517354218
-0.937611764263148
0.337996443807258
-0.197496341504392
-0.852299924119162
-0.601854232813058
0.753081367198017
0.531480880090146
-0.081770237551566
0.495990207398545
0.546118193927520
-0.274082917006757
-0.709013968326423
0.343372591217710
0.933223468128814
0.878607566057689
-0.366916549449595
0.843319418338474
0.207581054716056
-0.794968717001502
-0.367239716954798
-0.980224574562733
-0.104882421694025
-0.963385068433436
0.102184769779368
-0.049756877181559
0.989251701082694
0.535914655758328
0.694386114272030
0.028198873473009
-0.332191670358386
-0.228284557352686
0.734370424096999
0.850054366874984
0.522579074379904
-0.291937919067540
0.279415076197033
0.793141953262073
-0.427042237703689
-0.521247599551678
-0.818754804836565
-0.987953214426015
-0.087898927484939
-0.950394216039344
-0.309562081224692
-0.381094825629738
0.730730118604752
0.822647453283361
0.008203780395716
0.251339411326466
-0.967853949398891
-0.825758566668293
0.061588672108559
0.472603397777005
0.875589135690056
-0.714543943455214
0.696432298828069
0.820081092688109
-0.246422415744287
-0.035199171547324
-0.009105022547153
-0.147482759619413
0.293903204435833
-0.132341719051649
-0.727320596542539
0.160284443812851
-0.019553159957882
0.079905915553846
-0.616990487412272
0.309938949395863
-0.262863621717800
0.797013860275182
0.221005216802109
0.913687765442519
-0.056036070488220
0.439671671331111
0.834852745966665
-0.218303334869025
-0.025290878743127
-0.190511817649241
-0.202144086259719
0.186856674081127
-0.167822472061157
-0.412873191383266
0.018928555233991
0.274869770459843
0.041831762781493
0.420687564285728
-0.638411056761724
0.344487529899626
0.043211245763211
-0.413095426244113
-0.078181642950256
0.211814807210393
-0.571380539871141
0.031083535894750
-0.009502054057630
-0.002839434074729
-0.376583863230165
-0.219016759627458
0.633914807296125
0.409397183347530
-0.080534572699232
-0.065526304270447
-0.144424299924119
0.392940070524994
-0.832609990745471
0.514725360704333
-0.186087191189340
0.132026768947512
-0.375215887769390
-0.126662095493828
-0.285024106634019
-0.456709427236363
0.510991257522799
-0.497708305372448
-0.613327835859110
0.161548399292639
-0.618379337834270
-0.001851810226576
0.081481005687706
0.468242890559413
-0.123808844108234
0.262261726209178
-0.043112919060910
-0.173554539974680
-0.825057891304326
0.666003598288951
-0.110398548415553
-0.212798027448530
0.613917540747208
-0.081601190817367
0.067308749737687
-0.104203739061396
-0.287337034459207
0.370028391664559
0.329850653687950
-0.471792346182256
0.102818827866245
-0.110442839948608
-0.126340176297928
-0.247790886080294
0.006867278950487
0.137496245212801
0.000328070902013
0.423134962378169
-0.227112768603724
-0.804786684674720
-0.491092567495814
0.638550803940178
-0.028967427798043
0.020559472295995
-0.062417885865541
-0.914364530528289
-0.025238302559864
-0.333464722831567
0.278140338353709
0.215122409515463
0.107999344641126
0.017690857110305
0.126131908044731
-0.017878055281481
0.024546427971311
0.005434412953913
-0.566366219682963
-0.273884063359763
0.498168029314573
-0.005120412649325
-0.007811166451642
-0.342098862568377
-0.444182387394248
0.095559140888368
-0.029294102885201
-0.066380771248366
-0.001612212453709
