0.885077660124834
-0.464631143673079
0.524048166685610
-0.021540328269785
0.771752667918552
-0.573482274253992
-0.864325062663389
0.370800090935190
0.581039725988776
-0.681570054333184
0.275237233838772
0.441769518304385
0.408919287734391
-0.682046384092781
-0.215361573874720
0.813005530028295
-0.593516807251896
0.768210171925698
-0.292917823915962
0.926681478123905
0.471312357861977
-0.881706011827639
-0.255024242881190
0.966114259403362
0.346645226327359
-0.908648926149164
0.334241294555732
0.239133509741952
-0.520560765458007
0.061147453106608
0.664677115617449
-0.746939106364712
-0.779447353027982
0.605346633098402
0.600576863851884
-0.690760183595477
0.452095811666574
-0.782187225722224
-0.686969145190587
0.626095575542488
-0.881674249553237
0.406766320817277
0.819663728271006
-0.378697016056605
-0.073898006369316
0.983466807827994
0.019239831573680
0.888969130378550
0.263460877952475
-0.800383170904972
-0.209238954220277
0.792664462269597
0.288342502085923
0.195012456388551
-0.126301546562096
-0.991359812845111
-0.279090588025437
-0.866026531297733
-0.928550042967066
0.148259746978475
0.908835097892423
0.093683004785816
-0.968670514680517
0.052744228735598
0.976713768289556
0.202612448470058
0.938741919679193
0.144353316518635
-0.739179547399375
-0.428363254733123
-0.880564798617887
-0.262901032341026
-0.850777997428297
-0.525257490270731
-0.630984173521365
-0.549213055105001
0.639418756976731
0.628201016805106
-0.626133513783904
-0.343497083953244
0.862716555900793
-0.207891304229635
-0.678428357884305
-0.700078181541864
-0.531587182243249
-0.837827826127554
-0.699527594204428
-0.705904036125968
-0.713773452470875
-0.506124830204877
-0.828024528580162
-0.186291306491300
0.716366155224136
0.160018346954535
0.913106846095815
-0.187256090126653
0.844304988423183
0.106653306081663
-0.101984289231965
-0.523002663022126
-0.673591438133236
-0.537184731668434
0.390448877869208
0.854532851165351
-0.666662836470537
0.082081794123042
-0.378454293929602
-0.915168531671308
0.587054863990066
0.778148841972521
-0.316341008026913
-0.943478256171531
-0.058444600154941
-0.913432098770054
0.234732240123427
0.848796696448978
-0.053493278305918
-0.638657433660102
-0.610508908546471
-0.665739376504159
-0.007039993487350
-0.026568296307704
0.797842548123661
-0.297248720190726
0.069141342629022
-0.265961229160423
-0.012747247698825
0.339539373696908
-0.431158553998852
-0.109349893336796
0.760770351291628
-0.387701728654266
-0.513280849188745
-0.322708097079763
0.504783074973593
-0.194513361653688
0.103462986824737
0.216532541703802
0.230210239762479
-0.049637002759388
-0.021133669559277
-0.003540910129018
-0.012125450468903
-0.037932133756169
0.218780483899807
0.079556998039088
0.196154587463035
-0.890292816633612
0.119153713991249
0.843255519333518
-0.007676908493883
0.015078741112270
-0.145111647085779
-0.070426468988248
-0.037236523530221
0.400962891899440
0.364887282670407
0.225055086447559
-0.277901951997588
-0.242586539029201
-0.204816594832090
-0.123457848697038
0.249087012465156
0.350279321125128
0.151238419697502
-0.066776215546093
-0.138089452795468
0.436228170962937
0.256961254521528
0.473229393841228
-0.529296843974934
-0.218510780626106
-0.062174608318648
-0.935394601986004
-0.031708931323395
0.015753872097316
-0.408575548137798
-0.071920179559919
0.311420660268359
-0.137226227412102
-0.397221329421004
0.086356672621063
0.194396547432553
0.145277192531976
0.034335277388546
-0.061640078562849
-0.039752681222746
-0.310395638794583
-0.516654424104189
-0.056451082845851
-0.316081449653575
-0.235756653806331
-0.002427930309722
-0.016597384155389
0.540411709293648
0.090438804316002
0.437990554016411
0.068347716156142
0.693278342066733
-0.096600810832220
0.394267023957140
0.238861599300423
0.083632561204485
-0.206472994974696
-0.021023641849065
-0.122546350106651
-0.097083089635200
-0.054180351000310
-0.436111498798437
0.210171062265179
-0.222862632527315
0.479586463756391
0.011644806823828
-0.679027288672085
-0.152742984015312
-0.328390963879231
-0.171284116752584
0.496423116075256
0.818346666867518
0.215351229502966
0.092480803870107
-0.499153723267142
-0.336570374473546
-0.063589803244153
-0.229634981133536
-0.704337289217603
-0.138704219275558
-0.000213541534146
0.144936159962761
-0.169836615421052
0.097834551452323
-0.014336921362913
0.307012783712503
0.260708995407451
-0.470679088068270
0.053908622679126
0.737596670031694
-0.212617741416220
-0.311134529106583
0.295406939584830
