0.654083915048831
0.670135695537083
-0.837306865360392
-0.085633548450779
-0.489519700281024
-0.220284690792245
0.663396710383147
-0.513139953227366
-0.244805296845832
-0.231902858198041
0.024455302984223
0.464849630271929
-0.443356958451480
0.894516281323886
-0.275845475131333
0.559358864658666
-0.201933006751840
-0.369505436237494
-0.036374283836634
0.926183586862456
-0.191057537791714
0.698641427522957
-0.712163589351937
0.697602739861031
0.025597775891831
0.974947580818562
-0.971626066787170
-0.051289437051849
0.878602030843617
0.436454582218582
-0.943319728932075
-0.268479203620205
-0.547834333710747
0.745640134088786
-0.352532940463679
0.735511655063767
-0.552816685643827
-0.528965950305064
0.260818616044987
-0.104910636380310
-0.971617379698595
0.184323716700324
-0.648503697547290
0.698050030316532
-0.618370207254756
-0.191080341388348
0.621574964776650
0.515091401541964
0.650119264479870
-0.074855195763861
0.223521670225599
-0.971621599613801
0.405537071054163
0.871112357236782
-0.350492965132250
0.371949764170451
-0.306088344884462
0.765186802634670
0.684541592567575
-0.348821309324532
0.848973628446570
-0.201171246107219
0.597588792838027
0.791943758712972
0.266923287302804
-0.511389406932439
0.434790127807759
0.290972060431932
-0.932224905249088
-0.132965902687786
-0.930258316578163
0.364019491476630
0.728878871273742
-0.044210709793850
0.189146498823380
0.981912577415804
0.875146588301462
-0.352218011016510
-0.812827433186870
0.540357019214623
-0.856331740035194
-0.515193687518260
-0.697851411293063
0.368589263811110
0.033535132163107
-0.997738242753790
0.465964795807805
-0.825117817410004
0.410599810440915
0.911725216317987
0.528219022318096
0.828176456601931
-0.750644635325344
-0.409778640277704
0.771770642119323
0.413941488673381
-0.463007692704469
-0.290961441563276
-0.544360745697575
0.813053675296277
-0.311929749728273
0.939950747277022
0.998336473433722
0.048271374293247
-0.718357872346191
0.629365732628861
-0.266081701170525
-0.931914980760135
-0.502018941562726
-0.696082469330382
0.697787328880204
-0.136900536412836
-0.717391676951713
-0.444949356715057
-0.793026749223474
0.541619753827576
0.279733704020640
0.565216215877604
-0.974634111141294
0.155697422724384
0.571094098934896
0.590096909793764
0.420645864387644
-0.603084743068968
0.230811738918462
-0.264231570443164
-0.132778057281190
0.523406243853392
-0.784718879797740
0.309937732017772
-0.069927651782991
-0.540094729256594
-0.069807268248595
-0.938838844688199
-0.805632584679253
0.366432664885416
0.054060971088833
0.018778744475360
0.770974834330878
-0.128936958261828
0.487464989879541
-0.764896513926452
-0.290307144993071
0.237871050083737
0.586060101052258
0.363222701598165
-0.033879997512690
-0.070891361309315
0.196516450636344
0.101011153615422
-0.091920527703641
-0.211808395898941
-0.072920130540024
0.179578739331525
0.194866037678130
-0.009697091863224
0.322202129113694
-0.200210192643536
-0.568698782560193
-0.106418165122054
-0.625805070277224
-0.151514849130222
0.568356618613063
0.773264613167693
-0.061675289743109
0.134835431413700
-0.247109932469498
-0.176368338194533
-0.178348656020350
-0.741146643256486
-0.486100445055334
0.334711470579434
0.105106390955957
0.748795224476973
-0.076263590630468
-0.013167947737782
-0.139423382805663
0.239299112821619
0.227962805067260
0.828758718706606
0.159133374465328
0.543576720740412
-0.222662750443074
-0.600123155503346
0.345831866737883
0.345216204559585
-0.104912357057431
-0.068601130068056
0.380199808188172
0.722966762048180
0.832597765726277
0.181861940263819
-0.248500388741498
0.226989760894793
-0.029209443340077
-0.035441256778240
0.532093404470435
0.428552929133966
0.007269085932437
0.004295658880434
0.275699022700583
0.184529050780164
-0.198257963942517
-0.089552416928298
-0.034333082956334
0.009625734483553
-0.390722773889906
-0.473794339691011
0.056047805716834
-0.015888276549418
-0.184326542676269
-0.260923594420580
0.009572541378899
0.008561077464556
0.171898475853971
-0.074560949502176
-0.468759389361608
0.221085350746652
0.073554616307660
0.477087243947505
0.557380105202973
0.624734130925970
-0.047990383474378
-0.200778541494797
-0.138365632126450
-0.006883006179926
-0.018751331355936
-0.025348526744983
0.270695527780100
0.120767019796981
-0.237271432207790
-0.066612794530032
-0.186551438673096
0.478168107397550
0.559847825683320
-0.425348679158366
-0.239076170606076
0.479803956265055
0.257920969529335
-0.105987691534692
0.465310129694933
-0.621100770686351
-0.135606560274382
-0.086356949733967
-0.501003640664461
-0.273189529913839
0.267154299749893
0.622875934336970
