0.605660869971028
-0.068362861378209
0.793081015271305
0.444236241058539
-0.322988427625504
0.813990478094293
-0.904371291537298
0.426703321676504
-0.006264399786410
-0.630874684018983
-0.400519729149336
-0.844526365883295
0.266068951604429
0.579764241493503
0.428372689314216
0.555488199824653
-0.298653944214657
-0.595741513859076
0.792129995443779
0.093177142256660
-0.017286166401688
-0.896630966699107
-0.051394744355697
0.593752605022237
-0.014716164385011
0.648628000454161
-0.787425628214814
-0.597922895114245
0.861612842827068
-0.188462371614667
-0.913373542011089
-0.406852613715871
0.907478696161737
-0.054061921389034
0.238644058366515
0.376012322447963
0.973314775123802
0.210578062310689
-0.104412786093991
0.202348193479225
-0.146372434971017
0.447161364225241
-0.175087855312831
-0.961529921064330
0.498684877193484
0.141067319020462
-0.280522948229649
0.959039909384133
-0.554689157599352
0.423311532714474
0.571671922042449
-0.590966807141957
-0.964503772034595
0.201931646191433
-0.507151894601836
-0.359455568581282
0.727799963913973
-0.301296985510238
-0.644809764824120
-0.725508594425372
-0.659105355124070
0.356658816139080
0.168807944120633
-0.953821365471127
0.484076640270310
0.555778353048877
0.363055037557958
-0.536564711717261
-0.135070716993841
-0.564466633204310
-0.062880403063839
-0.996267383641828
-0.328309655379303
-0.876653840562227
0.857682566569713
-0.235197381728641
-0.831791800687404
-0.052806315109747
0.020312789130036
0.456129432570665
0.668283055577805
-0.696787711737253
-0.263482261768922
0.492786955227840
-0.339913732590561
0.863330384710609
-0.341983251664822
0.530673367889889
-0.596357289049483
0.723808657597588
-0.782518232931888
0.622264278743619
0.480502816508235
-0.827318783701550
-0.772490041674874
0.078285833937223
0.909273269429075
-0.315144710063944
0.231434623751189
-0.848745008723357
-0.932987444916943
-0.173763011326703
0.444505348025693
0.640506595355730
0.069035280094760
-0.042863645810762
0.837142157314929
-0.505653011864049
-0.895088311731665
-0.389829926190844
-0.998988285726709
-0.013938109524949
-0.245977586266159
0.857095128831519
0.855600466727736
-0.166481316119511
0.414479731605222
0.176499722638506
-0.564999555483114
0.546655965768135
0.542934448401411
0.788228864753831
0.364316742300896
-0.222341197388560
-0.505338873157032
-0.854614844232283
0.320722156058695
-0.725009467788651
0.105815756046490
-0.403087696560843
0.322136587902629
-0.359619237425197
0.004553014353738
0.004014022133978
-0.766301166408553
0.121410101392576
-0.016779519325679
-0.355074093142962
-0.204565550845566
0.742451124778483
-0.025205756351223
0.712246002973717
-0.060797505570419
0.743102640007650
0.553552319481356
0.239641232003034
-0.399055282972917
0.191073229780528
-0.564456311130161
0.571144024837213
-0.651877754996130
-0.392581894735144
-0.144976954688000
0.037825575185317
-0.369204197318416
0.292905282033795
0.008974056901658
-0.011797871393059
0.061868653479762
-0.411985429821153
-0.848332658866278
-0.286348470704002
0.027988462719143
-0.086786370783645
0.648304509710450
0.726535918853897
0.015344967241437
-0.882262067985038
0.126230175560822
-0.169912908861746
0.844260775043602
-0.136517941991794
0.003159839192536
-0.039234463693258
0.225629649158796
0.679866564947213
0.378665651242880
0.424925606398977
-0.160438710106379
0.056705416821128
-0.057392172652967
0.781213663817939
0.418093258691192
-0.452465872841526
-0.083127199378152
-0.225715562879320
-0.537421363027518
-0.386720698022083
-0.145743364289571
-0.201215189630700
-0.527251855761638
0.422830591635463
0.396648574642934
0.650353179493489
0.795968164228523
0.171953490643357
-0.057140174384924
0.015243217286927
-0.335726362200003
-0.104778927920517
-0.086059478948867
0.449061880717381
0.110765559203648
0.541354675132707
-0.739007344716494
0.495380132620999
-0.187473730695878
-0.180937123605205
-0.627264625265428
0.542473229183737
-0.128311102997999
-0.350222161033851
0.601834476822127
0.489109900432810
-0.177166576247846
0.298447675891346
-0.009612694053188
0.018973103116727
-0.043391492138803
0.287711403792428
-0.499300486529880
-0.384486004776417
-0.202597846010087
-0.181273401282555
-0.447011292034711
0.162021078535460
-0.082629804119937
0.304159758997029
-0.602326790722595
-0.171373084409976
-0.291166590859955
-0.953215009500500
0.034609708997497
0.205694453211631
-0.063594203462575
0.206894466173840
-0.029188579463087
-0.031243573941022
-0.436199617847988
-0.120883665469018
0.451000279429866
0.191912898661290
0.690811378355120
0.565538716209680
0.613169735003819
0.077237513355476
-0.199392134102214
0.210143328150355
-0.528298452828081
-0.733988043473829
-0.001127649751172
0.119435420626591
