0.512588000020851
-0.238279196224882
-0.843380799246260
-0.329473578275795
0.377495217123414
0.328265909612528
-0.067672176870892
0.995017482375020
-0.001522829255512
-0.827652211270581
-0.245396315976675
-0.032855549572619
0.067715729454909
-0.784274108790221
-0.028917922076331
-0.810046946670414
0.451502092106192
0.037128378256989
-0.235503382030723
0.789839453569056
0.328936795687562
0.180464074542605
-0.276009092561686
0.757778191858289
-0.441465436490451
0.897168658149420
-0.034107215028691
0.850391242237347
-0.342128333683008
0.771254817956239
-0.772269302168425
0.632716150242483
-0.669809856147243
0.258914967858022
-0.906110519756353
-0.359829388850040
-0.878919949439418
0.267643085533084
0.964353760819604
-0.251355359159004
-0.819374662302676
-0.571697288443446
-0.980197953367990
-0.187770126404122
-0.283576401768848
0.595007966184715
-0.319880852639486
-0.683610971251175
0.745319234941624
-0.490879974435022
0.255186256146734
0.920062851446883
-0.395071056741965
-0.671015293576522
0.622580815882212
-0.775508088975408
-0.415847415539020
-0.422439763714024
-0.565382993565648
0.423964847760730
0.704083024809091
0.399624303760976
0.735866394380468
-0.331468649628831
0.948799880064001
-0.259329445425416
0.678562651783617
-0.071853504552779
-0.252143452733835
0.761561228041120
-0.805312712970723
-0.547088854440788
-0.520062040713177
-0.755034715339071
-0.206910363137062
0.850877803861062
-0.978664743238890
0.016020008033620
0.969556163169885
0.146860360245928
0.681363957718206
0.720754103230563
-0.998985202879767
0.028214674368232
0.225367497608856
-0.951228643761258
0.540799294131765
0.768790531829713
-0.839972489734772
0.473372768006763
-0.320136844835508
0.673989584335196
-0.428624019006995
-0.625421636621461
0.776965813445456
-0.296206137856364
0.907436311831806
0.364686204081422
-0.041832670867842
0.956048977341704
-0.266502176590742
-0.937888562059710
-0.518511209396220
-0.633547575913052
-0.683506049220885
0.674590382421497
0.541588447866047
0.840547895765053
0.003075772761187
-0.898642513407629
0.893997009699292
-0.440906353922592
-0.161213726261988
-0.979111819247125
0.938421354332927
0.223944045802861
-0.968054278785427
0.100327109958191
0.416651129343579
-0.318895899341518
-0.686484018833528
-0.659017757424560
0.173844448175246
-0.857660036325295
0.812779767617423
0.049714760780735
0.816016357635181
-0.554979164084750
0.341756252025466
0.939628877634442
0.544682805425937
0.190766721263122
0.884648294079411
0.334547985370501
-0.467047543808634
0.679958203644438
-0.076103306931830
0.417569485660679
-0.791529612539229
0.351026674354962
-0.072473703148598
0.010404258626185
-0.125247153484994
-0.547085595418014
-0.108051907711960
0.962821866290522
-0.587327201193030
-0.188083654272390
-0.481950568182468
0.332733148035064
-0.677617067596161
-0.579312052398461
-0.541706461940927
-0.165063332479594
-0.307153655769962
0.874579861413140
-0.436324632733635
0.399013793793041
-0.013504309747153
0.003781644737050
-0.472929414087099
-0.228055261505281
-0.532875437875184
0.064482375730953
0.050528934257342
0.026781055868692
0.595745265388567
0.359729585653161
0.220523479992916
-0.029256310062841
0.156370515001176
0.362512293973610
0.078337421771816
0.026562299698615
0.016460483998481
0.038941310061713
-0.054163077565752
0.031948597339953
-0.607504291566490
-0.443270211343891
-0.598682947574655
-0.268199568200590
-0.218571272795292
-0.394667819100255
-0.297149010581311
-0.008172488714778
0.585802859935104
0.224705018197310
0.090644216814430
-0.052573354346561
-0.520015207012204
0.614979477298886
0.533857508958807
0.464318897502854
0.129028316248974
-0.572642299891644
0.137345484054256
0.574252036952966
-0.076434557964799
-0.163354781609259
-0.607490278006978
0.406626811234668
0.550782128168668
-0.230406645906656
0.204829105193127
-0.101045818024219
-0.002146775093764
0.399316220305150
0.367487953155578
-0.313285283421660
-0.015739079759212
0.204232615054731
-0.111077827959136
0.161414364861396
0.098749888465699
-0.080654443937716
0.029202822149484
-0.019485680795677
-0.111781321059489
0.178545497204032
-0.045393071098912
0.338284954929688
0.185621161242904
0.189497291530037
0.471004466833439
-0.470537174949422
0.650912304779979
-0.037978918652851
-0.195671894259786
0.519902450879052
-0.119418509434806
-0.171179823945880
-0.288976362253799
-0.026702858096182
-0.208080196188660
0.077744883973517
-0.142548349979300
0.556276516404695
0.246871910633799
0.129620817629318
-0.008821910264371
-0.009130277228768
-0.399065538563893
-0.182150675675528
0.047592399730847
-0.064077275279690
0.093577087662991
-0.081200422042150
0.097329880820352
-0.244420376361911
0.021320382641083
-0.228803027988488
0.821641307852448
0.222739316310352
-0.133046041246961
-0.277009094063326
0.260411242520855
-0.407901158000173
-0.012413062027428
0.580313198026191
0.135111949002146
0.088657728035665
0.006340361318856
-0.016125642166793
0.207811126523612
0.789774167230631
-0.116030815046027
0.303334619235393
