-0.757958747181137
-0.227433104552697
0.530518878490010
-0.322900933652462
0.291046218304659
-0.697125538908501
-0.465080486764605
0.602275291867420
0.839594584492967
-0.087935007886326
0.486546926943131
0.686400957326079
0.442659058307476
0.771521883702747
-0.365523130519233
0.773195346633522
0.899712924708855
0.099740671760744
0.158114986452304
0.881595181922659
-0.802219387504164
-0.427882723311336
0.768264631309538
-0.488788784608266
0.442821920130450
-0.709685826481644
-0.250333086171421
-0.662291849272693
-0.939541652331397
0.119137621266519
-0.276187172308385
-0.474966284550767
0.852617681698939
-0.421289578480048
-0.143397585351072
0.948550630278165
0.925722997066426
0.186470756319088
-0.244104644538106
-0.936632456889071
0.623694177906561
-0.708489106448793
0.984616368223131
0.026902823236038
-0.458420100968099
-0.871928341818527
0.466730990957946
-0.831227952034887
0.041862181042732
0.964333660167299
0.889126510725042
0.438148532602839
-0.682158200229664
0.534075501533963
-0.315702291541801
0.933342378180875
-0.647525159438573
-0.755617682815011
-0.978417864905844
0.182059935723785
-0.298793300700130
-0.894225355142571
-0.976516991288670
-0.212129683143566
-0.557117997568145
0.641206522613131
-0.922827626172428
0.384100285957088
-0.128207713931248
0.990809962461160
0.793743624227408
0.607664805638009
-0.489373362246201
0.865847937478737
-0.510490879840615
-0.858506735806948
-0.998138764430960
0.015196898933958
-0.790816548561131
0.604845308489379
0.140655699126029
0.975296655672824
0.910595579355495
0.360190559992640
-0.271584369759699
0.943749803600296
0.109010584490061
0.284928121521457
0.948206647321092
-0.238785745160414
0.251002751900010
0.178768296729240
0.651891140441125
-0.723836422625140
-0.878826007205998
-0.079748203805492
-0.815701722528448
-0.540361058536331
0.169527823160534
-0.800833280474287
-0.299265654952481
0.333310030114700
0.473022723523331
-0.830360278576465
0.539407336574295
0.794659118441090
0.918700789956015
0.041015946299929
-0.278667120886744
0.874926480766512
0.888936340813345
-0.280018703145901
-0.651478705964184
-0.662450437209517
0.395326670342942
0.805098547022009
0.595361973533877
-0.666667325254874
0.868671659358127
-0.021259985685002
-0.163730997270606
-0.823746129082706
0.732238076085537
-0.458629836919718
-0.740261320749639
-0.043698836457886
-0.031515405635747
0.610913195236354
0.299267263776676
0.581248118545450
0.429086736492160
0.664951138711174
-0.331393887391580
-0.428566905640162
0.212896366294634
0.886927423865150
0.752212329768556
-0.580807167778825
-0.187454367834430
0.581922314836713
-0.330013813524673
-0.710897734906345
-0.644431609102593
-0.118389116904944
0.264494283948601
0.592458764299533
0.093935340950025
-0.527754222909411
0.513100465681133
-0.169863844834158
0.301328621245476
-0.343522929488563
0.516622684588435
-0.040777429643449
0.057135943612886
-0.421074738563142
0.381768929073082
-0.228127313279961
-0.257613162272610
0.327102259282973
-0.170590460075437
-0.376502158361999
-0.079269058333141
-0.542191102042467
-0.592626210760677
-0.384053416433560
-0.031845992914013
0.319458203007316
-0.741386358389706
-0.385323165649289
-0.266611657219460
-0.156449366100100
0.235510846991070
0.155638925927693
-0.152964250754090
-0.291320318088838
-0.249293699244183
0.031388130463881
-0.330015177183003
-0.011778850441379
-0.031078076349792
-0.169826378102518
-0.164689110954136
0.049693807412283
-0.272865260592910
0.129486769196178
0.132993948813826
0.224990575903952
0.102996855793923
-0.082894867153857
0.462672727593872
-0.188035889291163
0.138090399269023
-0.100673282635690
-0.064199891209826
0.075043049511404
0.023476120649812
0.094876410116406
0.069863336167444
0.325887544923734
-0.021089921918632
0.031157317718326
0.376073125096606
-0.370192837213403
0.023464131111008
0.017480768056640
0.029451043847126
-0.031480730495858
0.022474074560361
-0.014472697050535
0.005072372717960
-0.103900589616597
0.047242233859688
-0.011550649921111
-0.037070517107206
-0.045976493607402
-0.054694004184122
-0.076025687938709
-0.073397465949141
0.153704976266277
0.131385804339780
0.154325052303276
-0.155876038777996
0.106211575835732
-0.672890952845194
-0.673906836005153
0.195405226801703
0.075513702219241
0.272415213713983
0.911498472823906
0.050325561257891
0.220377204310443
-0.403680192519521
-0.241552013478595
0.037714001537785
-0.203022856766489
0.113024242800549
0.563162405171550
-0.837934519775744
0.311785554763196
0.166638530343817
0.242863976327982
-0.167844927269722
0.222226666082351
-0.292126286748152
0.262619083986772
-0.303710483225597
-0.254181492971251
0.138339671400928
0.335028122978580
0.310377819904810
-0.200998812999701
-0.349390503357976
0.271034000564272
0.250478578658287
0.371966772092191
0.223287371362541
0.441701608585115
0.476042005899866
-0.260803535200087
0.278984347599158
0.419110732876428
-0.290834110583385
-0.604581763548486
-0.790878865557929
-0.017391581513090
-0.585180251382593
0.479743476152414
-0.507351111175833
0.341056308667452
0.822820549957944
0.171682385108144
-0.256734367312906
0.319565872168652
0.189956960308247
0.246487318195790
