-0.881597454364070
0.468952532911690
0.798218467313863
-0.349119726703815
-0.952032384727640
0.298168983784739
0.784240662584293
-0.450783115563230
0.957257410337005
-0.062513015306119
-0.989093406522783
0.123567377398429
-0.970999982756949
0.076814261152968
-0.901196963193975
0.329585989172601
0.849625819089794
-0.481527264341596
-0.594996749796539
0.599956583372027
0.997032679514992
0.069182891920105
0.861148190354888
0.191196538163572
0.585415413470312
-0.203567282790031
-0.875204183361522
0.100733614901041
0.581250392302160
-0.668990154878973
-0.771570938113686
0.581243606477500
0.883877977011716
0.375495191165035
-0.735571152495019
-0.500892988412645
-0.959817549747915
-0.278091801166264
-0.877423229324516
-0.477266094972984
0.874566237687404
0.325855409169732
-0.954991598809064
-0.149445066261928
0.801294398978257
0.548239201114647
-0.715425845090544
-0.636464557774426
-0.540025914048258
-0.279204015696248
-0.675823522250873
-0.242469755344803
0.822551416193455
0.041445372259933
0.275619266410128
-0.205808137772582
-0.717893686193644
-0.152455658795653
0.642978948850956
-0.313088464995917
0.533217674291799
0.448390213209641
-0.763713039520449
-0.058004157541968
0.441025584330709
-0.671534122242696
-0.611549266413472
0.663876985474998
0.630420171259238
0.703831584852264
0.088069916044534
-0.633559907392442
0.209566686209595
0.930354472930703
0.030064318498790
-0.860775891583447
-0.062308729374580
0.810140216722584
0.444331340291499
-0.724699431394458
-0.078034130893432
0.947369989362702
-0.059222913234692
-0.987712268761646
-0.096978825067990
0.797591327214014
-0.078826115482562
0.995943183512843
-0.015518029411670
0.344356381868635
-0.420359311907122
-0.865594457280508
-0.281408383559983
-0.954964126947842
-0.234115499933004
-0.813592809465839
0.480845878578454
0.875579666466973
0.025893891181309
0.204748034096429
0.406036994993044
0.718176708332697
0.335505972182114
0.859886305232822
0.123988092612404
0.934103580061282
0.104323914795451
-0.944191466167069
0.290183779297517
-0.954004967997391
-0.453573743935095
0.859340042986447
0.191382558823009
-0.896985166854661
-0.302247065461192
0.750735340592006
-0.365918868762049
0.774900041648908
0.753893196837156
-0.126735106881634
-0.681230832894256
0.221210864913560
0.372858860926583
0.758600147462439
-0.566989793010601
0.090206546701833
-0.598309818448533
-0.288498382088308
0.604808335823114
-0.736894779345632
-0.765792278520542
0.642918339458474
0.608335065652856
-0.790929639348764
-0.433196249417903
0.889037967780902
-0.702515899970608
0.678804876132837
0.478991261445119
0.732001664128930
0.431974485669892
-0.816953311737427
0.037239184717411
0.038505758739228
-0.490670901304201
-0.014309489113306
-0.004938853181044
-0.068594484237697
-0.351081656760109
-0.241873595415113
0.053516392981839
-0.277283913984278
-0.044076495091646
0.066952214276062
0.135378513029668
-0.181469724690940
-0.129493517524088
-0.249897055185359
-0.043894105163888
0.210572478647037
-0.533321621145748
-0.039987675833818
-0.000474287402196
0.033754088584750
0.460635652443316
-0.098399561690531
-0.697602081244458
-0.359444698517405
0.047681627091513
0.470740734049398
-0.440141290713786
-0.144484595484763
0.230768810153957
0.116532886549347
0.240885157292976
-0.140489943275481
-0.350978416768701
0.291299579022586
-0.036858709419194
0.007527075126769
-0.028872109981637
0.038883833352499
0.239815914073947
0.267283511592097
-0.094981963493340
-0.237982446800231
0.123857718737406
-0.204988609528466
0.158825992997731
0.240526569887342
-0.592370959613702
-0.528690624072127
0.640602680298242
-0.272211664904653
0.317129449560241
0.470234368222906
0.769298004536148
0.538384259267324
-0.189037897090418
-0.652419037803249
0.484376655068547
0.503917592911407
-0.389583232101532
0.602370346038035
0.375963003049506
-0.521564695231838
0.567220898065052
0.181104415815198
-0.163913143352949
-0.398004176287044
-0.237751343508657
0.225090662830897
0.573841458899159
0.511421072777876
-0.294790680022288
0.060173197529796
0.485808270909725
0.148833212481720
-0.548417067249148
0.197558021457631
0.075664917406742
0.521205539538041
-0.308778188109090
-0.032508586845452
0.141452993334234
0.030135881644685
-0.238063563748529
0.545682070309050
0.022976728116230
0.036819678126057
0.150649570035653
0.926543350349887
0.269682799194061
-0.036269439437218
0.090087903702922
-0.027147882262093
-0.274081260295978
-0.456219394404898
-0.030208409153060
0.035141723636438
-0.652894716944797
-0.728790942258966
0.415613807176615
0.382911657683061
0.375110690130751
0.085576017977066
0.301988590537097
0.144500331461388
-0.223051925029471
-0.218784905237264
-0.055526270233017
-0.050840226031322
0.198272457025184
-0.128427341784956
-0.344291506418275
0.200633210683845
0.332943510748853
0.483933650882569
0.483876248425233
0.177474175998496
0.063558584252641
-0.641516614604917
0.391034583075044
0.577998495151777
0.348306232890975
-0.405197302838746
0.371524193019047
0.729626704250518
-0.232054334509190
0.710594702003899
-0.288173342607378
0.090272286458906
-0.014608514843403
0.002187747779151
0.065711324747978
-0.006385553745366
-0.035415693551314
-0.143868794338957
-0.151887993853262
-0.150417378484008
0.477934043201818
0.079498336589223
-0.381499356484455
0.021061129443330
