-0.936160529979950
0.160135014122023
0.075016713252673
0.598267733233582
-0.659531473800192
-0.060082789517169
-0.903747452757176
-0.000942404543556
-0.409210609023094
0.708034567666444
-0.850844324114787
-0.512212355408287
-0.604385884427482
-0.085488081494779
0.345346559921717
0.853510084624592
-0.481094899137553
-0.554782545623251
-0.814726859430386
0.546063453116901
-0.956621590556462
-0.100308490956853
-0.755461406251946
0.107308131779476
0.387838960757798
0.585931416564043
-0.354271732569530
0.471429592031937
-0.933607441462735
0.015793735285674
0.615149926723013
0.661860212168751
-0.426132398636849
-0.758714544276341
-0.723771616760644
0.572001671908430
-0.720134269876205
-0.492866977336437
0.299790500233795
-0.692368995186095
-0.422795356850403
0.670219745004543
0.410877223028832
0.168052984615643
-0.038787719661243
-0.585578767327668
0.387995789374369
0.779115408967917
-0.145103004732298
0.887914890037014
0.589866287569552
0.806968000299802
-0.391670189422213
-0.050465669690993
-0.440956515340262
-0.867997690553290
-0.464795290132501
0.855012954871140
-0.933428252656418
0.275719034080229
0.566761747074654
0.635077716248007
-0.591635009023530
0.804804730551930
-0.393733560253082
0.663924286174241
-0.869095969708531
-0.318830330403631
0.376732610737267
0.164592896692100
-0.974080401054467
0.047170991936115
0.038347860714422
-0.936060823173257
0.855294901327424
0.502211755228638
0.074558712554690
0.456207561981802
0.178017779363426
0.942168627735067
-0.739209087835098
-0.670854157163096
0.227175393592652
-0.816996571213915
-0.303219728067158
0.944235224153045
0.926250279758865
-0.320844424473771
0.847267276526680
-0.480435563240473
-0.256731727269378
0.927008110715392
0.401157968336807
0.704496150510167
-0.044847464508165
-0.972397938847340
0.248867299326527
0.968524447055911
0.145031773356947
-0.906899109931138
-0.992307653510721
-0.123789161293317
-0.240968266736474
-0.856783343873837
-0.338627637473730
0.777312382144059
-0.796046367137932
0.172732880151667
0.123985757118601
0.737511563251554
-0.576290725285059
0.382702636395807
0.772210793052728
-0.633016727907949
-0.720122739259605
-0.659262759472440
-0.643424935051185
0.371592214754664
-0.108644952363716
-0.195961854347535
0.829872960297462
-0.222855859144798
-0.070525992532383
0.984800788115244
0.806912959619811
-0.376789773482609
0.347828459965514
-0.740997561271943
0.967732115253319
-0.251653565792238
-0.565478106643847
-0.484556808014848
-0.973925220880239
0.080272674914470
0.691979809122513
-0.693580438740053
-0.221950712603186
-0.920840898246905
-0.739560830180612
-0.571400124403834
-0.890960482038172
0.454046286061029
0.418278463175011
-0.906747332755833
0.117010384571793
0.290290904546044
-0.776036283373934
-0.184975401044272
-0.588982633875244
-0.463149814276289
0.335971582017704
0.265259777548563
-0.121699886726614
-0.562514769604380
0.005471014917160
-0.116929496212553
0.116259153419819
0.783513433116025
-0.256107651359266
-0.294389469766834
0.480032515054925
-0.479930004881603
0.138410591095349
0.137394897887007
-0.142713493314355
-0.233337090813262
-0.480504976037518
-0.432293877496565
0.189695790090566
-0.685770240549618
-0.376587636876981
-0.714442041743202
0.130738773134678
-0.333219261703719
0.201529719480160
-0.378044176475258
0.476807890172007
-0.124167850127439
-0.246533542715054
-0.296967921537005
-0.294754415483366
0.389369503883096
0.653827426263711
0.057101025734570
0.588483426022868
-0.160427045500980
0.428432468900210
-0.787009352898656
0.609858061197925
-0.532603196808278
-0.441027897554941
-0.218935699498240
0.193781999359423
0.391153170500356
-0.008017392160063
0.028215788204584
-0.858902850514699
-0.326088289084924
0.002775835741678
0.228319196540860
-0.227180739090212
-0.036153797305286
-0.017217053615059
-0.228897978264263
0.511237550365191
0.118716399350301
-0.004280940463667
-0.047318445956189
0.629390538693090
0.089699362105193
-0.378033084573067
0.010507274588231
0.215697265013086
0.885695437625972
-0.189281764573680
0.114519358194174
0.344332915132671
0.061273325803875
0.107895014124506
-0.067916497263592
0.881626982758023
0.095128975847493
-0.146558696922215
0.243204637083256
-0.028741680093113
0.051947474475865
0.507960553187604
0.151274649482564
-0.109516467325688
-0.066961043630082
0.008136164080323
-0.197618514731737
0.014431616129562
0.226078659224530
0.264122200411638
-0.070599193556829
0.467867153591617
0.351934347494416
-0.031203227980043
0.226842041994554
0.004115595405796
-0.002919701254985
-0.119142771973843
0.377233069877811
0.000541987004475
0.001212674906999
-0.401982876957377
-0.215096170861910
0.430563518445039
-0.309405624203434
-0.295229987962488
0.499312314777715
0.606446991432920
-0.270048648735625
0.485271557712688
0.534732837332083
0.054483956118421
0.003436830993172
-0.000686510563394
-0.216322405398224
-0.505706299409269
-0.438388774520840
0.679606005550752
-0.698520510211341
-0.207129348947873
-0.467700297857924
-0.147165810504789
0.059461889672170
0.308370293060446
0.334407991163990
-0.277063392523158
-0.503163843246522
0.003751697782074
0.012286606331294
-0.665513160788049
-0.050313452782057
-0.185694333006727
-0.102681918976225
-0.004528311316462
-0.200223907564875
-0.154722763856861
0.280803824110829
0.186689480611626
-0.302817955416795
-0.002189960472212
0.005156901552803
-0.048645591275252
-0.022045594426433
