-0.678917779026899
0.197662969018434
-0.543426520863405
0.412671152301229
-0.358309260408960
0.767014160892026
-0.829277317841020
-0.541050467219318
0.795861990839772
0.497037097217261
0.368772599384049
0.900797540715074
-0.885285467760453
0.185850489584344
0.620372126820141
-0.221271591990915
-0.688443025702528
0.725141868713932
0.864879263796779
-0.287261287576451
-0.332941422513306
-0.818870083636882
0.791338808902482
-0.399891044678917
-0.386368134288545
0.488932237511739
-0.352084122786481
0.112230187668175
0.342028034080272
-0.926012377974066
-0.533779143690756
0.803978491195596
-0.910693385633790
-0.296310375424131
-0.667598807491682
-0.695907611633249
0.318275583741106
0.438564510951242
0.603324272435886
-0.672033702654793
0.790592593221434
-0.508536743590638
-0.794411083582327
0.595085143908749
-0.895555586635885
-0.010398344727881
0.164746724695572
0.952878065110134
0.141950476617709
0.810918138938500
-0.077336963238327
0.983672625004081
0.554628512441053
0.816410221253695
0.703385543740924
0.682676019567425
0.765811264710374
0.547278525841460
0.780156227621209
-0.280030677501210
-0.554427968493152
-0.724195419570077
0.401031148293823
0.916032742305541
-0.901423097641690
0.424164662821259
0.063763360732347
0.997876032038376
-0.264540710213203
0.787461027718074
0.265501234944180
-0.466392466991771
-0.743127000116013
-0.194145642500052
-0.926665870862163
-0.078737030759884
-0.396838014568833
-0.335879137159293
-0.190248688799278
-0.643745216207671
-0.801608773805546
0.576113183525588
0.191501021223166
0.928535575038146
-0.849377838220381
-0.316933390501019
0.891120138226270
-0.330632881831292
0.747917781107631
-0.298592491092229
0.691722012438371
0.529750251446030
-0.196813104025740
0.927941895672650
0.865162980612537
0.085807830891522
0.956544556451285
0.189441339684185
-0.494496025443728
0.648732831589426
-0.642497359936792
0.726411938877784
-0.983704515206797
0.092973023431074
-0.713847906735027
0.435797311364020
0.956961234446478
0.067564710850146
0.716565405819072
0.686328421532047
-0.097310183044147
0.930223034549474
-0.383213782621589
-0.879901780761336
-0.644003606229393
0.616541212288770
0.562028817413599
0.745447277834905
-0.295367571181589
0.951924590738703
-0.025566678531191
0.715318052392919
-0.528943661810722
0.752660282347722
0.003080830642837
-0.611763334455362
0.105574274240710
0.260118454470811
-0.925270739784875
-0.379262503195268
-0.808195764938473
0.450846479917710
-0.548262791178119
-0.043638539854374
0.363674302743429
-0.507864110915649
-0.917677402538351
-0.333133018160103
-0.994672880086198
0.028683064373989
0.829400715927826
0.548170898497076
0.042477718302661
-0.938301676143422
-0.492385434487045
0.839086814216132
0.197662969018434
0.678917779026899
0.642231424438033
0.349183238350535
0.508378326305112
0.157655409800924
-0.089469705934580
0.107511365706800
0.198551316699433
-0.283081596299221
0.166128849250776
-0.158024574139025
-0.317498687715605
0.284471122246676
0.170757160173527
0.732816006301673
-0.011954608545239
-0.008518094513702
-0.210235198452614
-0.353929333406898
-0.297084082270310
0.361030252694909
0.358335865988750
0.292344743507553
-0.261331092660381
-0.737137023854510
-0.905032356086587
0.210612416286414
0.129900032515189
0.092972476005283
0.048696998448994
-0.257540314897833
0.119271364496625
0.261939039453817
-0.238917083485994
0.113767550404928
0.705455777317119
-0.456830350106312
0.336111811235798
0.267206615063304
-0.298933091225033
-0.164294671040431
0.064258500971302
0.103225708200898
0.034412601326421
-0.443495026513404
0.162807804183679
-0.195896729505463
0.515013214303298
-0.238795358458893
0.146574641537012
-0.070164345596254
0.082125520376401
-0.138264104968797
-0.110395838467623
0.164362367994901
-0.299234294552062
0.156454974223979
0.548562258893381
0.109629048522050
-0.167418236220393
0.374328406893104
0.001496872863758
-0.007469437325397
-0.052069290581016
0.069350752196195
-0.010611381268489
-0.008065798102971
-0.468782852439270
0.300276505447878
-0.729913619199026
-0.423335882585239
-0.589588638656965
0.249909920498255
0.317266638838058
0.185560565979919
-0.061184092781427
-0.852033627390791
0.120637021405619
-0.731330460247811
-0.159734703033730
-0.001340959621810
-0.190806029095366
-0.254444697370417
0.180661417657994
-0.381407873667291
-0.179287799134188
0.253855631769611
0.130694126168066
0.578256484919573
-0.274229438540388
0.407042434690662
-0.294387147235013
-0.116295519612898
-0.218494243431672
-0.443159450674973
-0.220773089442683
0.019842714532279
-0.260688846784279
-0.516392020852961
-0.228838705232255
-0.084591279205930
0.107436383409025
0.110176527426828
-0.073567690460049
0.543221561039587
0.089490966049402
0.267678113804536
-0.058141222169438
-0.110031428534407
-0.128868851815915
0.329558269963189
0.270115954703386
0.077184350982316
-0.140984997904625
0.430417842426244
-0.274243282530212
0.230700208825774
0.033809907662300
0.073854326786647
0.624619989430312
0.312275995993546
0.165356774510347
0.355497171760967
0.787088228545895
0.078919272570721
-0.568842273911161
-0.773052992797935
-0.003370857810014
-0.004759105549829
0.036699313878635
-0.377107700056845
-0.189638514986948
-0.813351598807368
0.055512305951575
-0.778930953458570
0.110929795078136
-0.185970851602955
0.040772362625677
-0.090226148566069
0.015568696724069
0.106586744680719
-0.341029520427577
-0.038528874771811
-0.005810851611918
0.231205830629703
