-0.263517911657114
-0.957143866451115
0.467682282081404
0.768104737954138
0.842082258323246
-0.530638170481290
-0.384143840158365
0.494514861883599
0.674952133453639
-0.698187069782459
-0.322930798518444
0.353373701908435
0.258494900213407
0.437199337376477
0.515867865944085
0.656078459960717
0.289084059341852
-0.951575727901340
0.247862076584842
-0.818545324518024
-0.080345609404718
0.985309398521004
0.058162209039210
0.366773841215053
0.076712188543742
0.997037272611851
-0.006659505744738
-0.655939295421966
-0.009188373990801
0.932963474868174
-0.754606007941246
-0.380683544199320
0.770004585538546
-0.600491573322509
0.867144745010517
-0.403737232582172
0.932027122490706
-0.347554915936164
0.232506460322165
0.602141275103431
-0.974359400462982
0.047549113043216
0.244565040648250
-0.686364960881851
0.046606798044244
0.969057435870225
-0.310692763808980
-0.939704627963828
0.982356540870304
0.137303869644858
-0.426962290263953
-0.197451475761989
0.585575939082891
0.746775435875128
0.685441452050596
0.598907384559831
-0.820399685271740
-0.487992457510250
0.779160719062825
0.136324729471845
-0.323238672174097
0.271708548072898
0.249233172078103
0.805689876572626
0.619692798584722
0.756205931822675
0.601726813843021
0.151043595875985
-0.834419526995045
0.307051701406912
-0.159240665172900
0.856233800225115
0.874296761373776
-0.081715521181074
-0.880983681533524
0.436605144828111
0.896360238651275
0.428681302938619
-0.493277996085601
0.866266078630332
-0.620619934638144
-0.718580168644272
-0.316448124034280
0.456151892521290
0.336594257305205
-0.619076645693019
0.661533344990215
0.204625125710997
-0.842563702415721
-0.531382396039431
0.721127917503635
0.272724009895358
-0.676353950512281
0.319614634730051
-0.444770079349950
0.524334851634492
0.151367195234655
0.948930173274357
-0.999514643823516
0.030808341174296
0.970724690534426
-0.227886100447896
-0.158518922878461
-0.519105008785547
0.772238449233296
0.042228357061057
0.090129222281830
-0.097683548720113
-0.934512781403816
-0.117943181754061
0.460712546535332
-0.876066833271962
-0.926727432212282
-0.274796764272036
-0.557041058639255
-0.821147125635235
0.709459461865059
0.695807676796451
0.725560028004968
-0.220542910528433
-0.642398518819837
0.299533208723582
-0.647806240312693
0.712787113393634
0.209777355799835
0.630288206572341
0.307491771667497
-0.939028761019688
0.801847745762958
-0.532203461845745
-0.717641102598438
-0.616660835353633
0.057742065948655
-0.831899337746045
-0.546811716451420
0.476195742254536
-0.229281553833485
0.767369666368992
0.278920424680063
0.798262468180541
0.629274922182074
-0.763684061178356
0.476932273583171
0.844861510773742
0.402348875133265
0.290326860658506
0.977377278685006
0.084233964333413
0.120433537901716
0.862292414832307
0.416556305642046
-0.827084506145192
-0.750108915280103
-0.066593202055711
-0.572822731214039
0.190681096888211
-0.084340841858265
0.085560221747737
-0.075611658323648
0.430779841316979
-0.014424521644462
-0.095459600988168
-0.602183335100182
-0.495241145677791
-0.228313530687439
0.069623019469142
-0.862300824228403
0.165166627085454
-0.366476084489915
-0.779571937320842
-0.543605032852461
0.089078434648035
0.026353403815648
0.101190606336760
-0.490434839425873
-0.167396567999618
-0.135581473468979
0.065784772459467
-0.874348742520266
-0.312423403882079
0.005448243657353
0.001494587769277
0.376307340671869
-0.654287457514689
-0.341753497755374
0.112691060502934
0.370129794060277
-0.385556412868100
-0.100776494859933
0.190648647259865
-0.026664403848036
-0.290422533208021
-0.067295933757349
-0.077474387058097
0.670447960801146
-0.365877250704191
0.059371578966363
-0.211749512843037
-0.347487691278726
-0.590206223091688
0.219260410494846
0.103345850184321
0.062876884785990
-0.128342183477256
-0.015197478632006
0.126064708118916
0.563955009310221
-0.678727386279558
-0.272257077321556
0.159070273115465
0.379584714289066
0.165515573915449
-0.104923537252801
0.278924307204475
-0.470907139000286
0.390602878179994
-0.272284685284727
-0.864611054679872
0.523920381516110
0.119390462585108
-0.053167194768442
-0.203240432638022
0.020369678335339
-0.784025350260878
-0.042852094234865
-0.455661062251508
-0.489690787869382
0.041340321518032
-0.299989431426227
-0.372738631861526
-0.181844457365420
-0.013277564036306
0.041035568378468
-0.105293614259046
0.032392839142445
0.072184510557970
-0.305876046343452
0.070094808896339
0.027652628956631
0.831276950153327
0.450741450514906
0.547978610435076
0.708212244311640
0.137613983304334
0.085037900861878
-0.022084201772110
-0.148051964798738
-0.619416464701012
-0.314066675620085
0.584597247819177
-0.673988136783856
-0.270171300013714
-0.170265409207292
0.218241125555579
-0.003291057037534
-0.003239110991354
0.040311303752583
0.064315621735786
-0.822741958167465
0.168811762664736
0.485979505399592
-0.407048478337956
0.927189043362248
0.350221537700522
-0.018451636701101
-0.335312994638865
0.123456812879259
0.070776185680361
-0.080419381663651
0.243301721703084
0.090886241835773
-0.084630656951354
-0.111855376032877
-0.002706239791469
-0.651116029047141
-0.031167083517057
-0.127426608866385
0.693805779193751
-0.245174193260974
-0.110323256617698
-0.641020398392619
0.384477680098623
-0.152187480845871
-0.022644359306484
0.197624324917272
0.186398213551684
0.316784707287798
-0.066091688061681
-0.129623698625466
0.536476506878285
-0.242389080198163
0.644579006492449
-0.510537608813078
0.312929887028818
-0.533262500634000
-0.024729213658699
-0.033228988168488
0.140340875585750
0.224695994698980
-0.090864426450252
0.686774649407340
-0.531193258231500
0.089096001947631
-0.172337450369666
0.381578138165851
0.310396003107366
-0.244082574624631
-0.287812023183578
0.074338637530230
0.653739801165130
0.632526874203912
0.485205720600886
