-0.123156123484743
0.973052007917014
0.961860322255886
0.250756331294069
0.065899457691828
-0.751424387545539
0.504799787037217
0.805076497830050
0.714436389880644
-0.697099335239495
-0.722547393032923
-0.005488988928010
0.828187555390864
-0.306785847606226
0.104818255368015
0.164363902601768
-0.003202280888201
-0.109250758271302
0.495859643093685
0.430281147191854
0.279165498756858
0.138186945666788
-0.041018925349024
-0.044165703732390
-0.071117461589983
0.687631763721595
0.333975414545175
0.329314802709524
