0.683532915777059
0.181060081315801
-0.561198422129221
0.406319903834813
0.449225078100892
0.242089970504448
-0.646891387437183
0.692665810619481
-0.090550250628907
-0.916079119280711
0.747717644119651
-0.663462012891627
0.443067102193404
-0.884254069365325
0.860185298347397
0.484612526782756
-0.852098025352773
0.477613271480924
0.861588693103955
0.290880736728659
-0.041708157665730
-0.107569857013123
0.806122192554732
-0.545684371818505
-0.825228365372228
-0.230367069259498
-0.916945878379552
0.061737583682246
-0.752799470025448
0.619617260978478
-0.074504061426664
0.985252128062431
-0.610797822432922
-0.789406794293548
0.708487177864463
-0.143514711285709
0.593303160811404
-0.588741043260993
-0.120836452267792
-0.215075607923446
-0.495272463159091
-0.783230392299746
-0.150661243914188
0.127926246394420
-0.895791180390325
-0.049781233184435
0.626598973624923
-0.760321763312225
0.791134881112110
0.434635204578191
-0.890637138291446
-0.397575319515022
0.440052448070618
0.812347803416878
-0.486744483584213
-0.868337116629222
0.993623685011921
0.010048994502846
-0.984315788392617
0.107280690960711
-0.621109543068736
0.666351805474860
-0.861592438644245
0.318888639266855
-0.848862151474288
0.124218806355136
-0.272778690270446
0.961995631833886
0.902395860685412
-0.385392148310493
-0.466294733955849
0.365269410868638
0.494775950956946
0.205445843428017
-0.054413232238213
0.733223153246494
-0.559329416619637
-0.573995098581855
0.121178793499859
-0.930513155719630
0.575725861876461
0.017939627737597
-0.797315419696730
0.227910685346146
0.760086935750168
0.638876608169478
0.770512066532564
-0.194235435113826
-0.459846774730781
0.841227101923572
0.634405563841225
0.625588052904774
-0.913246667964764
0.051845567380554
-0.550261372505278
-0.787109890966062
0.093965618751336
-0.922695802636904
0.867837163282004
-0.496669323419802
0.655639948858679
-0.056075927199658
-0.923043671664446
-0.304963081070814
0.117197074282456
0.784418024853201
-0.116694791533813
0.746624157002485
-0.257291109057849
-0.838323007592076
0.976959378728947
0.151035848002405
-0.266554805089096
-0.709035646306375
0.336217789335256
0.706872634651548
-0.321884117357831
-0.920917100313888
-0.125110283851093
0.832278863140126
-0.276388253531910
0.935858735597012
0.612032957933681
-0.786998416787137
-0.290268782423371
-0.257361868280800
-0.231268236570919
-0.504130313771159
-0.295314774807168
0.327602615503159
-0.768037534801490
-0.578225767576395
0.761420542800213
0.549757370515649
0.945687061013653
-0.140203476691922
-0.923132712073275
-0.056150349395160
0.931650527135366
0.363272025125147
-0.191679143947820
0.934812598354109
-0.962923085056215
-0.224615252935072
-0.760166094217708
0.234888762744564
-0.699994339317076
-0.701533199844981
0.316605695481624
0.829797086038453
-0.120354548551859
-0.991984568321048
-0.313569609231870
-0.949415903016083
0.950203795604479
-0.311171994675226
0.394112991097149
0.718291484173282
-0.853433446746695
0.072604019982047
0.181060081313669
-0.683532915782346
0.620367205137158
0.367566317196846
-0.514292428534868
0.689269594090810
-0.254688770781351
-0.192039677401150
0.377819399775367
0.099258251456997
0.026970790986340
-0.003009743430915
0.122349771349164
-0.082564018892075
0.093777736830089
-0.128209545148785
0.178788605067263
0.117682423467976
-0.327039175961215
0.257096671122403
0.842585179566944
0.526060234783477
0.008903498077914
0.228727577580344
0.204069885007141
0.473586993507046
-0.081908073602858
0.385603156577455
0.031298697374359
0.219972269546873
0.073190747554903
-0.135537830334329
-0.061218301986290
-0.003905475169478
0.319920522094203
0.612454329717083
-0.224837648520292
-0.500822698326484
0.116597004771947
-0.962053103086261
-0.364676275235553
-0.090920592247498
-0.139582370472630
-0.970284920484136
0.174107666355014
0.405914412744801
0.035133146704045
0.167481952725225
-0.235966141875783
0.359885841229215
0.085110544823204
-0.203606356404827
0.243572404075444
-0.295156523227487
0.080292660609977
-0.051220584109881
0.070997627585241
0.087007627079932
-0.112340136875239
0.083624013984413
0.010444803953558
0.412418613692098
0.028196644042609
0.393920619772982
-0.411474021851937
0.307720433645770
-0.012326921615953
-0.002058511680056
0.098695282061482
0.165571265433536
-0.140103988392488
0.793421924958745
0.205854517263548
0.818909446456073
-0.677600109070456
0.016766033769613
-0.531702926391214
0.273810570604864
0.332476885423423
0.094446215899597
-0.162290130926180
-0.801174022998254
-0.070744302600613
-0.554382615770399
-0.014538853690198
-0.117869212982688
0.042655192045280
-0.605610671690518
-0.271376105496191
-0.085046552691371
0.228363774011620
-0.392452742822981
0.341957079777691
0.215308885520685
0.270555969944670
-0.066857375055415
-0.372349744942042
0.034038004208739
0.007036030914944
0.011346165401782
-0.482074736579255
0.578442474409798
-0.150951072241368
0.179448246503541
0.543135561535945
-0.275602920630513
0.198935990776710
0.623986510577671
-0.335059890622133
0.344602219722744
-0.127398876821772
-0.080672616892573
-0.376750089445390
-0.533175729242907
-0.609798815954584
-0.124233975126291
0.210781514567404
-0.062237146937358
-0.504214610734317
-0.193460427909481
-0.216995822426481
-0.026282567716974
-0.038088827553865
-0.067811441461321
-0.687639277569609
0.613727241247296
0.465760757759154
-0.689517618355027
-0.345262114527787
0.828407980627832
0.160898857887603
-0.223349198290937
0.016527571464598
-0.343121596445097
-0.228415528633936
0.183970959756526
0.257896701237590
-0.279575438216254
-0.004780127947257
-0.006154788922184
0.237203775418819
-0.181985935338224
0.088852076857033
-0.120135044233252
-0.445469859508838
-0.410525739275016
0.130738661618013
-0.027685678565691
0.064956835407157
-0.454948611520660
-0.038456314613472
0.001584525838369
0.016597014755703
-0.002842950496780
-0.008163407058699
-0.014768051119782
-0.500720597772858
0.279304810160144
0.304598911379742
-0.416652746832154
