-0.027014759157459
-0.628802904239861
0.002320031194210
0.634424456600894
0.853717280067129
0.377525413282988
0.464042221842239
-0.764579586133078
0.961057286653479
-0.064827867178117
-0.539756261690908
-0.735029929238207
-0.323926494023161
-0.877587193787100
0.690381495726519
-0.049784371592737
-0.426479495563218
0.878697512555042
0.738390452369550
-0.404979992761539
0.500729129939357
0.855960130527799
-0.337217682946703
0.926696409097462
-0.844255146842880
0.369251464964929
-0.640243162488874
0.460866589683146
-0.827998783169610
-0.291675472006137
0.493075517982180
0.850006817917920
-0.652693295267913
-0.756712661265095
0.465100985201634
-0.700097578897847
-0.051188650073736
0.997584679233014
-0.146743671075805
-0.989173637509348
0.718863372863340
-0.690991297926311
-0.621180272645482
0.773031736863110
-0.227149282675784
-0.728525661842284
-0.958916117658727
0.227391834605296
-0.870144400093230
-0.334928357942559
-0.929246489161287
-0.212623358931428
-0.780061580752174
-0.623564795621457
0.485733956011326
-0.073110265817751
0.953205572115819
0.279974727715472
0.798084620717296
-0.212243906676967
0.742427094261365
0.435429225720634
-0.991107814534110
0.129928204814584
0.023130990099380
-0.595186063874839
0.871063293925612
-0.163755969807092
-0.990227881217746
-0.133371686537389
0.135010652652710
0.867478014303042
0.224136177220949
-0.827930781123261
-0.786579794046652
0.143733303509132
-0.022994453577876
-0.884813600701735
-0.664787245635802
-0.715852684838485
-0.511275023378924
0.268150408986762
-0.082074022565454
-0.977617690857174
0.335963082085001
0.901282068850033
0.801380791113873
-0.482017533064425
-0.072327533017895
0.982919069941452
0.789309926285406
-0.128487257154290
-0.483966759814417
0.348775326995287
0.345936687016317
-0.817473455535633
0.805023713972831
-0.561520913670434
0.986601743764754
0.043311863526628
0.722615420596285
-0.652846839324629
0.566364322634935
0.392395161896266
-0.769868176699485
-0.613276166793867
0.166621321323300
-0.661408809292710
0.240414646311968
-0.970170932691294
0.487639624323467
-0.846181320376582
-0.055444772874729
-0.446019607052490
-0.321914809707754
-0.932364829707288
0.894404208101605
-0.122154542139193
0.309436685920099
0.305252086169832
-0.314402432282310
-0.770079324222946
0.669529557698572
0.065100283494254
-0.357580691785218
-0.329027998792243
0.880838688996868
0.470661324553754
0.498462833267421
-0.615286716503721
-0.465906422976482
0.094335215628121
0.667690546007271
-0.547971762762956
-0.513258265244935
0.507459537462601
0.193619845954956
0.892855549130620
0.004436119533289
-0.832064222038633
0.035277791815016
-0.418933266027699
-0.227288751977074
0.766409610807301
-0.418878846074927
0.099194921326910
-0.647001633112381
-0.547505332629676
-0.202547373976769
0.910582106410861
0.942746852615381
-0.320904444453402
-0.825526180665670
0.425983606653880
0.490975601676512
0.502792450625472
-0.843707658552792
-0.421137192956278
0.061893909927401
-0.905407391141821
-0.354270515284141
-0.764123142295082
-0.742932163979736
-0.227879156860752
-0.641259159906805
0.431609680333442
-0.218912646226397
0.284110227486532
0.329872226932994
-0.302104595652825
0.223130012487924
0.149596914856315
0.061502858718360
-0.405723525888013
-0.349970200490794
-0.049327502867862
-0.507033842244077
-0.513625923725369
-0.072884634452379
0.201726922730875
0.407043061241066
0.353675969791358
0.105833818794966
-0.073496912698981
-0.118249603789835
-0.116340151613592
-0.194359238092886
0.336319920936174
-0.114263239598102
0.603849808707942
0.294451073467023
0.377679757776028
-0.150387375711870
-0.108390868093922
-0.016740196601980
0.033123653348292
-0.475480241021540
-0.259736393260438
-0.042637093570763
0.019662352733858
-0.001199087051266
-0.000609955707357
0.049822940896283
0.057307520502110
0.127716452815789
-0.015668770170009
0.506176575933172
-0.401794521358502
0.036943888553463
-0.165553562171585
0.360268759203662
0.029633413137002
0.233477095227501
-0.191782990961839
0.029454035061542
-0.042465700448519
0.432561014157532
0.756047870204428
-0.015321054855473
-0.113042268227935
-0.033380282120231
-0.562938024136407
0.139192324528726
0.489723285016391
-0.020482126538015
0.020110794503464
0.801543632996011
0.052405258035378
0.179008628739717
-0.427069820011585
-0.012926695479528
-0.038647600613302
-0.364033624872183
-0.311020157439288
0.132908615067944
0.496617454153724
0.410499924474432
-0.438318123132463
-0.241596546053461
-0.397752757442262
0.036098473349034
-0.210498816793266
0.816363834861444
-0.015598004982356
0.193716079118416
0.001259378417654
0.003149337480641
0.273513293129942
-0.121929711146992
0.332537322704985
0.163209816490078
-0.044736849623688
-0.269842508869310
-0.536344931385960
-0.799421170970781
-0.071117776102534
0.288678544069816
0.358789152936006
-0.178226559903186
0.069759420848991
0.075963915054397
-0.137733675213456
-0.199054313778744
-0.109523232541640
-0.338288128709130
-0.640951349901963
-0.164488266985644
0.064334623431633
0.654016123827665
0.327167590149014
-0.031095418593337
0.001494704686800
-0.170263635538406
-0.131129951760294
0.776061472468678
-0.442403637231160
-0.069449034304637
0.149142586975932
-0.232698291957609
-0.361898998734339
0.195857229113047
-0.879039275061082
-0.509442630802858
0.220447614865665
-0.216237580614202
0.707625206721071
-0.872841669256675
-0.044989390776026
0.049510690171583
-0.012239815942977
-0.609801874031509
0.033147168397073
-0.236918006137960
-0.847290936154323
-0.123860165106202
0.488441338839001
0.024641805394063
0.691696141685729
0.377937103935907
-0.149946220717888
-0.544046262475086
0.107995905170616
0.902493183480980
0.093575903898321
-0.472603729909999
0.370947228271169
0.649244447739738
0.627042683533592
0.437650693016019
-0.300147744277013
0.289812417131117
-0.214064363349192
0.003493260480605
-0.090755201201149
-0.360794591643888
0.082896046577773
0.512144422587408
-0.493812515601852
-0.152403118752521
-0.295929283787154
0.375774715459166
0.187616532323893
-0.534369054259858
-0.071119190510191
