0.715177820462846
-0.298743864367806
0.112212146835945
0.991559388141056
0.750649796473090
0.354252020661129
-0.927057005673512
-0.088780348203753
-0.714055352464644
-0.100831477717824
-0.754913138082048
0.655824650297584
-0.845474659709261
0.257392450436054
0.885384066941151
0.460506443942487
-0.398412309414139
-0.907914442145742
0.422003811202575
-0.904449891662157
0.609389547301212
-0.367477282953105
0.796805852237052
-0.319876671689615
-0.149954348499640
-0.035670807507636
-0.378543767129140
0.468608887355448
0.212469709084024
0.084694871382152
-0.821792834552550
-0.560897222736104
-0.022987842210468
-0.828066032059040
-0.195201916890762
-0.956218960719080
0.427654748939683
-0.337300788598738
-0.674809536255382
0.694270779931272
0.247273334653940
-0.796463264380499
-0.976898053967820
0.077998640945960
-0.954983568144557
-0.113276980112746
-0.773918148772989
-0.626997644854095
0.995367353318737
0.017417997884041
-0.307495958919932
-0.898889895322076
-0.261937713521779
0.502767815546352
0.060159074350278
-0.475376657850911
-0.632699561614996
0.763440979331652
0.960616661343047
0.270787021341337
0.840415662802630
0.456273464033047
0.470428708243881
0.856093275979225
0.518512074004865
-0.631990352077232
-0.891397505448292
-0.395217142174450
-0.552262473307649
-0.806431876028064
-0.926038273858553
0.324914079686638
-0.068084895104869
0.995519181274244
-0.598899413277273
0.054567762035797
0.007861829442802
-0.979389967601895
0.543672609592021
0.839254317791688
0.126328485898681
0.928778691070438
0.877788295416741
0.230026499775247
0.555914935066378
0.707526220153527
0.554878374811415
-0.785097681692876
0.637926373716257
0.693034206214345
-0.187056846393608
-0.150997305113398
0.416092322228414
-0.783128534901396
0.594632908279779
-0.099621543245686
0.847462159512864
-0.452342964055629
0.307080449161382
0.950235382332711
0.362919682720621
-0.541280794618386
-0.601859451904898
0.543254049878006
-0.638718103753228
0.227241734502290
0.627286009887895
0.629107496778476
0.863552503024311
-0.499470836708729
0.528784189636924
-0.384636535225942
-0.444907531316709
0.752251051309005
-0.277375147840568
0.725218925233273
0.203018306980702
-0.974492553322980
0.963243403728897
0.108750524726954
-0.608443160033443
-0.082076691965365
-0.408747815884059
0.525810159914782
-0.596629471109336
-0.628066674831565
0.507952323059167
0.658541004047610
0.280712642708607
-0.955417788726004
0.798634889806556
-0.166396677110737
0.816681074951946
-0.248369144460010
-0.696748018899753
-0.517672223508632
0.675008182655717
-0.214038963096085
0.467389616472616
0.658421086385345
0.932820348227716
-0.005798983792733
0.767673650451331
-0.036732172162397
-0.349332229998136
-0.869977840181299
-0.618545740578643
-0.684792214841226
0.570676061967628
-0.789638480762251
-0.405546729106499
-0.248477982114460
-0.372635590237128
0.406921882953316
-0.173052732358832
-0.626576263755671
-0.736027741510646
-0.613305026526804
0.169207729060199
0.959308595623908
0.979558602566744
-0.189582700869821
0.638605895741282
-0.258347502293326
0.214885209074232
-0.594219770406309
-0.029769990175783
0.057724878317209
0.548888995469848
-0.098748466137539
-0.232849895148150
0.280114769931858
-0.568782867354500
-0.395530045030496
-0.000297219839420
-0.000306061324271
-0.006208554680646
0.467849527195241
-0.030465404826733
0.055684182699722
-0.108890220069641
0.071427707674711
0.059283945426674
-0.019198713953304
0.668827336819485
0.215115828511949
-0.489273733878386
-0.152939733510499
0.909278192407614
-0.386593398378379
0.150880801547449
-0.783801831321903
0.744819789852368
-0.626838800751505
-0.043743124821401
0.090207436699362
0.541157850422059
-0.144659554081571
0.211841316478204
-0.051621385454822
0.149769746826184
-0.825171870979390
-0.248674229155855
-0.027951773935859
-0.127449331416875
-0.536897415138937
-0.141492219647958
0.139879791047751
0.233905203282170
0.143049174160336
0.034862957954587
-0.081909868208080
-0.085395185917019
0.040596890510997
-0.294558813140047
0.103335845365033
-0.765669032747430
-0.303914610009698
-0.877722081719147
0.001366091659791
0.116728940752310
0.056775788855502
0.028924192034493
0.055257670403086
0.119778868605497
-0.266775303150213
-0.089847356405204
0.194238476698485
0.140544287936938
0.558552349489973
-0.218802319914575
0.036598396303983
-0.189654821677326
0.093299724096686
0.187709679236497
0.040608281069113
0.057464895441829
-0.031682685578688
-0.389441854088039
-0.697622315015090
0.193127430448085
-0.058611249833901
0.008414460578770
-0.001216758224912
0.291554080132530
-0.190807429158577
-0.234497766268375
0.348692293355708
0.223025787733444
-0.374999641028209
0.168782326658193
0.217357184318718
0.075784024842964
0.327124307126022
0.819010450880987
-0.520990817014553
-0.445116424614083
0.124290972095859
-0.292177427714684
-0.742374301310404
-0.217303829119046
-0.173126476638791
-0.052440341463402
-0.002080022368326
0.097707809836765
0.752168590921048
0.423781347040239
0.403794015984192
0.305551229299403
-0.668609620265739
-0.068680673811656
0.453893141984784
-0.056636910879383
-0.039977720344833
0.754802891082744
-0.052101940199334
0.402064472657253
0.272983157372417
0.393444085177642
-0.492262419531136
0.094531294401604
0.014548708791715
0.115964181862610
0.216535856313259
-0.108094347056498
0.781905333003280
0.176971526643448
0.724658524753480
-0.465562262380942
0.181155474707649
0.526781971823791
0.175524749389367
-0.091190135408049
-0.007849867115126
0.058012182070330
0.575438133391953
-0.137620269050572
0.502399692915894
0.458754522980222
-0.190005144172698
-0.055773744015812
0.703875390323485
-0.339076607362676
0.482758401020781
-0.271143273713378
0.237263344912960
-0.375860397347419
-0.517742093746298
0.321307475245304
-0.133667711245087
-0.313537686041949
-0.223952916338071
0.182296405835644
-0.132544039534073
0.031744035665416
-0.879080689763470
0.335588818128932
0.763503400915269
-0.753884419780023
0.095463182086418
0.209472369282275
-0.195554173238426
0.174962183664141
0.143122315086956
0.048341973743287
0.046758926880271
0.263821216392615
0.675157347411991
