-0.088716490920862
-0.550806293169336
-0.430285594505414
-0.872542642030982
0.061729272235470
0.959191044662076
-0.241367366901613
-0.936786547622446
-0.289855243283301
-0.720655226153774
0.739345398760589
0.673302929625926
0.405665622189520
-0.914001227506801
-0.664933622450098
-0.108185597536677
-0.562529509308195
-0.006924127868944
0.975183964897653
0.135514002876469
0.395312860174629
0.456686107482613
0.176215340235058
-0.823739653203143
0.608532985255196
0.682523800062208
-0.319169178138832
-0.910767236712427
-0.268822642571345
0.864298274600618
-0.294924332168940
0.394782132234846
0.948331419329622
0.178697961916511
0.952769813156026
-0.303641697756991
0.729130774126927
-0.662941286644805
-0.362860818137168
0.851780977317783
0.415482070209005
0.091004217496051
-0.611993151110227
0.736977234839760
-0.035618084707007
0.883945329940179
0.824624455395931
-0.426872663665995
0.000702274941255
-0.632585904820822
-0.288140254192561
0.206274611705955
-0.186192883077110
0.792184940639536
-0.167907438213257
-0.969925208883080
0.339426794569235
-0.824857475006159
0.120361094102567
-0.398505299333157
0.589479039189373
0.251424949784827
-0.714988251102596
-0.496530094895462
-0.740782663072569
0.652709619122338
-0.662499654779957
-0.711338184488841
-0.880387129440122
0.351097286132549
0.275984540686058
-0.875968704771213
-0.788699450839910
0.359751465902213
0.157156508452407
-0.694795698167474
-0.848622607233374
0.450463953382547
0.758033188762887
0.559968401945094
0.442791483865710
-0.539281557487873
-0.338435820343532
0.612447062868631
0.482513142868957
-0.856233366743049
-0.620797361139929
0.040912577996879
0.805700151783799
0.096663128020005
-0.072612524675224
0.987863857331569
-0.587897750983788
0.266258737342163
-0.620172474540497
0.426180747751010
0.910777888154898
0.341630928004216
0.588681185758770
0.808334238719935
0.951931137421275
0.283019834624983
-0.994385963938162
0.105663939917893
0.880526928862477
0.469979744997507
-0.362310088204623
-0.725120213909015
0.259850113132471
0.469881983328802
0.089620434399382
-0.669329543907545
0.150274116670895
-0.935793185257147
-0.791774102576750
-0.565737109803546
0.540490198760710
-0.808812288491313
0.676365632838219
0.700708830197170
0.032249296509829
0.995916702090369
-0.972789072157228
-0.062289370610647
-0.710923915716267
-0.323144832492168
0.168171852741631
0.498698067837116
-0.070592975915753
-0.462014041042499
0.615591688072065
-0.784285987780891
-0.670143555719432
0.634887087018985
0.371189830906104
0.926589015019767
-0.213409753999486
0.976945576513776
-0.812389475054150
-0.372037853955160
0.709932259675594
0.345239227438413
0.920317837326518
0.040816319819101
-0.473887272612057
-0.154977514385396
0.654648696354065
0.462442825417832
0.927074236628226
0.058514120043212
0.273364334875018
0.914368603612250
0.175727292004809
-0.539914636555932
0.488625794830677
0.647046561884582
-0.231618732373531
0.690420461068458
0.410487114612879
0.325780673275839
0.964400860051302
-0.197540985729888
0.502681773464100
0.843258479791744
-0.847485954829822
0.528184055795507
0.262444789797636
-0.810540765174661
-0.187387576924524
0.808472453246306
-0.205935023399852
-0.105424907569412
0.262572347741863
0.084839843179259
-0.039865018406754
0.250167021599630
0.356284031187241
-0.519328096755222
0.004350591926853
-0.003552272311820
0.006095825224458
0.000002117354235
0.270854042726905
-0.687602531815812
-0.675595410832756
-0.476532735992456
0.164606034245982
0.059640951708539
0.787869857709618
-0.120110903441608
0.538732080355109
0.012995507026080
-0.139249916602615
0.380076740844801
0.222192095895616
-0.138797509988133
-0.411180090691308
0.107952824800653
-0.436077197930310
-0.752996270779651
0.010209119649152
0.261973913577554
-0.000994285757298
-0.005514881477970
0.035373376382294
-0.166210375506812
0.374774958785499
-0.048424411278969
-0.397368807319498
-0.813136466223383
0.263927511775188
0.112566455262101
-0.283105635834596
-0.370436505595010
-0.370621375059956
-0.020347799053691
0.768964666877564
0.092346742908480
0.667925880895199
0.654447091910245
0.398089232412555
0.423438535271119
0.122705606227699
0.126473378882939
0.021657780926866
0.451586688887352
0.794534118095377
-0.442065909805568
0.402683823884342
-0.653563841536506
0.392439295365718
-0.297053976747010
-0.158590438299910
0.007763509266227
-0.023010454912373
0.233586629902664
-0.135214988454400
-0.288731891005857
-0.286578433988281
-0.272734601282225
-0.043250640616010
-0.496650220086872
0.635014972133754
-0.298859088576856
-0.277122515944660
-0.011180713389550
-0.112356828697655
0.314955578775854
-0.668546912690914
0.257208337930371
-0.110682950644578
0.705775513267921
0.178870782060164
0.045285008112736
-0.088942147939679
-0.777834231493592
-0.468914338161363
0.348744675319414
-0.133731343374009
-0.031118297473788
-0.761943890335491
0.054074274452635
0.654118218035953
0.076716549076294
-0.230966345958272
0.020651743601096
-0.007079214549094
-0.000323678975137
-0.032794106503015
-0.112478573049959
0.000591124772498
-0.005597954564191
0.061021300177565
-0.008232117876556
0.581790413785188
-0.066723232785610
0.798051349139284
-0.273501160116375
-0.654081904667389
0.340797595908870
0.311256112550161
0.069486953345406
0.230237115428328
-0.005115052214407
-0.011389970866640
-0.231437455034206
-0.026549858493102
0.225459022913401
0.038436073049826
0.075050474086264
-0.183950753936483
0.126347043996319
-0.298776706850113
0.548540866973520
-0.825095445389401
0.205513919427958
-0.793817742555211
0.389118297225261
0.070416674912947
-0.031366460452879
0.016919879969389
-0.384108993810461
-0.015341866056049
0.058442568582439
0.005763727221892
-0.000629981393759
-0.108003525032307
0.435828423380436
-0.539440539369480
0.292933383202388
0.224271876931749
-0.317885563611460
0.644237817411872
0.579974531774990
0.596328269064504
0.044433243141017
-0.330043303607873
0.167871603552722
0.297126160158326
0.030299209496147
-0.670924534114948
-0.476940639492980
0.219750057736973
-0.542480867408269
0.584745049194631
0.357415132855432
0.851021533720247
0.033609980677949
-0.060571917670115
-0.165044184626234
-0.118912548000866
0.148613514911148
-0.013824838041716
0.050970907611250
-0.495578279725226
-0.168963217780486
