-0.516102415771423
-0.163384604894975
-0.474040794907120
0.804822067973943
0.710801030379022
0.699391229653931
0.288391659981174
0.945754968613789
0.367459510096215
0.929000922099349
0.169349531296250
-0.742528645375890
-0.813387076936868
-0.338176741474430
-0.708655566908521
0.655310037476322
0.740891396426395
0.427007366673312
-0.944622670657746
-0.058569628553329
0.283398610319475
0.656863611608661
-0.293499221249674
-0.477841316083179
0.428702790553495
-0.115453953038174
-0.993576874576944
0.010073945772019
-0.294202095464419
-0.378111484777411
-0.092706820210816
-0.357647152465294
-0.319027074375718
-0.828733861910529
-0.449676329412490
-0.872436949123426
-0.640329777362031
-0.203640396306642
-0.633153934627214
0.693389286773616
-0.819409553152922
0.564822038309164
0.822546271159969
0.553980154795785
-0.392482147068797
-0.159312411843069
0.053150789374702
-0.713703664451462
0.413632217180098
0.791222512601921
-0.162944757966936
0.661298027489775
-0.421594344227683
-0.694578028181918
0.012557762068716
-0.628493805322640
0.211608749978214
-0.975976882625176
0.200215918130672
0.794818258486664
0.014063565115593
-0.992526976794317
0.853037401072845
-0.451753795896749
-0.949060816820241
-0.286989251493104
-0.067834349701011
0.994124256046439
-0.698191341739027
0.711466952098476
0.874676602714308
-0.355068952676371
0.607896204942439
-0.440663834361690
-0.768700824314722
-0.024770933211754
-0.040011052826393
0.486020900699881
-0.933469638622011
0.018257467886649
-0.007983325199293
0.645403190579598
-0.711001941847270
-0.506592128311556
-0.645557538109181
-0.664557018894359
0.370136269239795
-0.631193863973594
-0.970318191190182
0.209432216637516
-0.547495639792359
0.551963832960325
-0.950717956392078
-0.032061179411495
0.582581633621232
-0.796957269168222
-0.860785116820609
0.002255239338326
0.485273776535415
0.676711689468555
0.767575068975997
0.480534184746950
-0.517296605587487
0.805303018142493
-0.762059050310634
-0.515814376525375
-0.381789833331055
0.898332392839512
0.872321394155840
0.372556478425841
0.887318781710986
0.458986669905165
-0.285047805294160
0.092715343206236
-0.259036935978213
0.954025032740752
-0.132698378380279
-0.990925210667739
0.272277993884392
0.770480488825866
-0.955232635458129
-0.182677678366594
-0.461465926399790
0.023795049438920
0.767722592281846
-0.168348016973865
-0.425578029272058
-0.463792632357939
-0.227983866695616
0.905265432034918
0.068433471860764
-0.389903956939031
-0.745255423056501
0.651726075980008
0.916856760004113
-0.390644253375535
0.159506722720183
0.937087803773379
-0.821687446567355
0.520044987579693
0.072542668118519
0.728899778933960
-0.343223576063632
0.270972241642978
-0.543565606275171
0.795063729224454
-0.908832230657714
-0.065635256258277
-0.392258297630010
-0.745352469917302
-0.980271384019362
-0.179719806044656
-0.716827304113973
0.609631571795895
0.161372168033457
0.894261697480060
0.849900616377594
-0.254237780297226
0.942826026642022
-0.314873989542267
-0.760642322490352
-0.621621476759285
-0.356216017023748
0.060238850089958
-0.642956346400523
-0.000955020553287
0.509958902467592
-0.307366831066391
0.554314201443314
0.829845435052110
0.285913623730981
0.790694104621524
-0.029208631424921
-0.355940471871707
0.010108188954113
-0.074240336821377
-0.126343907258849
0.080093738170979
0.032467043138847
-0.029608888669281
-0.370475056584432
0.531714377739353
-0.148298880659462
0.449494601294593
0.125097454309355
0.229622884742923
-0.083143434473024
-0.511695042786326
0.054590161381517
-0.318241296771636
-0.694928758148607
0.072728567368342
0.594906452693331
-0.575857791745121
0.206685979932962
-0.871874536730289
0.047447350474244
0.102236289327557
0.737803406247517
-0.475523885660150
0.905120975933584
0.210356789158092
-0.362972375105236
-0.282264002041695
0.175194796509881
0.077147597799149
-0.224021657804382
-0.705919727766650
-0.090433929525635
-0.331887174268918
0.093077303719723
-0.029675996601228
0.095439287244347
-0.086110175609850
0.791655314587768
-0.440294427116621
0.532285569251354
-0.452188175104307
-0.183123681118017
0.411510682578674
0.668209990359978
-0.299381585058846
-0.364244308205311
0.455132569283042
-0.753448646008160
0.192751075512860
-0.051669290462666
-0.004598471157436
0.220255194708288
-0.528833784196256
-0.109226531257273
0.052554555856527
-0.110483755708227
0.236725663983376
0.014589089635650
-0.129259018902082
-0.084252144980420
-0.004128027005087
0.005267033035691
0.079472540889062
-0.263623295785471
-0.198417835460092
0.503305093221771
0.427740075559045
0.565956073239130
-0.296949771391443
-0.863924023084395
-0.125769956954251
-0.206268511447682
0.292838521752890
0.699866617196047
0.305904733933622
-0.485550837917619
0.045618395628059
0.023542793634817
0.375586435453311
0.541826803696161
0.413542214376880
0.057685371835826
0.106269244637720
0.266464218786288
0.569720345098115
-0.273064859872032
-0.143328400784640
0.151492630519197
-0.050077282129938
0.224383553281722
-0.456832483052952
-0.425132209820566
-0.354729834263699
-0.258707312916706
0.336133808206635
0.251724064413537
0.143269906865977
0.389759147774080
-0.035907374393234
-0.092776153221175
0.196540124488014
0.316596955379327
-0.004839785686109
-0.002516856543038
0.044612575642311
-0.949310736084283
0.094661186271090
-0.137865052601152
-0.061068240307938
0.020187852741785
0.007128663270020
-0.303285943795014
0.490145026172165
-0.044389249387170
0.228449277786453
-0.034327707101009
0.886174138033474
-0.269119769262125
-0.556628705937190
0.018913119269731
0.776802438906376
0.183971230809271
0.307688869352907
0.586573151762226
0.706557642322335
-0.036535732423631
-0.136061076538610
0.009875255449963
-0.081689829656020
0.209619125388291
0.229093595933410
0.185550773377537
0.141258137980984
0.678823889600258
-0.051388719387116
0.028582185638285
-0.898862992762084
-0.060926591580427
0.262103125858510
0.015518339660080
0.411673621680850
0.413890019831029
-0.345366725399038
0.066120120748944
0.048958498957606
-0.301100337864212
-0.154423279606471
-0.162146981197820
0.384660104888324
-0.225483986638167
-0.402727035497103
0.045879917022747
0.099138728104304
0.186473174567610
0.015419209926777
-0.646315478644532
-0.672129252614455
-0.505047638224130
0.575789117371336
0.074560472513873
0.799942676004201
0.063884656054154
-0.003327269492916
