-0.756650817391971
0.201895814815069
-0.711037524730097
0.697851811413970
-0.568267049169192
0.822691349477859
0.918176374303323
-0.242800903504089
0.535531319950421
-0.433834979437974
-0.865354931985326
-0.476324393726678
-0.048833214925984
-0.401692034830168
-0.359924452868335
-0.863978919865045
0.546977287181566
-0.776643142342421
0.153333162615513
0.520790818270267
0.633062710007814
-0.717412348864036
0.254767395260850
0.803994719455091
0.678434481784990
-0.018531729388883
-0.487758366136049
-0.846723273056815
0.946708575077904
-0.068393115104787
0.936946355082482
0.012594912260428
-0.990453885426868
-0.134933186381028
0.146505209425033
0.988053886951894
0.766854412651498
-0.310225342392175
-0.043699657564815
0.563196782576579
-0.580618505315306
-0.319041018689989
-0.395024442173161
0.918280208142195
-0.876874097568801
-0.476286512730955
0.621495250008106
0.699822393992833
0.413120034927141
-0.449297566177792
-0.909956039409728
0.039622333815928
0.995287859461651
-0.054339375075155
0.344903513440594
-0.019144018846520
0.942157468060287
-0.224496094084070
-0.397899820877586
-0.086665465115395
0.430533785048390
0.870467278974133
-0.770278183994272
0.128140008467954
0.196805146386213
0.675082610811682
-0.177056804804874
0.976417827821204
-0.716277536363389
0.032955399557015
0.379342597641901
-0.873462896129816
0.192938258060746
0.728147354736944
0.044848523633996
0.970550933195211
-0.843845746494654
0.074440797684269
0.250616721217032
-0.924001195235850
-0.101919892325817
-0.979548902149877
-0.760823032234976
-0.603662991029081
0.196467635313107
-0.839297769534005
0.528669190278399
0.229373972640338
-0.566895516091246
-0.764550032971041
-0.899839642786920
0.433596494630992
0.415167256216689
-0.717319512772865
0.105284543514018
-0.935233117532508
0.245267855152229
-0.257442741062601
0.835770898831488
0.471344965599277
-0.144356632441451
0.919247061000546
0.234565540217299
-0.964760066080637
-0.021832273864553
-0.811881119906882
-0.628129571917735
0.623573529384805
0.512495502577462
0.858546978841143
0.624029559037252
0.385327374103121
-0.243051963503878
0.683584828539428
-0.779952564971062
-0.179070366473957
0.291053504789223
0.933155279756561
-0.297909951160514
-0.868993744239719
0.941147599031724
0.318391166461617
0.518902803202714
-0.351441446859318
0.979367292645388
0.104777793242746
-0.037262729953186
0.998754093769158
0.862910302713369
-0.059269575905970
0.602382558843021
0.498289861326003
0.628074400570396
-0.253759594686167
-0.368171844277873
0.841155238094099
0.113897911791243
-0.528227832846094
0.548045032799805
-0.804027599445420
-0.843744039006249
-0.066993034823343
-0.355027510196774
0.070957391648861
0.951325087926457
-0.283910408153926
0.891204291182938
0.310833127267353
0.243561068449144
0.153225751718051
0.555697067812375
0.537705470817268
0.561869144990897
0.643430922764028
0.739019499711450
0.628848850078603
-0.958250538687730
0.118341672052275
0.651312991218484
0.752324753547600
0.772529605344384
0.366885415367315
-0.529371388871876
0.695963197268938
0.776218446909740
0.625558815685143
-0.802749377729825
0.237369647653020
-0.819927943688470
0.537748974752179
-0.809291751793407
0.585393497609943
0.047496892841394
0.620049728385260
-0.028617195184784
-0.081299101296960
-0.004362500021928
-0.015247062549774
0.022651321237519
-0.312228737586721
-0.691535359560974
0.216268958579559
-0.117442273197047
0.102387626673806
0.805259977016563
-0.433376505696002
-0.299616704904090
0.184999038912841
-0.304271007700262
-0.071136703838813
0.519553428516824
-0.659795498441846
-0.265529056693402
0.118513488457902
-0.280664282482917
0.458163317975895
-0.094872641666850
-0.728273582381060
-0.200220675228333
0.071155859487158
-0.072126857807378
-0.306370644910806
0.255487234858698
0.238115872438315
0.019584448453353
-0.020262907853060
-0.044046876402445
-0.018590663510729
0.112304657210476
0.550529028029787
-0.311782544326136
-0.763996969285630
0.704629626454097
-0.254149698409881
-0.026078733620713
0.006086794957037
0.059788103390933
-0.025852611017090
0.214605586655621
-0.279171476443598
-0.329546343994737
-0.720321276187378
0.298212422793751
-0.285446015730159
-0.013194581544006
0.079216236609457
-0.094391021928584
-0.933683783696609
-0.201458395532443
0.146134609140750
-0.151074457642539
0.900744879502476
-0.231090540813076
-0.059367820525907
0.265882346935119
0.565294821381368
-0.629788608216807
0.329996230123801
-0.109275725734246
-0.057601468301285
-0.387305074419985
-0.579530164762597
0.114612873552670
0.282888055447394
-0.620425375465083
-0.218285619877000
-0.187412444220579
0.144554736183305
0.257428933254304
-0.464879842633084
-0.282697011178701
0.059122331819506
-0.161779002251266
-0.062640548176475
-0.082332374002958
0.223518874088157
0.458948508462098
0.215281185685455
0.314631751291867
-0.754256805739653
0.298400565699373
-0.071062108819780
-0.042981759762681
-0.020863016093752
-0.559032778694154
-0.023900173771303
0.325928525150148
-0.089581121118899
-0.801445864156701
-0.480886099954363
-0.237856126589309
0.150815752209623
0.191677602913001
0.312098862627770
-0.047471731899398
-0.109377588696787
0.552335423108413
0.187877564749761
-0.244493161862937
-0.396020691549424
0.006087359990438
-0.014435685261414
0.654263959885361
-0.184522613816556
0.420835494096973
-0.544550284304202
0.236533601545834
-0.551053223913716
0.193939120050991
0.083046366122861
0.166877285522399
0.358122192901320
0.113152719320329
-0.008045126875695
0.477337640866080
0.615936333455171
0.036288352653300
-0.168951104173166
0.027709214374166
-0.018274259890642
0.122138937468918
-0.486780244871351
0.131537894163845
-0.609541015273286
0.438899617425609
-0.590335278698896
-0.361656023679135
-0.161592942434028
-0.750719981288919
-0.380029119923564
0.115345387791728
0.199704038188194
-0.341538376995909
-0.408606738766727
-0.339843795081857
-0.868001561357023
0.033380959366739
-0.115157148173038
-0.325782553115393
0.054803343474007
-0.867134139648937
0.406544288856267
-0.345821207215913
-0.531489687687012
-0.519858398817129
0.006852497174111
-0.241008751449307
0.017722430022533
0.244441951888516
0.089438727168259
-0.035959355505487
0.092226771716261
0.515300266153608
-0.055305845615296
-0.469545455045413
0.122181121034531
0.075346238336321
0.022000799171833
-0.181614595349002
0.516008939538530
-0.012305812481737
-0.195940741784198
0.025797280416435
0.041180259327407
