-0.335150196518180
0.827011658636307
-0.265730687651045
-0.241444892135142
0.552744149845402
0.441037217105415
0.718078689426400
0.693532519102695
-0.896745796210437
-0.389882574206887
-0.454851591123620
0.623874679537027
-0.137387033896304
0.302083734808136
0.513006140403232
0.682945341381797
0.551313206285062
0.826038239115507
0.978995272462572
0.199909383149070
0.936501226323805
-0.100441730950290
0.294041305445688
-0.928484774474939
0.976383468554738
-0.185576013974250
0.658634044141542
-0.740081438761903
-0.569696973750502
0.666831217329550
0.234408907277744
-0.555049658862294
-0.733764586828414
-0.580692114268345
0.394114560030348
0.821473791411045
-0.564856066183742
-0.383960076868241
-0.356192950563418
-0.917168122102997
0.895076020688221
0.313567501406340
-0.645324438694398
0.167498256580211
-0.997483398312955
-0.008936461984561
-0.836585616565250
0.073179537013686
-0.030849867720818
-0.742699516228099
0.808781640451545
-0.496817904872074
-0.054591723427204
0.898351096174664
-0.148666093975601
-0.938965454783447
0.514362844864470
-0.853211353824632
0.631902402772227
-0.680254612106058
0.535859671472785
-0.829494754596827
0.584924370316673
0.486639025509690
-0.263505157820081
-0.960989536140099
0.613122592459809
-0.720671595800865
0.004500464929887
-0.949201484727444
-0.525431595482182
-0.436539669165024
0.134770323160596
-0.956519078766987
0.896458289677728
-0.441129096622095
0.772097050583812
-0.456124078745877
0.879938083894448
-0.065580262550715
0.405773256853012
0.686256098265395
0.943999792138730
0.048712013878316
-0.427666475984522
0.757416129488638
-0.354274270975499
-0.383800729134783
0.771813331255255
0.458965645500568
-0.782887928089526
0.607676890178357
0.765583845340634
-0.028520327736397
0.292778839930987
-0.375359486394502
-0.390121811487763
0.904681210278478
-0.687202671782383
-0.162314414196022
-0.366502606595546
-0.890392116885728
-0.689059778920302
0.496594398586242
0.828692508343075
-0.547301637687521
0.201449705773339
-0.978584856603781
0.066134105261289
0.991429363090691
-0.938565646119496
-0.324457492325984
0.199095484519029
0.961616930003333
-0.740104820800624
-0.622471721552478
0.599365153980791
0.677036369118670
0.333037522031582
0.632775326648493
-0.601909059594540
0.549377903996385
-0.383547072852764
0.550457960507653
0.173594555617962
0.427820755739674
-0.907699400699425
0.382854752779891
0.345630046814147
-0.897732987180907
0.395622380139269
0.091575634249948
0.006644905877279
-0.997251534865035
0.199446003439497
0.915817855176487
-0.615649143293855
-0.471931545911683
0.399584558666755
0.839047852988345
-0.678874642052727
-0.194523607385642
-0.947417621311856
0.183368760270214
0.839123995059996
0.520134404254670
0.605598301178719
0.732400366004927
0.809942370936486
0.556948526724738
0.500111173345648
-0.673743957983445
-0.962687055521861
0.261276605667620
-0.699859837687657
-0.630936651509635
0.961939426464069
-0.020608196681347
-0.160120428924511
0.865973701114042
-0.960053267563401
-0.165538898027231
-0.442299924907614
-0.896180531958015
-0.583936796786292
-0.768198428756551
-0.049198268261997
-0.875262954769021
0.715548982092328
0.127498930116117
-0.080919244512490
0.927502276768492
-0.005670331397688
-0.542871134549800
-0.130579336118399
0.821484854901469
0.449261161501822
0.043479547139809
0.546697098517507
0.756448179437886
-0.059936057166289
0.704533708910336
-0.032824997439210
0.047939131008502
0.208916618050477
0.013870905200142
-0.566307980493692
-0.288419287694216
0.880952681412746
-0.337331577521636
0.482339279267412
-0.194317215576165
-0.084694375784413
0.080879161748408
0.014390669876930
0.037381862518963
-0.325809240919520
-0.082007623482004
-0.170688055482053
0.149403219429075
0.030026209862779
0.106467328752645
-0.113253992256461
-0.075194369043451
-0.459611306232727
-0.139781732988819
0.769206832072359
0.212821967566579
0.306545965335008
-0.174401177404037
0.394465012219845
-0.119381228554766
-0.730272164264822
0.014657761313904
0.174621217932907
0.037903139904449
0.073569726213813
0.308385853494529
-0.619612460605135
-0.414223492246878
0.009294019514426
-0.069718225296567
0.380336692242330
-0.387444527710441
-0.644973956981832
0.177353627172811
0.228145655148129
0.216780505359827
0.187171400140831
-0.393639325657826
-0.283296678762015
-0.126432824170641
-0.082485416816055
0.025639920833532
0.370517673314324
-0.025877979845090
0.157370481518124
0.005234131464086
0.636423151361284
0.126536604474728
-0.055033472511024
0.063525271623427
-0.238625180018382
-0.218566148070539
0.259596544634122
0.177780542300487
-0.699334065344266
0.210443866062668
0.242463174086153
-0.090110050283030
0.007594912940579
-0.041351811071365
0.150076447229133
-0.416285994545919
0.114801586004847
-0.456320932597573
0.473264257390734
-0.374728667562081
0.106784358944052
-0.308364448065696
-0.433294294538485
-0.235962383505989
0.824036100692445
-0.219433921707605
0.300238132549024
-0.321732469157821
0.132649825347533
-0.014809221117929
-0.323671051557738
0.555252210299757
0.630528402392347
-0.613041385747223
-0.002407463969991
-0.171321580916731
-0.012561416186970
-0.707989215781381
-0.265937991621239
-0.046418769467588
0.171377188268094
0.499219875113557
0.046360952343936
0.107611830661800
0.027913816655257
0.031788571992591
0.111535069582376
0.015938204921828
-0.059159330048971
0.101597427457505
-0.078324562548591
0.171811323482099
0.074963880391875
0.243216419535696
-0.323981816582581
0.278242609260410
-0.492401586716698
0.496207690692953
0.072969762445626
-0.574947664007068
0.736181166977639
-0.089022278151443
0.342790199473678
-0.818125424591445
-0.136805738865222
-0.103866385598490
0.271967430610753
0.025476874876675
-0.207652834845925
0.889930972449611
0.069973827372715
-0.023428293109576
-0.340132030838491
-0.076217776467405
-0.451700135973355
0.440708220364226
-0.366270389986188
-0.046657071169428
-0.707895353198727
0.013189217835352
-0.006421458730990
0.262172678691956
0.156518180254442
0.028864886541061
-0.310912696334317
0.013179406034501
-0.179115325412475
0.041465582635612
0.052133172892646
-0.541516413102859
0.027748546560898
0.064793414983427
-0.278091563461325
0.186494588943625
-0.085216897640184
0.258816387425726
0.457400209618602
0.123434377143228
0.036691860788102
-0.222594483383290
-0.025992856561489
0.023571210701664
-0.200900527191505
0.168902248620631
-0.458376586185377
-0.146236779388989
0.315212088800429
-0.610225381412433
0.301518770550807
0.205616228596676
0.793300250208720
0.275560323038780
-0.422378127581493
-0.360150506715099
