-0.999019562127822
-0.006406248931755
0.940423422058608
0.101220090025477
0.973935974021404
-0.067104429467657
-0.651346455796856
0.659476800503714
-0.435916935428820
-0.381179266958719
-0.978614515816128
0.188844433146613
0.503969813440841
-0.862755343467001
0.061611607452401
0.874370722741388
-0.982683124664775
-0.176808540171658
0.642899659806997
-0.763977539751113
0.763964545065050
-0.640700859722248
-0.507150317447568
-0.360158812288470
0.972970983756147
0.176165854669324
0.259473520596793
-0.817653541702669
-0.514472735156605
0.835719972161527
0.939402903751827
0.338954356045524
-0.600379698929692
0.747859810128966
0.755636349747626
0.651825942397007
-0.378307591256984
0.567521393453914
-0.266275655381500
-0.105711629219616
0.246535193521013
-0.422913832318290
0.833936109060057
0.461602398639151
-0.216079160648493
0.896745584188204
-0.636508508273755
-0.525269057356533
0.865808821742157
0.261309482327624
-0.229216518966954
-0.465001660100744
-0.929457069751414
0.305399498260453
0.105171241044100
0.635533715228314
0.749579165291338
-0.313670040146561
0.583128559329765
-0.621950767550522
0.474646552005481
-0.306104844356836
0.592458761711118
0.359274556202561
0.857400284405846
0.447017108364495
0.889414713770235
-0.183261378704270
0.490336814213780
-0.237842680452007
-0.174001548546483
-0.982667704808438
0.597882296958143
-0.461949498795191
0.410976937800680
-0.468051061255221
-0.300608494019916
-0.915106264791327
0.358166329322553
0.698061375710824
0.813838602507166
-0.254679464833908
0.093128633040271
-0.964628781121145
-0.451246205274818
0.856082694085451
-0.306442294631141
-0.639639155923790
-0.458144273260369
-0.756600025658644
-0.146711944506650
0.581754558054303
-0.723573063702037
0.066787291724056
-0.417489097780102
0.735114410168298
0.337687064416303
0.082973584371150
0.659492675772419
0.703134543884652
0.313256147300746
0.606003251264187
-0.396367743653550
0.546285302407556
0.819112621090646
0.511922928226651
-0.493264833300972
-0.868286284821638
0.331158286550581
-0.940880044044250
0.843591650227575
-0.301394131929066
-0.840893779017199
-0.365553155474700
0.649366045141359
0.757242318347718
-0.280110784458963
-0.913975181461081
0.761624196811199
-0.632094843372719
-0.134058440360273
-0.200665198071165
0.789005596070442
0.314302505936366
0.539390959360784
0.760551191927126
0.579795308687380
0.266478575712144
-0.962959795943556
0.187047356684094
0.352118673523873
0.519563206743179
0.005326550666192
0.999165413214794
-0.589134364658559
0.110060842561779
0.932795085607975
0.111923584736547
0.933354339086885
0.009681411881619
-0.822452746263476
0.421577525254478
0.220993460534413
-0.134722606664122
0.128952771342059
-0.853477462715071
-0.731814479776120
0.461526127563664
-0.476863907366008
0.801565635195938
0.368019074864224
0.519260519240947
0.279442748396802
0.455571322200818
0.643177555434895
-0.724865386431030
-0.862131655979859
0.505060765509168
-0.928037449610712
0.044162959279103
-0.085577647746462
-0.472974164239038
-0.187826317934493
-0.961798105360545
-0.087786124551477
0.775849417540714
-0.342104767394701
-0.934626919080139
-0.183112195917167
0.980330694823445
-0.692370109925488
-0.626594002698224
-0.116444396848131
-0.770231386457519
0.378684629149086
0.807593941377960
-0.942252266383814
0.327265185939651
0.049964601253391
0.510657081566389
0.020834864614942
-0.038532880466384
-0.008167015947123
0.324486641434330
0.016016120313587
0.216076833424827
-0.375251607934725
-0.004937090303235
0.804918218406519
0.129558687568356
-0.063794461065728
-0.050810198197145
0.039942925890403
0.008497477911431
-0.461358279272075
-0.137216570380345
-0.029612133467560
0.046858704345523
-0.052102582186570
-0.017426046751220
-0.010022267422513
0.075895562389610
0.005217567220767
0.782979541518223
-0.071857381747414
0.130879995055118
-0.508003673930243
-0.077771750163948
0.072442305502131
0.177882110636099
-0.014728348833109
0.049144731976591
0.272550123681421
0.077242161985553
0.053497713672083
-0.035702134252671
-0.728979188645871
-0.058242397707128
-0.840892715453698
0.459153316328864
-0.234093048570961
-0.839979007713983
-0.242531581477297
-0.180699262761299
-0.383315129498235
0.047187552067783
-0.181572900215695
0.534771557009308
-0.151035118828563
-0.399100026960121
0.845029566140011
-0.130989602203567
0.004614932879644
-0.206928500564556
-0.764742234212883
0.014325574209361
-0.418161082220908
-0.406058481245541
-0.521641175892777
0.032075062751451
-0.747071875803938
-0.350562529819389
0.230491334419802
-0.683218964677182
0.105321424588570
0.232266774750188
0.123386613911642
-0.400165562626072
-0.623968367407010
-0.560057268908740
0.057087209797129
0.028787037143843
0.073180474290251
0.650986972012175
-0.253930754724003
-0.739963061550464
0.208450231915574
0.169598226043457
-0.584107949802456
-0.207954560560456
-0.238189719433142
0.464834117527379
-0.206133666172263
-0.135378299631686
-0.134947333181714
-0.212810949858360
0.054551859719465
-0.702836371335071
0.133408340400633
-0.447059773144057
-0.590605587152619
-0.539650145878077
-0.468293073505885
-0.502675915929364
0.534116420775848
0.005413525216427
-0.523112282552874
0.778097918429825
0.023202674912903
-0.264826093267909
0.705784723717240
-0.191045987665032
0.078006131493498
0.733743840596906
-0.000769919151123
-0.258822017514669
0.051126739670412
0.012441395013219
0.046584042677328
0.053933838506171
0.353678314106168
0.269121450345491
-0.399026156593109
-0.006831492311037
-0.068547197929324
0.014460026863120
-0.289385673882422
-0.049429220655242
-0.073768241915714
-0.122241311748439
-0.343492333640930
0.907620421531567
0.208304032903205
0.485070648470826
0.208076301677920
-0.295505550029302
-0.404871027407198
0.654909169180561
0.037190249625792
0.190626868742603
0.613089566430002
-0.479778800583358
0.038730341476932
0.011834928913648
-0.463591368917500
-0.652602753578428
-0.181885080890637
-0.290317510313687
0.118296012491901
-0.338765407620345
0.231196091541568
-0.303960914625350
-0.149694910721533
0.954255282070118
0.496602435744274
0.091287590687350
-0.068788311544047
-0.496698468853100
0.231059402915189
0.276956492339558
-0.655210849293132
-0.406975695419612
-0.191711969308797
0.823172546663446
-0.024383365231920
0.245557030522345
0.030826412210468
0.026312795574581
0.339028618733158
0.147836804712645
0.567381137434518
0.668618389705278
-0.113837523037966
0.163421838089706
-0.126901259217240
-0.611757589284388
-0.020351272920514
0.094987767355058
0.068053171979081
-0.028114378473670
-0.226555436271834
0.276904714586199
0.624663407417621
-0.054588837611825
0.332499053515131
0.306323941126666
-0.013568014519956
0.069814565446168
0.796605796386625
-0.319612404062981
