-0.541768623688535
-0.821566056462937
0.179816495202219
-0.241672720256815
-0.771426009678629
-0.536565503446555
-0.646245672401165
0.535129208509316
0.303194591885004
0.455685610966304
0.994416756722031
0.023998941931890
-0.715344511659918
0.133031398802643
-0.813592122628814
0.106668604847791
0.807699876580713
-0.210984474513163
-0.938432397775237
-0.167718207318800
-0.425947208155965
-0.904479433921521
-0.197455278335083
-0.116095940827880
0.619631776469843
0.677534696452461
-0.915296547973521
0.398124193516403
0.763923987342409
-0.470806461474401
0.106072039102204
0.224062205397975
-0.479879589175594
0.789918349865671
-0.861751536614868
0.277472452851069
0.933514011852509
-0.334659536286446
-0.460718822749370
-0.871395957938323
-0.430437589765323
0.901582642895588
-0.374598109106936
0.859467630958857
0.113220707429568
-0.976592842968321
-0.900882647252752
-0.367608224840510
0.246969455454138
0.968991813802147
-0.986532138828060
-0.147323526627634
0.060651101999301
0.997730176961226
-0.472509294941418
0.832284331670966
-0.941679920889487
-0.331612581472530
0.382320602781902
0.503963303590937
-0.590000206903433
-0.577331946799874
-0.655189671999390
-0.082278517296478
-0.794488338541876
0.427006074165633
-0.311495647309894
0.912798890220837
0.824507966178642
0.375726717472999
-0.903864655120907
0.028875756742431
-0.609282387022228
0.744904003071796
0.697743182611972
0.410089978486511
0.634024276719610
-0.098948946441420
-0.814009740322052
0.557342131684660
-0.219699976551410
-0.817536501238589
0.822952901168348
0.563833632351890
0.584088680194369
-0.804679254401532
-0.509778659830551
-0.184953545836700
-0.370348507939522
0.673536510706186
-0.470339101458393
0.783950878003185
-0.747346127464295
-0.658131691450237
0.551942156753057
-0.021137109498842
-0.836479794064221
0.277010851741802
0.460123669416818
-0.179795635506174
0.099756363126561
-0.517875556696582
-0.949952448592539
0.148365161559496
-0.386699576225016
0.010989627380804
0.846221241229161
0.506467648620479
-0.379610779171092
0.123206924642001
-0.081265899624714
-0.594605897692462
-0.208240047781568
0.707308245442074
-0.697071003467399
-0.611516434676071
-0.392389544890757
-0.851641280307064
-0.341400368651063
-0.590305845197778
-0.939371044031660
-0.248497856075774
0.258437380066392
-0.963742577791966
0.251740975652332
-0.784784911910546
-0.050873436116472
-0.868081939902274
0.849030996101246
-0.484643260669315
-0.464259567934242
-0.520506132169147
-0.377147473460453
-0.903190966851493
-0.325962818315911
-0.839335591925768
0.067851834193017
-0.642458531189548
0.837294278955970
-0.096158192367408
-0.146403147656203
-0.438241051812180
0.878095632632323
0.072740408076168
0.011945451244836
0.955035886429017
-0.695369785838126
-0.710750806768114
-0.934715971426142
0.027535608029186
-0.591892569987485
-0.763622959258233
-0.367695732128461
-0.761187070933670
-0.197515989077663
0.890649318332916
0.835011499501141
-0.548762698857772
-0.619136815847496
0.638602641346987
0.141895392450937
0.665555702186205
0.779451290592972
0.423035640837268
0.487783481334460
0.568983726736673
0.852031232091983
-0.267791089379052
-0.911135885966628
0.015658722841660
0.621143321975078
-0.779566360914048
-0.639721897853752
0.421608021072236
-0.095104525487810
0.991870716443490
0.194199482324076
-0.038993989514345
-0.277989641999812
-0.940578394961050
-0.727232495582871
0.684311094633868
-0.697735945940089
0.664669911100921
-0.174626612569135
0.031961217705161
-0.950562841111611
0.075436128179295
-0.006193794354094
-0.341995627185424
0.103696157892803
0.534088352186443
-0.502335019544692
-0.669390163917118
0.045964687752924
-0.091905452593206
-0.065995876421806
0.682809944908511
0.100242406406713
0.562708740552302
0.346993101025872
0.427436835949306
0.244180856816422
0.177738422700284
-0.012904939305249
0.017871542145880
0.156570775086614
0.960738641863478
-0.240061953187969
0.315235555297108
-0.040341541517372
-0.045846655632345
0.025198420329591
-0.440597840450588
-0.888045436286781
0.387195239799143
-0.044918060308867
0.379113371297093
-0.343319733724025
-0.250049770018671
-0.082662520711577
-0.098597627340531
0.161522640272609
-0.048142367334311
-0.043269149928794
-0.000003296354074
0.345013686206314
0.044240301963359
-0.126919721038435
-0.131677161587450
0.133841026753490
0.188045814806007
-0.007735334558170
0.001057098095904
0.054753272482245
-0.045301177841367
0.029212149273131
0.001608770349012
-0.115509652324838
-0.265885835780647
0.010690109785746
-0.056193807091727
-0.661306228453694
0.403145156898285
0.345161630331337
-0.446599404394125
-0.493547912164084
0.566009891870539
0.038358029789147
-0.430096214930239
0.140466654271410
0.223691230843757
0.392673468703318
-0.157555052160916
-0.112245838349077
0.411820042820926
0.185897368642969
0.198330954224828
0.299252068163375
-0.505399703564804
0.090865436184677
0.761554853595772
-0.112370136140844
-0.118873224124326
-0.532283311782358
-0.006361245466214
0.059508590996918
-0.036040048349501
0.087949424351682
0.059971743019550
0.510478846024055
-0.667329942101917
0.174045144799892
0.615547592785717
-0.399345120658266
-0.068743182380381
0.078927233771205
-0.045901353380893
0.151248104903706
-0.819778682916222
-0.067291041030192
-0.468015446258595
-0.123842623870171
-0.860594412489580
-0.691229805713590
-0.494019161050581
-0.263811443562498
0.077341104814546
0.416226860107815
0.822859566853430
-0.161219865471448
0.037527147117640
-0.786054270193894
-0.472053380845134
0.796478586211077
0.073902244179261
0.614625131864039
0.280333864723295
-0.013018321397809
0.374125900672492
0.325660615186054
-0.121172350204204
0.124192393139441
-0.720805831619413
0.134557095308503
-0.194229877368937
0.003737582516025
-0.066305315113132
0.385674383095284
0.414722067702264
0.283700501023903
-0.404177763900978
-0.106011054978096
-0.181738641377037
-0.677324311033510
-0.234026061879455
-0.185629482349278
0.086876670878895
-0.255672164331238
0.351988280470174
0.168530499433310
0.744473394460253
0.531152278202201
0.087000861081068
0.879980901522158
0.110202140719497
-0.099916563476048
-0.462248389210920
0.295134826345190
0.025674814614571
-0.103080195376001
0.025857783028684
-0.185485150616104
-0.301899158581583
0.257866668817684
-0.006924073958296
0.387675131256236
-0.367562354197754
-0.398112697480521
0.096111944713276
-0.039043678166358
-0.009533479870000
0.422660931098029
-0.173821768056311
-0.571488252190782
0.458587486197069
-0.104915236775301
0.449988139028947
0.661937511189011
-0.012787702177465
0.449001172672447
0.026993683108568
0.294545949922798
0.287800078330172
-0.064438274501758
-0.048010116394670
0.641706116529361
0.034868753673645
-0.083169467219429
-0.015180606577225
-0.244833227402970
0.949116810833241
0.188931220978373
-0.048363577338034
-0.020176027501245
-0.049438355995882
-0.077155963520363
-0.255783925048914
