0.791541636144664
0.420798544830221
-0.394173051292598
0.853384140142326
-0.825375372358399
-0.380732038726879
-0.022342040923631
-0.928231258646819
-0.395627443932389
0.840787748316011
0.162441667635237
0.980530440628225
-0.679203430109374
0.731284501484401
-0.337536333372515
-0.930815580202394
-0.340856609374503
-0.022241031745207
0.512809885346942
0.375723906272695
0.810018862806465
-0.056698970380001
-0.690078993586376
-0.417397755640520
-0.021006767255396
0.982587825427011
0.939553723672275
0.127315228675145
-0.306440579305911
0.713195961900396
0.873248707810502
-0.327283663216481
0.914835424885291
0.377358321108484
0.359218891098548
0.658565181653947
-0.639851394221473
0.634622281468464
0.643541392919048
-0.750849481786983
0.413164552887147
-0.895334785341078
-0.163100295420075
-0.945613842893685
-0.687450441103672
0.027709279047456
0.765052964017552
0.357391574676365
-0.923974373881530
0.037680164111854
-0.574740205191163
-0.087751973030266
0.627385161600245
-0.298424852200043
0.025288514294463
-0.876591925809712
-0.008459857496910
0.202185157327424
0.624000255049276
0.780663607585237
-0.190905094926656
0.946085242209501
0.532755212091423
-0.846176451679589
0.949104253630042
-0.227582593809563
0.904682117359020
0.365034877817214
-0.956204818779741
-0.067441572426516
0.541825868904535
0.819381785161665
0.883470476857711
-0.413518888867049
0.863016614055994
0.504941904253921
-0.502801237742526
-0.843128525473441
0.972897547761152
0.225687837295043
0.734326535673344
0.330889357128190
-0.668606151246631
0.671168946776820
0.735770605932218
0.606016464526783
0.535392259746810
0.436997970299208
-0.317852044014578
0.751459454553999
-0.971325054498354
0.100125845673147
0.103239429135267
-0.733192302067719
-0.155667227362849
-0.818903569645413
-0.832778947379797
-0.259905393399401
-0.757976134459329
0.613688141908652
0.155917821748840
0.089022032955613
-0.410629537972102
-0.361061751731207
0.458618083026336
0.438523878879714
-0.703152419560473
-0.697374323641339
0.067112870478448
-0.080511114499193
-0.662938454168897
-0.282182353687849
-0.772929431757288
0.409076531888793
-0.091071206039896
-0.492667018898645
0.935914970025537
-0.323128836302100
-0.207140746219089
-0.374362708728575
0.170794697141809
0.243068716392833
-0.720376180782232
0.483193758682192
-0.527364570050170
0.792400675764438
-0.662400540015119
-0.719009301170117
-0.658971876964315
-0.556576501899004
-0.814169090705099
0.285328365120193
-0.769343868013496
0.117563736081554
0.466281586054851
0.884534075553255
0.316252138683635
-0.354734772414895
0.940300172351987
-0.072609706577208
0.392927306523021
0.897630621233659
0.294705661188958
0.950481124381766
-0.867582626104936
0.494705062395912
-0.531327543452118
-0.346061308881985
0.006065543469371
-0.999801699628364
-0.633790172412003
0.248373792375601
-0.574695429418662
-0.500774320837725
0.450369514971431
-0.737464870350736
-0.556469854958509
-0.138670129896881
0.410351846310623
-0.834899640854652
0.987681433805293
-0.148507877327342
0.999222726459177
0.038332404203028
0.785793455826692
-0.491227812029396
-0.770661537666597
0.605300042982650
0.527451524553585
-0.252590879961977
-0.536267239973017
-0.762500619607100
0.030099313301265
0.826684057901652
-0.328427718059909
-0.886203979556907
-0.857643416079108
0.379864529856289
-0.973965180051445
0.039179263243664
-0.488905932485122
-0.007260127215712
-0.571061050782428
-0.510136742713471
-0.257189463480542
0.932615040106506
0.430885468479498
-0.103576715392023
-0.337109847663167
-0.052154248117881
-0.007049915521485
-0.416831990233774
0.366341947487698
-0.060672408796996
0.313795556239906
-0.195159516225329
0.074949105112991
-0.080965370746166
-0.062450382631173
0.002372367086237
-0.126782388321491
0.059814758357934
0.893320823251747
-0.292061663176542
0.520265747845102
-0.570246542615402
-0.471404350125841
-0.344140388995541
-0.213886601899889
-0.551201068326968
0.178466148203100
-0.047219858085813
-0.260358216142891
-0.182327266660391
0.186744581087502
0.602139645529241
0.279197320974431
0.228847010160915
-0.050582261114189
0.134604151963126
0.513962454266078
-0.416048417129332
0.046816435711126
0.430874662197611
-0.072874672543284
-0.129494453169778
0.165514102955620
-0.016605906136291
-0.259730062446126
0.108411477360347
-0.604722016969560
-0.401192433968170
-0.199921953877074
0.496987360962309
-0.094174973727813
0.368758235116323
0.513277028051790
0.631284389352720
-0.597603156042422
-0.400251089294399
-0.450553355040327
-0.167178829137857
0.841808592816137
0.500407719793103
0.020955274430315
-0.027365853978844
0.008741846878267
0.261536879459839
-0.011923576447796
0.003889079204229
-0.103322667371164
-0.191655172493675
0.219655588935979
-0.007157286983304
-0.184463749659300
-0.217018671806537
-0.186030491046948
-0.020757512663161
-0.015073243726362
0.219669848624102
0.004300389854528
0.014748011352400
-0.169181797648050
0.087765165083531
-0.033801769556667
0.037320263025095
-0.493761312165670
0.327836146502660
-0.278176344332383
-0.158480222272471
-0.189623210203992
-0.235433001765953
-0.040583418241632
0.721623785861720
-0.572379195908190
0.081613861375719
-0.173886668363448
-0.127537759496817
0.250662566517458
-0.623649698314161
0.512292058267892
-0.206691811600774
0.027732586121445
0.488015691294774
-0.220856952327091
-0.009013915885442
0.113547146196838
0.977175396794302
0.647615374941810
-0.530671386189787
-0.475218883548435
0.609535293721798
0.133693676146106
-0.037036853950848
0.359457726960026
-0.927256148853688
-0.489302476696563
-0.491394761418911
0.068385962304522
0.480166476069371
-0.839002955780423
0.212271722355276
0.101144376109382
-0.097060492547648
0.307577753816106
-0.849906582470475
-0.105670095989742
0.948989252495990
0.489963290156794
-0.086705963064313
-0.296967524475929
0.076145050466200
-0.159292269557431
0.137394040182904
-0.273807728963822
0.425450338422324
-0.300585025934284
-0.406651027273209
-0.129517564392545
-0.614421664024310
0.012214161322577
0.005636129390649
0.607249244255054
0.636707296463175
0.086344280266899
0.321104471552153
-0.175893854576534
0.094492071278216
-0.016011058843671
0.097354257492196
-0.048331595511281
0.015210029456020
-0.238824462508302
-0.735455972966191
0.010527941407987
0.015777612378485
-0.438251242918038
0.586989203219037
-0.492857754210373
0.419572969946257
-0.465702968915341
-0.190875901376801
0.141116138890364
0.806968482000080
-0.300249293704478
-0.210723310433843
0.030951164770059
-0.038377351229924
-0.004055102579927
-0.008253839020216
0.257891653986402
0.273341867032688
-0.085924858828575
0.179748632712039
-0.019663380702180
-0.810929151076402
-0.302162355923471
0.199269072094215
-0.369300911470530
-0.423443427788277
-0.319686705104966
0.067662036671920
0.204714671326386
0.279718810874329
0.122404576292624
0.186745637383213
0.197372586060541
-0.849683671730509
0.359209285369570
-0.533496456705423
0.241336078623886
-0.076417694261055
