0.646215039446830
0.042997726272030
0.433212489581894
0.584414031383615
-0.006655786255675
-0.556953965853002
0.099643455097301
0.824124125191816
-0.496581718728785
-0.684010494474328
0.729167943204523
-0.379699781572028
0.392483792416827
0.598993288761067
-0.092264087406789
0.755258565131858
0.322578058438083
-0.754457643691755
-0.861725659291747
-0.016872345483797
0.424712872421776
0.796910973761508
0.780243061132073
-0.096981471879983
0.908039058666860
-0.136839848871260
0.016935683899047
0.901916752940552
0.646235741672011
0.627964497824741
0.755703762157330
-0.467415971291374
-0.891743349209501
-0.242672006830722
-0.359298673606654
0.857193345580185
0.021550275947633
0.408068145823718
-0.565991031796510
0.756355498533480
0.827108436214048
0.226096316728577
-0.267680764871007
0.710379417016698
0.275058590816411
0.923986755482171
0.926134939725737
-0.264619657978374
0.515550110569056
0.763378773420597
0.853018805790580
-0.415216695689515
0.069074275037231
0.972871251312950
0.929651200700172
-0.013335710112667
0.485070506766648
-0.761738111399767
-0.812679554308481
-0.482857246973619
-0.113199681853997
-0.343306688840987
-0.149897433077682
0.393301135325898
0.937638125169850
0.234526503379169
-0.243386658080835
0.943122977139259
-0.097356398126660
0.984622536513350
0.989147193532880
0.084597755179020
-0.806645183503794
0.582451836455619
0.586142656730818
0.804304705023781
-0.953224747270552
0.254951095993622
-0.223588480103407
-0.948323764552997
-0.671504024487506
-0.511859086732531
-0.574418944898061
0.816177881046355
-0.903605573463693
0.423226669505397
-0.424579868098364
-0.903369999574567
0.909574225853630
0.397537511725176
0.396831343940570
-0.906536684470011
-0.071523007007465
-0.996914968526231
0.995452382351570
-0.072667975813186
0.702874348376182
0.703380241596746
0.708222614684595
-0.705837302273857
0.221078385418055
-0.974253109642651
-0.974856365835747
-0.221612701486587
0.276821840011553
-0.296723137194509
-0.570592475259641
-0.816039938725161
0.238082079878294
0.946898664221535
0.968669554456793
-0.224485391505997
0.040438149667478
-0.981355447073950
-0.990607627122471
-0.057351309554103
-0.569152562572257
0.802346685819979
0.799037501807260
0.587750611880292
0.862579237290067
-0.420201080248454
0.403781429807204
0.905870834059443
0.393519880750444
-0.893503739248729
-0.892278289273442
-0.421110730906182
0.175260116649182
0.135537444393358
-0.951736518980472
-0.217369940246628
-0.715489814814422
0.576331118223002
-0.682594091949198
-0.694219309264604
-0.001422227887362
-0.914359547305810
-0.872702515762322
-0.028765057658331
-0.360259428660919
-0.845601905316342
0.769880859559038
-0.385226678144506
-0.583840591988357
0.674461773389578
-0.810074576402953
-0.447079815444206
0.918288843211780
0.143540564238473
0.051450600142638
-0.931100222020226
0.875209919145393
0.215324240781326
0.117246589839756
-0.825792796992075
-0.333666484757816
0.652750129074373
-0.618180568598237
-0.679428189541650
-0.854085867736413
0.230393637591285
-0.025549313670296
-0.885305832942140
0.443312554106859
0.773678129875655
-0.735930789047550
0.476376454321581
-0.358000702129929
-0.327828581307846
0.611185388662678
0.580266594182773
0.441724580858507
-0.596968218527826
-0.847291839140899
-0.152037545332585
0.797879126856188
-0.029841268946212
-0.244574635922011
0.670036090772847
-0.715947191754947
0.046940552910110
0.109609267085342
-0.736818542311866
0.828843277712638
-0.419349884590962
0.455134063754352
0.833147926759692
0.125626134600746
-0.751515397469302
0.615590071369141
-0.303044621836361
-0.824098839500013
0.103048935776475
0.557573300203949
-0.001619577961653
-0.456727040572863
0.277374567116213
-0.114547447098595
-0.557692629357995
0.697875433704059
-0.011549534262404
0.591957506834291
-0.265816004169218
-0.365813756746404
-0.439223582545933
0.139830539252352
0.487433721000585
0.322839720963312
-0.283419107447010
0.326518385581621
-0.524596133749018
-0.119496577091873
-0.377439388193149
0.401121949797813
0.159249912924447
0.104604218861386
-0.420830028697746
0.018685487504537
-0.458350287661866
0.062703415983832
0.376792221078581
0.267892784354263
0.253687775678036
0.783544646880495
0.468053159711046
0.255435948678770
0.205749818679553
0.464628076714922
-0.221117255395223
0.168402473823332
0.628767603178847
0.255686275302666
-0.072220329087239
-0.035233132973743
-0.266475395433554
0.052390075114218
-0.385637409768068
0.061824594534650
-0.310051176580448
0.214978993022653
0.050341885699908
0.291138149550648
-0.225409364820417
0.016471434984289
-0.429174026399340
-0.322470521604184
0.049128237810369
-0.711290780462868
-0.602819852902769
0.677334494333044
-0.603376299911325
-0.147214924896524
-0.210142407258555
0.199813530032183
-0.106567058119764
0.109060549837374
0.095634663187523
-0.014675072027080
-0.119229575213944
0.033368499169570
0.094657009263859
0.068168006820209
-0.069884549675206
0.155958793967768
0.045159433419421
-0.130566562871817
-0.183419196947649
-0.466110040417627
-0.264242408875450
0.043204757390363
0.045054313575079
0.000760879745057
0.066148128369088
-0.056818344510726
0.020645948786204
0.118312419706698
0.025314536876477
0.034666748798186
-0.139693738958495
-0.016046776458211
-0.028062536632549
-0.060840076466862
-0.009612744525054
0.064810335090237
0.083806363669780
0.013711269436649
0.005141192324315
0.024696180952975
-0.036678665446124
-0.013019682669110
-0.019322639378024
0.769503719339055
-0.493142043096538
0.075219159747068
-0.053339699937825
-0.057619330527792
0.208278313047297
0.040941791104353
0.098027409483496
0.130553082940331
-0.135137467360216
-0.004144595641772
-0.124057159028344
-0.177366082629537
0.029093452936721
-0.078394540343688
0.099712511673593
0.281585468736541
0.009886119083905
-0.116735770590505
0.052262307717318
0.207046526172825
-0.062649081417537
0.078187556204177
-0.142800255117906
-0.250628097439481
0.942390072874974
-0.025827247722426
-0.215129869593220
0.105956450273603
-0.380381384547227
0.104464640803921
-0.203007376964323
0.261951389643497
0.308749194302416
0.412031267883629
-0.260371128826212
0.173472591757517
-0.353663429965849
0.497397090918790
0.107144773441880
-0.043674603952640
-0.449804411219422
-0.031652374031668
-0.378017124620181
-0.172689582089475
0.326067500816371
0.352529068894319
-0.078284531571392
0.122725362980116
0.415429361074609
0.452989315416888
-0.314833565118290
-0.653039523008996
0.190061377799214
0.282946713967677
-0.275991443560502
-0.282163671544493
-0.371267780383547
0.436197461666671
0.159099305985774
-0.330992489069645
0.308771926999271
-0.390286849999567
-0.281331694299211
0.509206371578293
-0.710684732983784
-0.488872978496254
0.225269419267191
0.285135722361409
0.605975214482018
0.075322996648080
-0.503296702065917
-0.088610309918216
0.595522132729830
-0.543801764770050
-0.442170244542117
-0.174192325891946
-0.674442908414828
0.667130017903237
-0.004667278313727
-0.084654954221909
0.360552401198222
-0.314174065967747
0.003488899506873
