0.301675729925084
-0.708556806996142
0.724814628974997
-0.546285807477793
-0.252680638296011
-0.402181960213697
0.926939370938607
0.245920696894376
0.821619823967264
-0.424137300066233
-0.246989435093499
-0.430781491978237
0.611549558988770
0.679083166720010
0.102773593025739
-0.812287163191122
-0.391115813776629
0.848269926550034
-0.564969251118124
-0.321887280279284
-0.622835639802015
-0.331791694046502
0.174660563055813
-0.272905821872067
-0.657997640077716
-0.720255529696313
-0.780563067925655
0.530470375948220
0.062218232078461
-0.744720919494278
0.067632536708086
0.253565718157352
-0.813458762240763
0.282463634959926
-0.072140756420291
0.960550736109152
0.990760854766924
-0.079217767696961
-0.693719694691653
-0.529827679264867
0.941198413311092
0.216289962295559
-0.576492891357024
0.496501581744201
0.124737474988736
-0.907066084489957
-0.945245305110212
0.294096474512936
0.845677060556781
0.380482084961863
0.776671439728048
0.604400315695853
-0.487541886691933
-0.849441118925728
0.208293646393750
-0.669323849850508
-0.850447409734580
-0.513821572526936
-0.358170589352441
0.925157975966957
0.165476748589323
-0.052146757774829
-0.140793704024437
0.627875672637648
-0.692725476385827
-0.353894249760285
0.018274837446465
-0.997785974737155
0.948028141166103
-0.014668683387899
0.631135586482214
-0.454814863370774
-0.824592579756548
0.565018067939533
0.978396902345596
-0.203273070781741
-0.854401709900200
0.477395936350724
0.446689702360387
0.183077603337717
0.179224150355413
-0.833221547124873
0.100321290299899
0.979927707439055
0.574956022728506
0.033935709624731
-0.389151242660016
0.867988469373446
0.031485497535426
-0.618721341936306
-0.273054250152267
0.914825426585837
-0.587802871641851
0.665309800831638
0.252513211517478
-0.367394351941040
0.705161809483760
-0.708932153947629
0.873420558407343
0.421771024041903
0.246410753088659
0.637212134030511
0.450808203623039
0.646515165454686
0.293321601853308
0.934347768758049
-0.933478879045442
0.310058411635798
0.153892237652699
-0.820941618350761
-0.821124499001626
-0.091715815299542
-0.939038830724130
-0.334098921399244
-0.641900573248405
-0.299802330116272
0.125981900570912
-0.492346307136324
0.509631506479992
-0.860366642179714
0.147620831661395
0.570220821611576
-0.605780094992790
0.781672574704096
0.407733848854053
0.912697216839857
0.005866755813984
0.871139661360807
-0.726198401426477
-0.684283529333679
0.278814739320965
-0.915780522117603
-0.223984542414797
-0.873152762656135
-0.856350231082894
-0.457874684088825
-0.119518860257643
0.773900112247959
-0.407934206661534
0.340651825226622
-0.750025843321400
0.551657074438100
-0.487849546040900
0.743122281969112
0.920098081872908
-0.210510153096243
0.213578026721552
-0.863186284992546
0.818295974727109
0.369760567962456
0.398334408039225
-0.364471832949188
0.261894998377212
0.936344559196503
-0.988229265764702
-0.126682958601848
-0.102043484951087
-0.986905649843842
0.094420751359936
0.352672920869928
-0.661409885567462
-0.635046759870789
-0.620865505836487
-0.083425333139867
0.915978451407849
-0.400921292343705
-0.570514942688966
-0.821245255381874
0.289728358927143
-0.353211871398730
0.696736181942623
-0.489883166603361
-0.429733862084825
-0.597402810689463
-0.231147184643162
-0.970951695409163
0.808194498174803
-0.360259272572109
-0.488000664481720
0.059651299624152
-0.636155921921347
0.548740290879027
-0.530748231590498
-0.131966762670987
-0.363913785064703
0.918554853567894
-0.621021841148423
0.545908107192757
-0.334257045299587
-0.241003627799379
-0.010549331966365
0.686745874481715
0.563818698489900
-0.298408244636028
-0.170236318459585
0.383712348054504
-0.497398446247785
0.725945556897539
0.047401202872351
0.279391373183171
0.291401400855401
0.245221612293940
-0.657682489050740
0.566460297564818
0.120744589360247
-0.387651820218078
0.158637346337704
-0.551780160424812
0.337428409619833
-0.116655991299528
-0.487861801680362
0.582399507680615
0.562297004874905
-0.431059295066093
0.569708329421514
0.755280424404807
-0.000222580300707
-0.219706686407240
0.134512629380412
0.302041106091557
0.634100945127912
0.198584075526000
0.964584255163089
0.026598519606273
-0.421688085958977
-0.284039249434310
0.266449802522278
0.033800848496937
0.001806901719079
-0.110064567635558
0.487636738861858
-0.015685228525476
-0.076565199175849
-0.247995905744494
-0.413614651425201
-0.500065041436347
0.381989569577103
0.125521509853060
0.087366702818042
0.111290772685198
0.144204499406941
-0.345353086886318
0.100007349993459
-0.146561465074556
-0.138371547581821
0.146989826242803
-0.645184566686665
-0.303901654820488
0.078484309650939
0.081035844046355
0.123303333853380
-0.024348229674664
0.959767529072561
0.220781456349554
-0.288724293766549
-0.708934097646535
-0.432204723457772
0.456168117445120
-0.026051675626208
-0.058399393243403
0.312822687865520
0.056297772970179
-0.628302134932265
0.006909325027286
-0.027566309664857
-0.006462111402623
0.025128845224139
0.028073142203995
-0.032860045813158
-0.202511864997057
0.663250200918812
0.571882918036955
0.487529112468986
-0.189567723601399
0.172207466436574
0.004681389675873
-0.263452374224916
-0.773864837071526
-0.299311726038792
0.074631213487295
0.452855351383478
0.641182185654615
0.286520766132307
0.080259989538874
0.163093223377091
-0.430408240505953
0.874236683050452
0.192272437390014
0.011958343421752
0.004361372189068
-0.243076030576328
0.012640205271507
0.557135683884773
-0.472061719215621
0.187824528050353
0.586099011299226
0.194365214798815
-0.056381275076711
-0.047248297071676
-0.173921137800380
0.544400702735400
0.077459107347564
-0.337224327158137
0.451245520239271
-0.075682629229923
0.029259609446605
-0.357339773519298
-0.608597160017527
0.721942052606387
0.469599134641710
0.000647341269316
-0.006674546922295
-0.168918527889405
0.790267572152555
0.142937869424210
0.039840029498774
0.025501902613476
-0.009303323843241
0.450475553161476
-0.195328051196597
-0.056126809488952
-0.035237969647312
0.222168656508351
0.185066108492793
-0.293957954472524
0.317842569250130
-0.210733338570137
0.112278739794840
-0.469733015113813
-0.407608577948743
0.648012605747229
0.545550804048425
-0.172093056440778
-0.321744753643771
0.451911128747947
-0.074487758608135
-0.231183389353736
-0.235922096599941
-0.019585882619873
-0.457067015988351
-0.210775311261403
0.386319282832415
-0.768468204256483
0.343433547291927
-0.190893703205574
-0.135016555890632
0.015951587679050
0.084260863611515
0.117839039387084
0.041452699329128
0.646688073641778
0.669702223385279
-0.370440489623222
0.148413003806803
0.748786557405826
-0.216529279547217
0.010510160790701
0.011624561156738
-0.007475246924544
0.003612667267333
-0.855787375215228
-0.242748471382669
0.295839287855593
-0.432495423804432
0.636711316961923
-0.230298476787417
-0.016408633027258
0.059619971283028
-0.148779704450386
-0.441474245216466
-0.339609975842788
-0.801849199180625
-0.204860925645975
-0.502216823009620
0.010714813442877
0.837123814609633
-0.028429674243864
-0.151708574738322
-0.493114440702801
-0.270470626294627
0.911124291814721
-0.006481043145324
0.491208344454292
0.535708108783021
