0.522563999266764
-0.644033944249792
-0.461461422012941
-0.129668347130573
-0.223028020869234
-0.671697100604065
0.690903507412899
0.560874439977386
0.512708820515775
0.733309845720227
-0.702916722735226
-0.654023681925413
-0.960698859933971
-0.276135721128196
0.904626331582373
0.410374275092717
0.727829444492567
-0.685625132887833
-0.434928428515019
0.809474808785128
-0.962678213212868
0.104842895967231
0.246293769965445
0.514000148095050
0.171132414567818
0.980208088249610
0.078664103781999
0.927545766987352
0.666208578640569
0.137045792165001
-0.502118266841259
0.743902338819191
0.701450248967045
-0.228059201649468
0.735743529814808
0.139135163643357
0.047232652152227
0.810669432608876
0.884630807641810
-0.383471205491354
-0.958236435923047
0.271234447970141
0.594626804149401
0.292767261508012
0.473988103045874
-0.557994137441730
0.298436629011334
0.948358355508657
-0.037915035777462
-0.788587592684778
-0.001417721818072
-0.886494810815175
-0.699999505579585
-0.286532906337628
-0.560669213792992
0.538622703010802
-0.177289439215853
0.969343422078513
-0.899692811272331
0.090295757532219
0.572989054217953
0.104458762312177
-0.902423836348477
0.128190793922412
-0.969826881927761
-0.062776496879439
0.163721762316359
0.809471619426814
0.881325465988445
0.079453202880462
0.991066917318801
0.107110700416126
0.782844607760498
0.277941351881688
0.629264557521937
-0.751305307228411
0.458692601538668
0.749991660699450
0.608750472909257
0.336784467450527
-0.836058572879616
0.545965612253554
-0.324197703869168
-0.193630944506327
0.765142311182524
0.178557303820542
-0.454395807322003
-0.480427328127474
0.884996769252090
-0.454271208881411
0.359841627280660
-0.854020273071470
0.079635354266622
-0.771704208234068
0.958869604887491
0.204684334999723
-0.257997873605486
-0.834731757832723
0.396207862289326
-0.847189022969855
-0.354000288525753
-0.920811975965747
0.715266170327678
0.289612549916361
0.692686048790504
-0.106517086969032
0.027123299090461
-0.510508573200645
-0.727657477452182
0.438423491864663
-0.193495381813661
0.980137688757887
0.025045650232475
-0.758845948921371
0.683472268180580
0.704608655174885
-0.595883115041898
0.796605549255972
-0.132817575836604
-0.983567043192745
-0.892815146660521
0.035883497098734
-0.622850091036884
-0.725625568231767
0.393441193811546
0.335117805458920
-0.168738518680705
-0.877233054983901
0.259992527589866
-0.945677001579942
0.478862066211870
-0.710690985971982
-0.904639335738608
-0.390843687401021
-0.908979947938627
0.332209445002095
-0.405885955884765
0.730249573943336
-0.372869961077079
0.927696361999098
-0.009869603846446
0.999895658213970
-0.237542578145111
-0.934067919133123
-0.669971928765688
-0.228870970239648
0.886499008730418
0.207931616072936
-0.743568420251766
0.613926398215777
0.707013982651429
-0.064755982526757
-0.468477206759266
0.861801241923026
-0.475869020469170
-0.873625222981252
-0.446637751060129
-0.817572502253913
-0.878969572415007
0.190404041377347
-0.601929347346655
-0.698939777515470
-0.049551134731102
0.967114275073943
0.511748378499346
-0.596770434349912
-0.223772662074657
-0.941772106108074
-0.294545999676406
-0.723737101912516
-0.404028323346181
0.783595887117332
0.746604291013284
0.664358292899906
-0.240067268021287
-0.083378834418441
0.604857205607010
-0.263186574838864
0.600343561302875
-0.517621381619873
-0.516053700724011
0.852744418771901
0.804010365825113
0.502730487836906
0.849800371633070
-0.328567985738633
-0.973202336837605
0.191770896453398
0.612204378132830
0.790689363292783
0.787913140057145
0.135291799962269
-0.843843673008763
-0.528370000400592
-0.535896235517963
-0.157994841947631
-0.847478581096479
0.228077904078667
-0.469876916145145
0.527538804848679
-0.455095735382209
0.030985120001928
-0.072431768586426
0.440613180050872
0.278266027117270
0.027002269020701
-0.010161708910266
-0.026523644368781
-0.033454798036772
-0.110113264588171
-0.012951398510995
0.003839030970348
-0.220888031936247
-0.326796991049594
-0.039518136487295
-0.246367493511329
0.252200604743474
-0.782009003529692
0.049625888297423
-0.086273238173402
0.171974737926208
-0.322328246412306
-0.237878008959789
-0.693396447531213
-0.395604583357355
-0.194893740356948
-0.477600318049653
0.477341057280796
0.266334652059786
0.606950342026245
-0.360891087423617
0.458630320217132
0.262747095547357
-0.036635126742451
-0.016038171672640
0.089205292181730
0.744376266027249
0.081303560509363
-0.667643054918246
0.135020635352771
-0.082542386043715
-0.068838670146055
0.605055458925963
0.102956060285512
0.462387978305032
0.017952659457550
0.306666777755486
0.577801932495138
0.366098632460086
0.511377950069164
0.166251701806505
0.036085405111864
0.426917681838475
0.011866526460373
-0.811758701255727
0.042658195674919
0.178451628668970
0.370612137104320
-0.040561637985922
0.232055346962144
0.540968130308346
0.159073454344995
-0.247453010413733
-0.394613252678452
-0.049473090625685
-0.062177781855896
0.339649597554696
-0.441068108000822
-0.197625682574813
-0.022595166827940
-0.440724336628107
0.181316478232631
-0.530675687239966
0.484130560065372
-0.031662464433859
-0.043875976309095
0.683094735059574
-0.625127578234586
-0.434158060553680
-0.440660085947062
0.511475802844151
-0.548731752117018
-0.065143963706203
-0.078578948754929
-0.277417808046566
-0.253382588663028
-0.601754627327175
-0.189795136489303
-0.081483217997372
0.178980135806803
-0.342670431644628
0.345307058944679
-0.036706522765232
-0.352054996280397
-0.149571848375414
-0.066463244092531
0.197203445295593
-0.604673199074729
0.269346947284323
0.660524314452729
-0.555946069422514
0.655415357791339
0.465032607480604
0.249086553769795
-0.022869688080211
0.036967900403562
0.486396577499503
0.432370108364151
0.120972080370024
-0.147506126827604
-0.101457068542425
0.007026759234008
0.114605275692553
-0.042673104848394
-0.278758092668924
-0.351976439980152
0.004573264848389
-0.292411326853623
-0.807887481201279
0.283227649064840
0.246802699465984
-0.375603390684052
0.193959258101628
-0.021879224777595
-0.508079879657032
0.086396064083760
0.098309836682716
-0.138578715048888
0.062159236706201
0.243984770403797
-0.383157142160962
-0.393932424385365
-0.016835848862590
0.008000390808794
0.004623950988439
0.009480647763865
0.263722947237903
0.039253701922811
-0.427614915162534
0.562050867785189
0.137289352292261
0.389917407029303
0.264945132343294
-0.002111593164105
-0.256606949219657
0.655813056194019
-0.108108239684412
-0.161679728721025
0.066857382721535
-0.076535844571648
-0.166193652839857
0.323217562397172
0.289875769035210
-0.327308463566096
0.375847974609160
-0.088896277715369
-0.178640737562427
0.174132566966130
0.544301984103921
-0.292769526914334
-0.221651730123176
0.117735323493792
-0.558499516178855
-0.278434106779117
0.458302746833786
0.112681816951459
0.034551182521585
0.004038202822346
0.493504337074211
0.831786719108187
0.602799886922366
0.448901864527481
-0.185934406118124
0.580589450742618
0.075002236636229
0.029836198182557
-0.135566478873100
-0.287143027167620
0.042883868809852
0.409930946521306
0.071123312647295
-0.105083820093105
-0.001185305756685
0.003837345555416
-0.248921062054690
-0.546742459896636
0.093332328363400
-0.006486499982613
