-0.059991790491021
-0.514320897658479
-0.857689108712629
0.478138192018856
-0.659102941940483
-0.246378601381811
-0.673906496713678
0.656287335484681
-0.143544967472873
-0.204262595393082
0.378622462744042
-0.735082973843885
0.008276590885822
-0.797536973970455
-0.524384449107640
-0.655153219247006
0.714565340920222
-0.668019709252298
0.418440287550864
0.832406939354606
0.789191872319367
-0.224397904923899
-0.109015802187602
0.288544383719971
-0.132906023670108
0.838099066707957
-0.790123396208032
0.059892611412129
0.239520628655913
-0.621834363534113
-0.132296274573779
-0.149460809357602
0.069914041805855
0.636864593485300
-0.888036631095013
0.432662817629613
-0.915794419173284
-0.400112780044650
-0.621718077513847
0.731081851951430
0.614336323710231
0.543685853801526
0.159015144060602
0.952709604824564
0.856924874343744
0.295541265740784
0.240757299804987
0.065869902934402
-0.099086154938749
0.989241614997134
-0.554929194129292
-0.444479105464708
0.005630788442218
-0.992865897988253
0.883613431407014
0.441873674852467
0.912814569675748
0.277490397353762
0.888401292942266
0.110334164498403
0.741277169158863
0.252515948443113
-0.887728497853526
0.334624927449043
0.972487197164040
0.221266150036634
-0.269517515265138
0.806665463466020
0.142531299982427
-0.321859497451478
0.846724274055265
-0.227817878375254
-0.090862243904357
-0.994357226155305
-0.233693147855179
-0.969416279608162
-0.934133618620403
-0.155957252764656
0.907058133292608
-0.223681634028997
0.838552744594943
0.519239260647012
0.782679909258434
-0.606317519908711
0.772175461586023
0.018981426933637
0.339338510603711
0.572431940111337
0.780281481898784
0.592650520595553
-0.615019244367403
0.755259667523070
0.038224390016942
0.938821390624262
-0.486263203962142
0.172959672649938
-0.335170233161869
0.612432750746198
-0.234584545644131
-0.911762897344698
-0.267399071008233
0.828231599721675
0.927942517769618
-0.122668451727781
0.397740270128468
-0.915522408299065
0.438365148967801
-0.884840925914693
-0.560786195636521
0.827730277958781
-0.555068631282877
-0.780338650486909
0.792098737537404
-0.300706049721365
-0.539210226411940
-0.569532953410534
-0.595132474231681
-0.662564996473370
0.455388946531375
0.044020305955426
0.943446598097097
-0.330380040091807
-0.261377259346378
-0.394868777909118
-0.672928543555380
0.093151347013560
0.677665227906880
0.592964006820387
-0.640990667682521
-0.156949935499435
-0.400782269302211
-0.916016300039215
0.561148675125054
0.827034511284613
-0.748895251810863
-0.413760905013267
0.442343196993378
0.881400813233794
-0.429874780569718
0.090034443659993
0.230561433229443
-0.959306785576623
0.733636876663049
0.669014761498153
-0.140798774485169
0.960123785163094
-0.536591785035056
0.494908950662184
-0.988577793332258
0.150424706749062
0.084435905014155
0.908094279785768
0.528385700993084
0.743072387055043
0.569047335766235
-0.397179282668813
0.816916518023093
0.185474567216349
0.910232303340228
-0.192097361017523
0.760496644622766
-0.582642283118927
0.970407638066107
0.077926213575186
0.313898627639849
-0.512000032788822
-0.547126976628167
-0.176834767785836
0.018942006211576
-0.319720775789753
-0.850620496051831
-0.233404487089115
-0.827701480187542
-0.560786975212087
0.732063049286827
-0.603205759535533
0.196407886776214
-0.584683562738100
0.991997318035236
0.002062854540226
0.377071903257865
0.856208443138235
0.758646027082933
-0.515374854168632
-0.156034011013839
-0.589862093625559
0.437931991898772
-0.215445061867244
-0.275318337028646
0.954848845198889
-0.699075272654415
0.039860422165400
0.091994963608548
-0.814056011864252
-0.500314714014301
-0.851464321345780
-0.565629869846034
0.641823846272025
-0.127360881186517
0.139758606432910
0.189605556384922
0.684785097453578
-0.083622637569964
-0.328852887254099
0.364838050837093
-0.896975379315332
0.467263976635487
0.312989502075161
0.449189429974412
0.402610393796064
0.305929668161633
-0.449669041610465
0.091889265955692
-0.186285813759841
-0.361056041590085
0.040557957295034
-0.422263460521468
-0.385376878962986
0.884579265952241
-0.349824549945326
0.385200030512118
-0.362693920198445
0.121024569236012
0.597888741743946
0.475964265779034
-0.573942427842572
0.947084006062034
0.251378295923810
0.555811252019858
0.529706870307807
0.036568320552122
-0.151183947581159
-0.031132491012436
0.016158993142152
-0.251420805572793
0.125592740096238
0.571717039104296
-0.011670516017782
-0.213780691543677
0.146138320633280
0.251853354262937
-0.338976412043377
0.110256230253783
-0.962050228505897
0.053945221243041
0.093128267257342
0.400197662377006
-0.578216002317721
0.110382317992667
-0.044736413670121
-0.058045903299300
0.143546621066700
-0.005111514237675
0.299570547928746
-0.183157205328222
0.406230172413750
-0.014456812103097
0.621719273345707
0.003197283915788
-0.316155103397061
-0.005298160282787
-0.072676486552476
0.522014694772057
0.064434443106878
0.806641959394973
0.474784205475540
0.127855125363431
0.463476088850853
-0.048053792061484
-0.026241045975789
0.069952432825663
-0.026948963207849
0.231133144052236
-0.222820976556923
-0.022121076427780
-0.355981358224730
0.114982270479312
-0.118317210119472
0.140000475397380
-0.013823587937523
0.293901780450542
-0.563033307544036
0.604598696159075
-0.437757313775993
-0.077946259902373
0.183985189650931
0.079392832708784
0.212204952310652
0.247489627750098
0.236436411473103
-0.856224071258868
-0.022658064925941
-0.421698027478509
-0.578582590678632
-0.325104244918802
-0.089250993867374
0.344843245603646
0.351586817170314
-0.246592489211260
-0.251131995035847
0.046411499986517
-0.038306266973108
-0.152518813095757
-0.040379990697480
0.016969743957035
0.009667343162879
-0.282088927588462
-0.058277285918404
-0.094449389054601
0.522718638045207
-0.431345326157230
0.445898818471828
0.353756978385851
0.285798817013704
-0.579076449283254
-0.674798922588155
0.015100984908845
-0.023010995257341
0.619690155520612
-0.625895109167643
-0.261449985972365
0.685663114549007
-0.181135230452756
0.395415672160645
0.381137349836511
-0.647481275598176
0.016101607427928
0.005333752307114
0.030562480125209
0.013856996724191
0.406774814414813
-0.320143820267613
0.149143973557293
-0.072257716930614
0.151442180346166
-0.885531895527751
0.034788637280484
0.159253468941808
0.110445489939370
-0.044698723132866
-0.241034758185602
-0.015500568182388
0.092196116927174
-0.677225415065692
0.007900632638308
0.004892252415434
0.409739810510117
0.018672028490268
-0.395183870114807
-0.111721472347311
0.572779372534829
0.436299825205838
-0.423517917360315
-0.344788574595673
-0.286815731420204
0.228719247235426
0.256441532185593
0.128103723637464
0.213105139678061
0.082599761885789
0.207340740168626
0.772226285136935
0.758604454810705
-0.306432402805584
-0.284600354105812
-0.903560990952977
-0.446156944237915
0.151364124585354
0.003589894413462
-0.020379911332735
-0.316109660560375
-0.017354712110495
-0.680187105737351
0.396124443407156
-0.073153494946351
-0.102886499693497
-0.110664558641345
0.335376262029691
-0.306462103733737
-0.254805699027777
-0.778839169413535
-0.145346641164632
-0.355150465958381
-0.797287364955784
0.097085800447751
0.055116635143566
-0.656310104986156
0.281001701064269
-0.553809238425321
-0.148812175755536
0.137400017188658
-0.076255699410041
