0.777887068020907
-0.049477735075285
0.402415949770726
0.597309059958781
-0.689441622039708
-0.052874047836967
0.579141209021053
-0.558228647589957
0.763073308407617
0.393202394742821
-0.391174446614938
0.764570904221521
-0.519774355836122
0.023719593385752
-0.815016317159915
0.283258483315802
0.469321445399500
0.412713086234589
0.461983779180347
0.144218291911105
0.218727003289553
-0.535203945421132
-0.890564093319647
0.231132158225172
-0.472984767822957
-0.412925238464551
-0.185667069714258
-0.527971470756138
-0.061166835782143
0.512287108050851
0.822255247430796
-0.398597560889540
-0.533987550169692
0.653469285569994
-0.843275550474395
-0.378309013538001
-0.060449650320518
-0.921228274597775
-0.642396331668754
0.211859695493223
-0.642695232911612
-0.655177293298094
0.182098723806740
-0.565519096858495
-0.336051982618405
-0.908457827756898
0.282979933580891
0.152424435712469
0.731598215951163
-0.628968416464543
-0.195451859675101
0.091116328163966
-0.350654851892481
0.913294001330515
-0.917584823482798
-0.340619186678588
0.968225657929885
-0.145651120325441
0.146086757122470
0.968210366930537
0.016950850058857
-0.978052527861989
0.967393194363021
0.009756667815714
-0.813891630678044
0.488244880206740
-0.478203482771067
-0.869631525258055
0.739931659568721
0.662498513251405
-0.667580767324941
0.738046326504003
-0.954293841894163
0.286280770163569
-0.294836501139608
-0.948195320384376
0.223958723490585
-0.970491503246807
0.864794739969353
0.230219877807435
-0.782635665984428
0.613518570065784
0.611732005509363
0.787815100461947
0.920013044223636
0.390490876159930
-0.391681521303206
0.918979617414166
0.114890068690197
0.990332442153949
0.992742122786508
-0.117190167621153
0.820088911301744
0.570997951275521
0.567727336702688
-0.820073607574754
-0.417485080913436
-0.907418437550217
0.907502883456604
-0.417121100021888
0.994472766601060
0.089174480966166
0.090963351668383
-0.994256224970838
-0.962813417457198
0.242410324759794
0.210039986292347
0.930346734569232
0.264222861332226
-0.958836687092123
-0.957838955887257
-0.256740408494086
0.694817999259275
-0.709700723282483
-0.690871791868762
-0.703203502612038
-0.560105795051897
-0.812217733452132
-0.821082386501187
0.552559141644443
0.447273735991152
-0.879234257998302
-0.885020551032256
-0.411354020409017
0.165879161130892
0.519773723766347
-0.982153125955772
0.051097911225466
-0.445301340801357
-0.697557150231801
-0.420599969491957
0.394597939435181
0.793242387262280
0.548547466322287
-0.007658093479180
0.377585043454387
-0.148809973385630
0.945976212022266
0.966074694544759
0.108539776257600
-0.651408798413355
0.328422158626042
0.665453668737340
0.674866852061522
-0.879635952225729
-0.345094022898007
0.377165562649616
-0.816197778692507
-0.307540720008152
-0.803211532556295
-0.939711536042986
0.191651324690756
-0.563497320037499
-0.561310243963172
0.410317623625263
-0.823165809120442
0.712276816615652
-0.252331036067801
-0.015423565366164
0.922621137915659
0.567361443010455
0.632855463187148
0.802159839409084
-0.459830530507952
0.595204467898486
-0.667041348043896
-0.272120088928235
0.351728409813708
0.108922125232576
0.737359281555376
-0.732279249687387
0.113888444914542
-0.591223657664752
0.460567287918356
0.172445607075958
-0.646328688324650
-0.456837553911490
0.688679156490530
-0.682520059622967
0.100059804571684
0.485538666872787
-0.604300967522628
0.638195946833976
0.146161519660852
-0.564505902586579
0.040542733574488
-0.807514348254187
0.120402319866688
0.672449111287140
-0.216150410705518
-0.620862113108649
-0.126523431910787
-0.461808721693443
0.702929470984590
0.444636184692585
0.408779602618110
-0.409501742047834
0.791409037560880
-0.061738643344320
-0.623403563557075
0.478687218018159
-0.502137269645779
0.157067659940729
0.705127176518771
-0.405703660340443
-0.434028544003603
0.306388752026451
-0.411384170084410
0.413312969725152
0.302632241822247
0.235397742074606
0.820889702049512
0.100851002991601
0.495320209145871
0.745682772637810
-0.231003229263215
0.101319155412770
-0.869198769441680
-0.347253893210069
-0.738329173531749
0.196134717406625
0.339123419645049
-0.777927682802280
0.024630817613969
-0.369650739159358
0.741708970102332
0.565697967904425
0.643277814193913
0.011863194414824
-0.406048712771886
0.060833499754805
0.533042657193582
-0.006551911435459
0.381740368188317
-0.297278077934360
0.243536548052621
0.703774493154098
0.217126426926202
-0.397031779240477
0.007163673109045
-0.629403414872994
0.500878774977062
-0.237982723845160
0.071677495189882
0.866230711369686
-0.382535623528395
-0.255953541914733
-0.060419913012708
0.600874700206227
0.769705125319780
0.178747821117601
0.104806767070021
-0.055932843696825
0.197200857950580
-0.006087978596801
-0.203193904905610
0.202880928715063
-0.008165385807683
-0.128234053396235
0.163346101804199
-0.217759279324590
-0.128981049775850
0.312657214685693
-0.037984425349414
-0.105580815884520
0.062571004947420
0.017246646185284
-0.115323077928551
0.080867864205010
0.055533121384535
-0.015634923127877
0.084392731536658
-0.046370789268877
0.108843106807489
-0.062216008226702
-0.064170870483073
0.445086189646615
0.032049171120752
0.096911744537245
-0.041042566736186
0.062237300193299
0.035466031414219
-0.008580965155113
-0.031925556083096
0.009378238905614
0.044430814554184
0.030816631423986
0.071360082409113
-0.017711154377344
-0.020392578769886
-0.031000584280312
0.021318559364035
0.064643735154094
-0.031402815560537
0.045702326332611
-0.014466643577986
0.007484724473095
0.048913018042651
0.010401862764696
0.054439229276997
0.051394419863568
0.023212956875007
0.032405297993759
-0.114793093329598
-0.166803549076863
-0.250029465563640
0.102551372535800
0.017369600647027
-0.047053481542218
-0.120061930293725
0.109793626134718
0.038706471524122
0.166941530978881
0.018207865021304
0.074427630357075
-0.145066811003047
-0.081029258704669
-0.118052398520503
0.101951220310112
0.128449497204046
-0.079314425045881
-0.203065792598215
-0.026873271745855
0.837613996570168
0.084481763378201
-0.160084578583352
-0.037369165948441
-0.560110956398212
-0.789560591075945
0.209719347883494
-0.028958476058850
0.262723426641379
-0.608168788511095
0.698213157456060
-0.209757311962983
-0.197449913109723
-0.023603950077963
0.233155860039841
0.352092913312610
-0.586375343502878
-0.094173098646702
0.304725407939451
0.256015151287750
-0.203977815517068
0.135804904971227
0.416082145969244
0.148282208769738
-0.488141706953835
-0.019321519789291
-0.282557388232980
0.605881128327551
-0.017596552761656
0.383429623776784
0.083780797608985
0.590670379906889
0.283018174415487
-0.378856638379111
-0.070710657320442
-0.089342646633691
0.519242570665929
0.163274237149573
0.344146769177328
0.372064731704378
0.249710465970515
-0.658217391153651
-0.607443535577168
-0.468282653828110
0.474498278882717
-0.482301178969945
-0.467099663194511
-0.637238857008954
-0.179607903598267
0.463296598666167
0.581272742276036
-0.438723708161222
-0.352905053306022
-0.364674273078997
-0.625433512274200
0.590604469518030
0.224184977658937
0.090246866989427
0.750465353373297
-0.033284654527108
-0.823760586865038
-0.167767085811070
-0.552519740509600
0.218771041660782
0.673223903327584
0.330735460124902
0.699382665712948
0.540256417352076
0.027310563873569
0.721178661274099
0.339262786447763
0.338390787470211
-0.302442942523118
