-0.661592120504504
-0.027399401380295
-0.068058065928367
-0.021030667593114
0.482211211188117
0.249988944118528
0.765016753372134
-0.351232158148444
-0.235918809144735
-0.112052636729651
-0.019634319959744
0.703291297816017
-0.366696680272729
-0.263323039626711
0.095190262073124
0.094762743196403
0.648601541848001
0.526211748782592
-0.366467567380746
0.539660363645586
-0.339845161095871
-0.711046378849599
-0.304000305785869
-0.477310073432165
0.039679600988028
0.324669007828274
-0.253658255078356
-0.099927452630132
-0.524138471242018
0.190294329931942
0.574286129261806
-0.525156281342409
0.323176833323945
0.286359114330096
-0.332433625592411
0.367890239948377
0.792551289323150
0.562189139422148
-0.236232566146154
0.192646972995950
0.023107692240695
-0.720601427217052
-0.142793277166988
0.317817679664205
0.763634460414375
0.207091557661066
0.438967652086595
-0.012171310577381
0.679897931104034
-0.029986432218870
-0.171113025983269
-0.754641741021225
0.440983240141977
0.152259515655010
0.390010697880036
0.363078032542184
-0.097484643313080
0.163676033696579
-0.511151943871992
-0.413409393600235
0.260417735101619
-0.226130024381713
0.234988872768098
0.138772253177006
0.477625130265255
-0.762423472185317
-0.001355652012499
-0.823872345897906
-0.017718776565802
-0.232835951054914
0.262218513329856
-0.408646457797257
-0.549559456307970
-0.483772212025757
-0.368906443994257
0.000000000000000
0.000000000000000
0.000000000000000
