0.788524585608962
0.197211977618968
-0.219341398394483
0.098346388724442
0.762159157765704
-0.054374501867760
0.244108012348782
-0.292680021523874
-0.292389338621200
-0.413714925352097
0.415946741494031
-0.019988828793910
0.879167557421545
-0.120418253574871
-0.100165854049033
0.281333999122413
0.704817201503003
-0.192077025937766
-0.296545584849416
0.251799746393084
0.362172131397201
-0.423455390667687
-0.219672722648901
0.553576421473250
-0.655052282957624
-0.396521244859072
-0.563194825886628
0.531452470758951
0.340889144972804
0.213110350431255
0.253844365347249
0.668475346515614
0.028841680609331
0.187158368176871
0.274382428459202
0.479584924653072
-0.230404926188662
0.199799449248854
-0.631626735971695
0.171416479274130
-0.131756356445852
0.260900583821842
0.301771049490899
0.334234001821635
-0.483372222432138
0.025114015008402
-0.360069958673543
0.817434894550846
0.418696213416767
0.207265714832527
0.270111401184039
0.057423649127584
-0.183523971972098
-0.607870295242187
-0.356515020645039
0.740229283465377
-0.306945933225007
0.565820772312715
-0.421194478179006
-0.397329561794503
0.134817196956304
0.029589337856809
-0.428345008557449
-0.303286726268694
-0.484071866770404
0.246742576343854
-0.274399747758723
-0.247016836997773
-0.762349271483531
-0.197601719846310
0.418570086629105
-0.501732214951812
-0.250622824734339
-0.164598277135013
0.081145572573710
-0.371012238604932
0.644972522803724
-0.047929159564309
0.689951164476582
-0.078173246711762
-0.075685143045789
0.299593403047038
-0.533289470209096
-0.534350504850988
0.348623524332323
0.570822179125144
0.246302851332514
-0.764349584833712
0.301135520186344
-0.458557138399817
-0.341877790234106
0.204755872916865
0.636213619271994
0.355561357914637
0.004242909841311
0.274002231296782
