-0.199111491032832
-0.868460242293340
0.249804642114477
0.650787597531846
-0.273297088193985
-0.485660451420670
-0.522100178111622
-0.245431088904615
-0.032989858165773
-0.070610206305866
0.604340430952542
0.347814124095370
-0.637123697267016
-0.060110377390071
-0.180129106252923
-0.541595268342056
-0.041797626440205
-0.075757364838766
0.396756386397869
-0.714271176125662
-0.308117656922796
-0.252210322953117
0.475139084574326
-0.414725555824560
0.666989713579939
-0.103253863092787
0.040595078323085
-0.562011353457316
-0.290888359299763
0.668754591750319
0.130544815408378
-0.390072436249003
0.004335299477949
-0.034922484320735
-0.077365136987326
0.164184700007247
0.598317314966927
0.076901277494174
0.661044896895605
0.063419983300271
0.274106706146469
-0.231665349516969
0.624590882715080
0.194154884410974
-0.571641779632397
0.162319516573035
-0.454157217441559
0.875931740163575
0.176970697552406
0.078086026345496
-0.326056754522765
0.255714625328013
0.431145945569769
0.121001381898694
-0.657499596712081
-0.474516397541980
-0.092817685062396
0.603191388112896
0.297816270638409
-0.237229415568091
0.227171008771976
-0.641072256281293
0.308922865763105
0.375806664551413
0.154346695591069
0.730845259849859
-0.129732311920880
0.027418821017548
-0.468916092492725
0.550808507261170
0.360882748176187
0.324051148816496
0.682611985330798
-0.268454129686587
-0.069200137918018
0.378569152332086
-0.022350991186097
0.092088691582611
0.184569508658463
0.776112055879141
0.440870643182129
-0.206491033791946
0.310688416664815
0.909215376390641
-0.282598004068575
0.216186249215897
0.269302993234814
0.440075028471506
-0.807862389069160
0.144453850208915
0.295355193366132
-0.256885235625973
0.303629826163879
0.006600280784527
0.004409474690017
0.008612536546911
