-0.348924243838056
0.418787426439620
-0.193518191090149
0.046158608345667
-0.319072582285203
-0.517373842244010
0.408196254987940
0.675588167830535
-0.170440956431532
0.444396389650401
0.334693962338709
0.357386127166167
-0.161616856903923
-0.246415926213956
-0.377550088257644
-0.150137690027937
-0.114961671718672
0.682183411421647
0.176385598525485
-0.659220530570329
-0.052250886596606
0.163641369855199
0.500025854343309
0.234448862979239
0.253517092792459
0.603676432271848
-0.031474988079949
-0.375451300816997
-0.189199638500645
0.671204860396886
-0.314004142527033
-0.285104148560958
0.207140858261656
-0.101002680017757
-0.425914416698019
-0.563151337624608
-0.647716590499732
-0.012243572302921
0.116941013371479
-0.512267708772820
0.129358940702608
0.176834901474244
-0.012059764169220
-0.369866906413113
-0.117073881456560
-0.453207573344893
0.506210710455885
-0.327964007389661
0.111125150695443
0.350621921836164
0.211725279932333
0.697666593908803
0.283878824454519
-0.605028736634591
-0.246702787134415
0.777532814214432
-0.000361766795874
0.726011436598944
0.190531436387651
0.254934389886320
0.576408539597953
-0.105054466035517
-0.067993234343231
0.448083820129309
-0.271235445457770
0.537046720327498
0.160714324511588
0.114489637031494
0.855381869481953
0.397979963931002
-0.437870548373166
0.385680713060308
-0.318836809996936
0.263528530058800
0.600401582270796
-0.268082394944865
-0.589765239065581
0.498536026800916
0.064300605808220
0.536932451521538
-0.527145282159224
-0.286325687337717
0.235088373092079
-0.485257571288847
0.765189342012437
0.213267681246284
0.382376587664863
-0.650778942160444
0.214699978466186
0.147127926977796
0.146403824493277
-0.736110458880248
0.057839650942673
-0.772533244495768
0.300277928713063
0.051019881479423
0.393344731171620
-0.359892722739588
-0.751733922666713
-0.403528737610742
0.119685044999276
-0.503620164275914
0.315237697485158
0.773693170021802
0.349158914241461
-0.253983141407144
0.025661614023667
0.038057982907916
