-0.376160101090126
0.321516613378674
0.313660261754909
-0.147960389972525
-0.835399121075383
0.344336448227257
-0.260498917642984
0.260249077728842
-0.237161200462869
-0.045987454156868
0.691203994847184
0.251168791778932
-0.039098638682410
-0.503635984050253
-0.104404989129979
-0.249371568819341
0.121969603834391
0.021938741392242
-0.668849770040059
-0.474059210999425
0.098076408883637
-0.466621422659299
0.545638222692322
0.537463233089986
-0.182282109476354
-0.298029980207091
0.859915821090371
-0.231962835071118
0.410338306109279
-0.025978304824993
-0.658831951178739
0.374818007049041
0.042947481551839
-0.261955208103847
-0.582075745274236
0.157935844517315
-0.465556590817506
0.628672085445747
0.029038779700180
-0.549366274248443
0.086336393651242
-0.422345154732529
-0.066819557007111
0.218185714296179
-0.148474950854847
-0.146956132640649
-0.298069451427314
-0.514658143715705
-0.640256570481918
-0.224436628099524
0.212907054354194
-0.906099136493552
0.066584545273579
-0.051317374793879
0.466610227089685
-0.029222471452286
0.661943221887459
0.164520815898894
0.160865821632260
-0.329702184546044
0.631596164031150
0.266950950026456
-0.581368017957851
-0.012347545494592
0.534985370912782
-0.413127850227201
-0.030776540027004
-0.699959587597631
-0.492981815670523
-0.406652473369927
0.457565790279597
-0.740083266598506
0.229038546491627
0.399045551732671
0.326485619082715
0.394896876991828
0.138940983310961
-0.142928340883537
0.304254151553244
0.211917113014998
0.031885617056737
-0.661574664836273
0.018256580667593
0.582345692413585
0.059869069916496
-0.311743696771138
-0.568189226857526
0.656015690416867
-0.200641786183508
0.311464046546770
0.336170694661545
-0.499097105615665
0.158355808917895
0.285880009977611
0.655626260979083
-0.028180133665896
-0.411591277639591
-0.353606112166699
-0.794632410273109
0.142540790120496
0.176661929459062
-0.757072108945941
-0.397103897284221
-0.500918769957406
-0.292846701866885
-0.396424049908629
0.121358145809274
-0.006128076402090
