0.226443760709949
-0.065035139162676
0.264401849608608
0.002597815005873
0.145495130519842
-0.238819821746545
-0.633849783500704
0.164178976625792
-0.569601643688783
-0.511849429921515
-0.032478646868664
0.196630054368748
-0.429607052257426
0.027586270733696
-0.705878129439139
-0.367976957335361
0.495617043502789
0.046098265588821
0.026683798744199
-0.139420808485256
0.972411694605028
0.204034025664751
-0.444564954717505
-0.491228740252361
-0.607456625332539
-0.225687664074146
-0.437226046668288
0.143593785613480
-0.202731452105111
-0.168829234305645
-0.189244196576176
0.569021042517829
0.343516151265825
0.434417741383322
-0.331738405172231
-0.349982321690918
-0.159319036952566
0.359239571842749
0.688856601165779
0.559333717958610
-0.105338222481585
-0.236270447534093
0.836852484908367
-0.376942963883885
0.200509671433253
0.408820351017910
0.301041911411990
0.032416675469499
-0.381361181370059
-0.717236976127937
0.372258070665298
0.466974609400501
0.055233323068982
0.729107582687392
-0.028784630662136
0.174923814082691
-0.460764059357122
0.178626501553479
0.687513443782073
-0.608278845098902
0.051472784234551
0.705984285462490
0.648634143609723
0.231724524074419
0.424850347234108
0.112426022320445
0.704655361745390
0.338347253374996
-0.295421525286520
-0.463999041452125
0.017050269700842
0.317532710963504
-0.494472884821274
-0.609409182943633
-0.030800468989413
-0.149277720504642
-0.108714193517320
-0.012755215799464
0.506226749981645
-0.499156926664622
-0.118335465199101
0.482587858571871
-0.041209663953873
-0.392817557009616
-0.063555100437800
-0.951586150669252
0.014900327752416
0.696356609578517
-0.181445303118013
-0.067553055640738
0.424152395590891
0.045599654177030
-0.629887805773756
0.289560431496367
0.353952286618137
-0.402384757199508
0.184069179955721
-0.566312368062187
0.515397676781031
0.339178845893950
0.028114888868593
0.039434194106221
-0.535902232639611
-0.542122021009558
-0.400126678324385
-0.168455027635217
-0.216480962150860
-0.355411866619690
-0.102335294070890
0.486172945228032
-0.021200990106155
-0.383404354555015
0.774672028533584
-0.095676198843129
