-0.477240541953018
-0.098462545276790
0.185044453718407
-0.199015933599308
-0.564978246996111
0.049643269933493
-0.430738332233975
0.299908964417752
-0.115940216775032
-0.081332965394057
0.673242996798138
0.222259415111782
-0.437710254912614
-0.177194978433567
-0.562285836352225
-0.316909362984668
0.459744247942071
-0.780449571551843
-0.420060689298286
0.788133676006913
0.025832443199990
-0.514687116055098
0.221988838057293
0.023681792604147
-0.397589812935484
0.033166443798681
-0.037631895450294
-0.283464817963993
-0.486105017415609
0.306759647082585
-0.176409524716966
0.035098874905109
-0.558346898121677
-0.044969845958980
0.677901437417347
-0.515279755386707
-0.620559999623689
-0.119856771258873
-0.251906414264860
0.001221729230960
-0.057668743876873
0.428543702120367
-0.496111292844290
0.039972243541822
-0.051692544810912
-0.753501961450366
-0.148710313821309
0.347421424263432
-0.147404425916961
0.003398233211240
0.193362764385843
-0.506552761337723
-0.498265515787124
-0.275779093524835
-0.088780584409269
-0.463663844503534
0.237899836744695
0.330123455185463
-0.524923512925517
-0.586326660110564
-0.621278152508716
0.472883971601835
-0.170651665572123
0.421022900442018
0.040393729220009
0.729510131720880
0.154859396135741
0.462636193261587
0.502708552254227
-0.102613030752168
-0.329147753380055
-0.584789391973434
0.230362518367644
-0.102580701355271
-0.124549019434733
-0.347834502787304
0.187257993944393
-0.213711518882417
0.539156354788515
0.170263465119437
-0.604630530638833
-0.376364550510843
-0.822313382213378
-0.146821642314949
0.422220105302171
0.011783303122267
0.640967600107783
0.562432355207550
0.579004873865020
-0.065724362177743
-0.248599068605644
0.384435762373434
0.251638183683039
0.717470583324412
-0.149370185721909
0.002703587282974
0.242699506422912
-0.001396002507751
-0.868399746366495
-0.547596288589095
0.413209568544970
0.528204357096665
-0.208454839274703
-0.362249335375959
0.338733508261320
0.301327975710246
0.815275526537186
-0.430579255728929
-0.624278492113139
-0.153624254545831
0.075878982816870
-0.184528337892178
0.514314437646250
0.649590229723608
