-0.571375438833026
-0.331830228725535
-0.328601636632058
0.157083361811915
-0.113356986915763
-0.442328786049015
0.800590697968491
-0.364949867051470
0.372229423127392
0.153976224349867
-0.895629435637952
-0.228382886863832
-0.469854136240870
-0.051304256916943
-0.819321060785471
-0.124975315097570
0.331723921119041
-0.699321047331935
0.746780436171561
-0.331131022042924
-0.073041211285490
-0.537736335072649
-0.048715745763406
0.039888405424392
-0.205979432029316
-0.526804175431236
-0.259614814333636
-0.071613323024213
0.253876042866287
0.344362164310920
-0.531851846386558
0.434269863659617
0.059901531242837
0.143792299518621
-0.354786954485180
0.268779485914751
0.413952522080322
0.172801097199633
-0.503313878146616
0.131041708893709
-0.276234520654488
-0.358758114131316
0.349904369091168
-0.050719162123303
0.663003839075954
0.683465520714894
-0.473011649478769
-0.152186216370164
-0.016096534567081
0.456505404985282
-0.180727844493922
-0.199127352754768
0.802232784477243
-0.524792051091643
-0.865674323631242
0.087797851832389
0.337916020253197
0.380818625747027
-0.419485461284701
-0.808905774535608
0.619855238583443
0.240762332543405
0.115120606469828
0.524517128560640
0.593875002343176
-0.372846509209950
-0.268684525159145
0.115730523411225
0.041550659617591
0.109198900538092
0.093474048838524
-0.318305978040863
-0.021359171983392
-0.298996390507676
0.124349939559627
-0.310078042982534
0.030723610186651
0.536840898748835
0.248192582449217
0.437901678336612
-0.271990385810486
0.341179722604011
0.753525117259874
-0.150570978984645
-0.362505178809281
0.108350281842520
-0.685200842285462
0.332122989123342
0.690928972888398
0.473439184198185
-0.220311522573970
-0.497909373115573
-0.478021123750642
0.357342079382553
0.807134866653682
-0.045249583558051
-0.642091226929402
-0.281621790730827
-0.232091045972941
-0.240923903703107
-0.485034632504266
0.696069144244916
-0.443120260512418
-0.024510636596135
0.488327832374961
-0.222351999393885
-0.150847997160927
-0.462362073613641
0.515053668390949
-0.650310349489325
-0.265513334962359
0.145697031443446
-0.040194259417914
0.136091721071517
0.255545578139129
0.105763262330909
-0.228523206064751
-0.044234453378690
0.080861823212858
0.127221258674946
