-0.298808086894129
-0.091685449921546
-0.163558750086248
-0.391105741195675
0.039933979191924
0.370649125609317
-0.730136480307168
-0.027208576477388
-0.289958737391930
-0.217914692858794
0.002364760682039
0.848409900324899
-0.911885540550829
-0.006176046560848
-0.268198985501547
-0.094287701517571
-0.566265684573847
0.487147563044216
-0.412321561286000
-0.234141008191640
-0.242583082048009
-0.245906390995570
-0.004585981814107
-0.463666081897320
-0.059589934467311
0.386581372792117
0.306003816938005
-0.605084338506764
-0.465849970859509
0.025962733920486
-0.367707581156691
-0.553601838502122
-0.244846555602918
-0.325414374627412
-0.004160013720706
-0.766919283799452
-0.132916597382838
-0.747206730354425
0.189626272849740
-0.349663366736537
0.457577140258949
-0.634322831829672
-0.231388586455517
-0.585602949624447
0.572305625226519
-0.055890657506087
0.315420001060417
0.512867960012941
-0.244304031672954
0.197732184638906
0.408829289105883
-0.211657917338399
-0.080903105806080
0.310691833013915
-0.177936861587566
0.678928324036535
0.666730157968684
-0.530791771128976
-0.033460240287671
0.248597430336491
-0.640473333056384
0.434064471149222
-0.054007721134519
-0.621607764724876
0.446478676488044
0.538346188827233
0.624021908147208
0.540361010464471
-0.163301680079729
0.336112338697519
-0.477854200127419
-0.201911374857090
-0.046107912761375
0.448762772808127
0.170863307050461
-0.114376177777565
-0.001667114966550
0.288810027948867
-0.008305409265731
-0.459050867883512
-0.471533218881820
-0.491871081538531
0.521380531168028
-0.450052827511203
-0.400767708449590
-0.663161242093894
-0.352314051642666
-0.261841396773078
0.811025258189987
-0.164446524601477
-0.459929480186472
-0.295393376732972
-0.342622694270382
-0.146569471686062
0.666750150067925
0.179799696135507
0.338778032882565
0.109483550767945
-0.423279798426162
0.541473170971600
0.281721536250091
-0.124486698201787
-0.317655368605799
-0.021837469906717
-0.405723338493714
-0.122016742472726
0.411462465704373
-0.302993948217073
0.385421987333512
0.105144554547307
0.689019177712553
-0.722081258822242
-0.187384951689184
0.421380672520196
0.586091916753148
-0.694252377069232
0.163205699801499
-0.208622562673494
-0.129446773577969
-0.050851349226541
-0.088316634587383
-0.276977208212476
0.755528704840346
0.425537706303755
0.107147797762746
-0.453764388792005
