0.529439503564251
0.134056768852987
0.258470375364004
0.447588719624810
-0.509901618760688
-0.195985874080547
0.417781973147959
-0.441092298934926
-0.101286074139474
0.369302935239314
-0.053297325650994
0.702803805612380
-0.463951818274758
-0.233382694635541
0.438013171202674
0.325901014836046
0.579180566907385
-0.377010947623571
-0.225074594660387
-0.290523002616839
0.390692741556717
-0.066766721437334
-0.447732683685630
-0.209096129996775
0.097472041022652
0.510505835460428
-0.667250527350381
0.674282605589362
-0.178855855346582
0.515269384989480
-0.205742610013132
0.454978234526179
-0.348894826754660
-0.394428350423959
-0.389053996831005
-0.739847134296391
0.086722792828393
0.275846051244889
-0.107356357662857
-0.657506852220577
-0.274027110761282
-0.083335487766691
-0.579965383270538
0.183737602184978
0.512596432880038
-0.183538443123954
-0.667045579759053
0.197935179644797
-0.106508383606299
0.616049248917299
-0.136738008272970
0.048088720823560
-0.196105034942360
-0.456155083113884
0.131621024015946
0.031762131515907
-0.490470315203324
-0.227175492593471
0.006801057381531
-0.619722012329399
-0.179083667947100
0.265784211487472
-0.051804011664703
-0.197946583793302
-0.737004690983489
-0.229252906813459
0.697717271443670
0.100907724584627
0.065287477046448
-0.424110235586708
0.205955973746761
0.631149414058925
0.191430232092513
-0.478602084863138
0.318018959378994
0.558301087834055
-0.002189471425156
-0.476152067679399
0.038983980447421
-0.566130738265860
-0.306883334960829
0.056973801015272
-0.186379819229043
0.821165965238378
0.158019233594347
-0.784355040845405
-0.333426977017762
0.514909098818792
0.061009507214116
-0.125722658711452
0.463311796200657
0.108167561030061
-0.146604808729301
-0.516578719682302
0.457075626535261
0.391363619151108
-0.156853683292814
-0.347461920128343
-0.018884329569118
-0.768189788956696
-0.560828487613864
-0.014784495575545
-0.282960444916455
-0.155642099540515
-0.617541902863929
0.272446502767309
0.302648479261907
0.448667299766933
0.343615271185397
-0.517719037949840
0.309969421445090
0.531577758291399
-0.546867438021032
0.093824817323299
0.304090712999463
0.769333494804541
-0.258471743887964
-0.066465822868226
0.381326103983140
0.768946447910647
0.509869022334524
-0.450541747666546
0.318332188587673
0.942416254785148
0.034956561136847
-0.072344859694800
