-0.436898095100254
-0.019396249776526
0.609472189569743
-0.224050912179900
0.074130038021745
0.842771820161314
0.004229163449438
-0.003199885244453
-0.462618309358281
-0.798275622716688
0.111088411937905
-0.184764248363589
-0.239908479709157
0.768486426695864
0.106212242028320
-0.040708074687228
-0.457618975643035
-0.200016749843606
-0.154002231184794
0.379004476317276
-0.256424245823832
-0.190082140166247
-0.347111168629164
-0.417828236327882
-0.506736557859180
-0.544487185801560
-0.415930585244758
-0.023453286439879
0.648174395920871
-0.132143095833515
-0.292137185572170
0.303574740687035
-0.724096032457527
-0.013119836510185
0.105929714077776
0.945202299621695
-0.801189942473269
-0.492186759571444
0.007585112352433
-0.120751454243894
0.024590862995814
-0.254727140147085
-0.130540915111205
0.505144899039540
0.374193539013418
-0.180559653287974
0.745831863901010
0.596665418460409
-0.135020335585402
-0.547536484938029
0.646815802236973
-0.022386068930762
0.374331482650981
-0.139582264308803
-0.726436160107640
-0.267555959711477
0.401917390049619
-0.650300020292595
0.010003372877832
0.095929060940758
-0.061548495136800
0.408488999251561
0.423904724546945
-0.779052238174109
0.426391519769443
0.410018708384598
-0.534737255290743
-0.333635504500772
0.200077255264252
0.288807974079220
-0.328720014822508
0.206336354818006
0.232085044534563
0.854473249723380
-0.044364088720288
-0.523561184429102
-0.010354156830953
-0.205070829304299
0.286348587597503
0.496864415866314
-0.108266946100476
-0.458231766616402
-0.098714673089315
0.727461398940974
-0.423135248086142
-0.766706221050016
0.001912669740042
-0.739721659282240
0.341488617497002
0.070707654738101
0.007151437978497
0.197656303736677
0.484390706158649
-0.630679371196834
0.292657180234602
0.280095347435861
-0.442819005640771
-0.091345441796740
-0.306187060321492
-0.291093168463918
0.061384478320429
-0.081829648967668
0.058952593673982
0.326611309839851
-0.075093141075933
-0.473781446681991
0.742544920828851
-0.379587461803979
-0.370369275273712
0.509293532042280
-0.437279766248108
-0.049507834507108
0.089437542911741
0.211360642145753
0.102684455502865
0.329128339396815
-0.380437988929378
0.568400065208161
0.136248247190152
0.705867818726383
0.385206339623719
-0.069526085356962
0.293170470298891
-0.170106824347016
0.465760308559968
-0.567396188466435
-0.631222058265725
-0.407701441305996
-0.291533107312751
-0.087768590016970
0.093561912580973
-0.163387220919708
