-0.539869719148532
0.219013583111458
0.170205034325417
-0.425716589265115
-0.036604048632848
-0.408281033917238
-0.743150514182062
0.053929211586843
-0.507043681427460
-0.538184429867962
-0.268170364591439
0.116016444444245
-0.301595616143795
0.579388998157019
-0.148356062512709
-0.068041287589763
0.499505618341232
-0.171791307279898
-0.342095957783368
0.332967785836742
-0.590011468305469
-0.096353248619452
-0.014228157336641
-0.508015256236703
-0.465553802885087
0.005214976284915
0.223924195159434
-0.445207090691301
0.185263870127340
0.259707492470368
-0.089783905453688
0.288636599028710
0.370865441952091
-0.201396132618205
0.312672109548112
0.521152605778226
-0.656263458639127
0.251513981159653
0.537387496009044
-0.236664505466415
0.522571545447598
0.434871281272592
-0.480641663741320
-0.386490072534266
-0.582816479938619
-0.605729010723181
-0.443984758632182
-0.323794634114518
-0.499901851037350
-0.310359394214008
0.529100553925214
-0.498019038955544
-0.156955919098503
-0.010674552766187
-0.141795695843873
-0.090146851157106
-0.231448140476991
-0.672398568822252
0.237900097022018
0.216474271830626
-0.094119703033643
-0.708971663323429
-0.521136444513885
-0.285831936004043
-0.743194947684030
0.253973010344888
-0.240191595503487
0.068601892462767
0.679251770343028
-0.457334173617482
0.060210928578494
-0.647166192543137
0.118500270363380
-0.738652932344996
0.301797379136363
-0.423550423482698
-0.086148319779940
-0.030152351479886
0.605458819047564
0.502520174400837
0.076651499520805
0.441286128105873
-0.555545378144348
-0.219031590910892
0.831571788170740
-0.067235515640924
0.142548285597376
-0.122419189916355
0.453785753601978
-0.450645435236386
-0.259049715076849
-0.216118524275770
-0.786524086747193
-0.304192612157504
-0.746767635871395
0.287915557390743
0.471084287115044
-0.615613398536014
0.314832814609010
0.056237078052241
-0.862834850259787
-0.153101274382742
-0.096696980310996
-0.311397973039848
0.695526209105838
0.353089078812686
0.299389041904781
-0.054479108655602
0.531742684973425
0.031665903627302
0.445020053469391
0.107508694468272
0.408860102915000
-0.318134032254417
0.059263639450807
-0.506822749040920
-0.265980180996509
0.281223057682110
-0.044649556233466
0.541061732655948
0.455698002428391
0.343943241818052
-0.633459001997324
0.401175890313734
-0.481240900771488
-0.725027161278792
-0.651562300511661
-0.116990582676254
0.078755128310004
-0.238237960339753
-0.354812579264261
0.185116655527515
-0.128953963805429
0.517743770644354
-0.129504236576656
-0.040239166042882
0.533452432194841
-0.435922151751274
