-0.725941022822562
0.149598734828723
0.515799825964695
0.347304840889488
-0.027072488092521
-0.422712216508767
-0.323670068181253
-0.348777907191116
-0.505331231237713
0.508771663432624
-0.013440017238311
0.218661662923408
-0.145244401225713
-0.223799137391155
-0.075805404131978
0.327551596902834
-0.347891618022575
-0.442259804127950
-0.122778249426484
-0.204532845000272
0.495924168007357
-0.340426225009240
0.391487842792601
-0.369788153271468
0.035864234799240
0.450046166503220
-0.558991548949146
0.149076774898850
0.398818635294186
-0.157571549371670
-0.276628124890715
-0.601962102877710
-0.067270313154681
-0.083101885522059
0.057399679561136
-0.358869058878228
-0.120435610570608
0.034486339590510
-0.546420498002680
0.561523138880557
0.485428925382169
-0.135506725765746
-0.340789925897250
-0.301128532331993
-0.013894247422574
-0.548446516378855
-0.248799546065842
0.540891616429715
-0.486532121134004
-0.254999022743399
0.046482837761180
-0.114009596368896
0.207275345706993
0.689553601864282
-0.381218166913638
0.347160466492150
0.307619231992045
-0.537752487087017
-0.161057251009899
-0.617723823983954
0.353652296982253
0.300839986130193
-0.166203054205496
0.019780627820687
-0.525002451468210
0.418418033763370
0.467301896460038
-0.265020107533679
-0.146251036009574
0.474660366353983
0.779108371639795
0.408999788951045
-0.409327975327130
-0.129970179394992
-0.011779241842930
0.123344909970271
0.052761828978721
0.825810530621098
0.670150962684733
-0.096307591188669
0.244651875625076
0.389020388005521
-0.392819750267669
0.622505918934017
-0.141340669250600
0.521594720158850
0.794376053162575
-0.626805592229447
0.417902574957488
0.092519330534430
-0.689800329390992
-0.454568311750976
-0.121219601938055
-0.732106754329242
0.181632823466657
-0.158534518880477
-0.088563360970019
0.269849920479009
-0.634852899806421
0.315614136322733
0.784593007834597
-0.280521919226944
0.482970526482638
-0.553871921293884
-0.128680136531897
-0.316130827167845
0.840591801782114
-0.233407529612233
-0.000976810653269
-0.826600010056140
-0.049619196555101
-0.645396623900004
-0.098678061425960
-0.066440110084028
-0.882552297302143
0.115747537122747
-0.026357797476563
-0.232451028846738
0.471404714901882
-0.261697492883956
-0.510435286885914
-0.000680717216248
0.659967191475601
-0.098060786854978
-0.663782155488932
-0.135395366573946
-0.579773235922821
0.517597665824960
-0.188357052081194
-0.195547298466164
0.478012200483428
0.191221578445218
-0.451580884792117
-0.151031625120161
-0.728056352943272
0.560756011198643
-0.025231692586744
-0.483553057410229
-0.081998302956882
-0.819898291894215
-0.105104633080354
0.003838748382091
0.016203520086656
-0.011382637618382
