0.277020305903242
-0.484592294775438
0.625209181754446
0.116156874687065
0.477301407276896
-0.018181637958241
-0.338612968738684
0.140151215590072
-0.818800240295466
0.489530647512512
0.364692847498501
-0.337173382272636
0.532792572639788
0.571398985610186
0.078616760820194
0.514821933661668
0.285045874525505
-0.301920911760363
-0.244272708283403
-0.219944631362664
-0.505340073467013
0.109380510840611
-0.482290049464521
0.618768110320147
0.443998596080309
-0.128032785700176
0.302426009951117
-0.452295373151632
-0.490588012970640
0.258141076116126
-0.161468553419690
0.530444852545333
0.111303235139416
-0.753914444348727
-0.337880503692119
-0.058700651642849
0.324293714075439
-0.448937583652032
-0.512112266022213
0.260708847085430
-0.447024793025861
0.084674275231067
-0.799913250445065
0.321845458418469
0.158625269831338
0.018657410718034
-0.605526296529743
-0.602508586452672
0.633243894585391
-0.562853372939437
-0.438619678399591
-0.415360419618102
0.528007089764544
-0.109629541062484
-0.949002146060566
-0.069443364874452
0.260090545006628
-0.067932184195869
0.104660763962974
0.525992654071701
-0.309235256855898
0.568223157217666
0.338843596962342
-0.050183419116842
-0.199107678996731
-0.661784288367972
0.346253124412729
-0.760500008121019
0.031986213780869
0.848116299836477
-0.161104909820150
0.408921901124884
0.072534327824757
-0.456308768455382
0.289938986907985
-0.289959233698254
-0.766605382305870
0.294279128937777
-0.260097850904157
-0.171177543233034
-0.313548110041232
-0.068172576555353
-0.151473759801334
0.697195225395082
0.408068633042727
0.156196883409048
0.438790614122052
-0.300792442252130
0.468271372326925
-0.502789038883805
-0.148208996417506
-0.782311872006095
0.051076820283009
-0.312903199186328
0.296455831907396
0.432161735179836
-0.440633916693247
0.695551548409671
-0.130618359866033
-0.378043654538183
-0.155502023229836
0.566584148923702
-0.735487107816402
-0.370355364290264
-0.045424364492000
0.326578152607299
0.137403290864485
0.434132531864440
-0.360407299786138
-0.508162915217671
-0.207139300577581
-0.257495506850561
-0.237411856167634
-0.776119625501428
-0.022931751864560
0.074711960694490
0.474641521692275
0.206569062413663
0.396849077045127
0.264221954025486
-0.041707516468405
0.090878596585687
0.282511224581110
0.505124757206408
0.490257320465295
-0.202885036626254
-0.039780282069071
0.042733229718695
-0.153352060572474
0.291443290585294
-0.115247614048099
-0.780731622600692
-0.334451400125743
-0.287891668243815
0.521480262930631
0.692889740714288
-0.047263660481189
0.193776329540996
0.066436561914614
-0.499630083495141
-0.216058687670554
0.138063699568823
-0.240041945803793
0.104139847705062
