-0.697399969460744
-0.531316006819372
0.326720988416360
0.053873494422278
0.038813645830546
-0.064799857302417
0.479236443210506
-0.136578074202638
-0.361912909838279
0.519282787727965
-0.675583936874347
0.012233131145256
0.366036965459493
-0.443903749256468
-0.018687020863348
0.065377751940060
0.623597856753476
0.315740432768471
0.275600243943046
0.045345652600980
0.100810697943964
-0.195305427458850
-0.240957496831876
-0.526720532535252
0.476263217882750
0.440836021537923
-0.064491582300733
0.085161388599934
0.609970958307757
-0.549943289734662
-0.327218830094359
0.188596313027011
0.317072253748321
0.114048905870055
-0.446670095619480
-0.273482704453764
-0.487768176039007
-0.496966727951684
-0.273302686297737
0.307605547208491
0.804611968195521
0.159865522128172
0.630079609314269
-0.156920452221666
0.370859871705727
0.136934458302741
0.007382054174686
0.367724016978326
-0.458807662004694
-0.693375321955710
-0.066527191904162
0.103243766115157
-0.456344536235589
0.373123536712921
-0.805551958671983
0.310301201318521
0.327805509515055
-0.344216790812199
-0.249358351244485
-0.586048883851292
-0.566059029939940
-0.370179679879400
-0.256451059339588
-0.101740487959338
0.414243266013940
-0.529407786662543
0.618717850368411
0.068303491257714
0.142106118912563
-0.168767566359571
0.042295698151423
0.479775051370580
0.254141448367684
-0.723099567359728
-0.640711394465522
-0.190417480735641
-0.119762532403335
0.272007533139322
0.474405136011439
0.614317082194777
0.623655686608664
0.061080121339568
0.605739974493232
-0.500046206781447
0.141707468203957
-0.503674247140474
-0.003650661846254
-0.720583839289919
-0.084542779070536
0.377132132847018
-0.077768195397732
-0.677381504313175
0.205586592748441
0.550769979339086
-0.110778607481810
0.772143775790487
-0.568403793735358
0.073189776196346
0.545821526928898
-0.465400279658440
-0.049107677771194
-0.596379745545318
0.422071839756087
-0.283636262324457
0.244235908023756
0.681418080170539
-0.333854822429223
0.425481857903138
-0.119451444489375
0.000413021010234
-0.835713506494199
-0.480354847574835
0.397504789481821
-0.227290743686118
0.278591104537713
-0.186593593506720
-0.346397531937640
-0.310798834182076
0.578659597877316
-0.096931767831103
0.035694095809607
0.367171479564485
-0.842546463325069
0.521950544498338
-0.155542529178768
-0.087604084610878
0.172635509054682
0.764543994143192
-0.165947815261698
0.171798720544676
-0.336175694596092
-0.069381959136635
0.554504924088201
-0.254258538564104
-0.322116134419593
0.362575583102949
0.353352406873425
-0.469529611937050
0.270094642918843
-0.509836195785076
-0.452652982346204
-0.761983523061266
-0.057556713314825
-0.091635369921472
-0.537560597291028
-0.087623496566077
0.665503726236718
0.021915025269393
0.032593530800631
0.022032755732899
