-0.497298869662175
-0.013514400019337
-0.255130397474636
0.255266262705070
0.341315519772653
-0.311547624881717
-0.459669408478137
0.087776753867883
0.177817992788667
0.286446166517744
0.199209005622328
-0.920105132612161
-0.650579535761727
-0.307231490759638
0.546001659991698
0.163504086765050
0.303618904167407
0.529648544422604
0.065144902322221
0.013920293853102
-0.246744625270143
0.018855577263599
-0.566558152128971
-0.442821715557980
0.264291720244890
0.240111065405703
-0.086389490029637
-0.113939523466753
0.588065139182904
-0.430024370898978
0.093014352028851
-0.584482381918106
0.196608499263124
0.545842220301992
-0.506797526865632
0.075664419766206
-0.705928376881690
0.218994108928701
-0.000210125874032
0.758633003851670
0.300612706224678
0.350281480733327
0.814661531408652
0.025556040233666
0.256986363779734
0.415999541194982
0.221615954971996
0.408935212731450
-0.717340636306702
0.330210450347771
-0.435140893977401
-0.864573434943878
-0.427935360103490
0.158277951794431
0.686037049025809
-0.259367389977004
0.073419831819555
0.348885156584408
-0.161022327960393
0.429664424733699
0.414949806483913
0.029438027046878
0.285364490878047
0.312813893411874
-0.366554127772716
-0.002803038613713
0.500869457830871
-0.106474915514230
-0.113256833589083
0.449564474870362
0.561907819506560
0.282325585813735
0.718582022699686
-0.135025543036960
-0.216100348002582
0.448516174090731
-0.746706751219839
-0.489606372356573
0.564347848336165
-0.605120560427418
0.052538451972084
0.248080086457397
0.694531515401512
-0.421145073976700
-0.157595630858400
-0.841989220763161
-0.124891180967168
0.172280523163757
0.035535856716243
0.026972855482411
0.008641577192541
0.401672600100979
0.151068565531419
-0.658017515281284
0.162989519388719
0.375502010895823
-0.370146019802134
0.017221468212078
-0.892958454844360
-0.093301918704752
-0.002407808940391
0.688370692370519
-0.384407937334279
-0.829622107276446
-0.170267776530817
-0.237666593346694
0.390277991869291
0.497467483331674
-0.199363024215313
0.754632286676962
-0.043107656418745
-0.203101774584923
-0.147304457899515
0.613627328859708
-0.301959287822131
-0.415676661696615
0.435591740318309
0.252652154321080
0.045603115236604
-0.381442125854199
0.236132641083964
-0.108468270010443
0.449563674130161
-0.022013490505120
0.629661758455837
-0.462216635561489
-0.274773515308197
0.269687107166679
0.196987948580647
-0.098330471640391
-0.149510437362502
-0.110950171720699
-0.211299941716412
-0.639769782948244
0.052327928805387
0.106099034033988
-0.594597883479305
0.550396031481454
0.383104863812097
0.545619615591330
0.548677561427427
-0.303320281494680
-0.519755246290437
-0.636890079419811
0.257640164966317
-0.170831354454356
-0.793349835794551
-0.070919084906615
-0.172546816473090
0.606334667018026
0.583171290041751
-0.213744034423661
-0.181475489234502
0.006871911618638
0.030808266601016
-0.023483972179110
