0.465706290443042
0.359429715095046
0.241593213238769
-0.312174546575498
0.300107620097201
0.301785638631800
-0.309537998812457
-0.499729748901111
-0.392483390424980
0.149265262310623
-0.120267810315593
-0.822677849024662
0.190335383548899
0.637489602136217
-0.004058473567732
-0.394242636626087
-0.000260978400768
-0.213470444863491
0.323709016408371
-0.389806712111542
-0.306665495348197
-0.256460832240061
0.161519651503770
-0.371402373107566
0.419488191714439
-0.432983731084326
0.383046775153688
0.537519167385454
0.290138484079918
-0.050488069264946
0.127774947178942
-0.657510959722789
-0.192120170746922
-0.219262863708567
-0.263751102316091
0.359932316583820
-0.252265750073980
-0.084831674900771
-0.800617113626502
0.353043102798932
0.470385689331490
0.361424102586199
0.460055582615396
-0.547817554508734
0.213002054154281
0.192819026540163
0.407496364161137
-0.708750317648260
0.101339372806415
0.692166347937438
-0.175846826416083
0.322545823715117
0.370524065516692
0.123285234708604
-0.028893339260178
-0.428953609552343
0.455113561358853
-0.274102759923232
-0.264169143937186
-0.217536575186874
0.142832391455543
-0.177489204411922
-0.145442629153638
0.553638924931282
-0.143245325015241
0.241269662501965
-0.455696318417266
-0.177886600393268
-0.763662436938942
0.155639671137143
0.060855560410772
0.060640438546834
-0.454822308508897
-0.248440488597923
-0.108268369513382
0.511118505038892
-0.027662529541392
0.257578211990896
0.601104523328116
0.211310385732411
-0.211010054858055
-0.544433970993275
-0.140162988385023
0.528683873577505
-0.354943621922674
0.358068599564472
0.683527468656472
0.203532725019529
-0.503788711554249
-0.452973020776689
-0.349976480201302
-0.403656427403713
0.032165881224785
-0.746166117774338
-0.016717822796641
-0.017877830302192
0.699560974608277
-0.440662741852430
-0.339755552234816
-0.805149384055610
-0.001595794658323
0.030844718281069
0.300617713328261
-0.097025899187307
-0.818788425831171
-0.259680650305014
0.647278936748423
-0.058530774570320
-0.575349528650553
-0.343688837491475
-0.418562614761876
0.154425421666269
0.645688283887500
-0.271444598221477
-0.404906377706370
0.701051361799387
0.312066809378859
-0.479751277543300
0.240154778680766
0.018498908450928
0.139381778401889
-0.603725309932129
-0.373575907821804
0.551333702835879
-0.208329690214091
-0.309038510699097
-0.213431404157930
0.176160140005037
0.466749573353451
-0.245746222677254
-0.565662336652485
-0.315196584490149
0.477993563699255
0.191920066169337
0.691495264368026
-0.773849197520247
0.092380006403485
0.025670527455338
-0.461653415296403
0.738878467455863
-0.220669239644242
-0.235774392669777
-0.678242463675473
0.641358346107551
0.701423589356857
-0.137274681269920
0.322357375895738
0.131466062204689
-0.381482168895918
0.121263904327758
0.345427508288037
-0.422272503771265
0.819000244093325
0.383142667294360
0.745605968430292
-0.130251248786593
0.066919454864150
0.520847669876278
-0.629194416948283
0.504980527533471
0.272049856040398
-0.469552523478807
