-0.231185176075609
0.459185187900689
-0.245373933702879
0.418008773550568
-0.261929557145793
-0.180004171143096
0.707840156851702
0.202398226435570
0.388280486522686
0.522626258190758
0.466003761825253
0.319607041358928
0.127718893954830
0.194225667534373
0.259137121602478
0.124113388945056
0.378224799330508
0.308835842643018
-0.556090947997633
0.339654636317150
-0.155219646182884
0.508368433135384
0.463670980530561
0.380826432682842
0.110061390509376
0.018516300495756
-0.654529579465397
0.133831705073012
-0.365444176957535
-0.115103701599907
-0.289461770176374
0.123374684265349
-0.085497150771314
-0.158640997070425
0.057288286726896
0.750983572181174
0.136886070118883
0.624531651523257
0.387758148677698
-0.297568228173861
0.633094941034087
-0.205837012988806
-0.195467481188053
0.746533984427045
0.565660709648183
0.649369456075242
-0.046234085701002
0.090155572129901
-0.124667356627919
-0.448030966738377
-0.460104287500303
-0.406754683193858
0.276068709757571
-0.542222228679098
-0.245418586180928
-0.111958399445862
0.572493042200839
0.577166730229727
-0.271642208380002
-0.117843324149662
-0.111917330133496
-0.222180739335888
-0.301621814000952
0.401832318619301
-0.421965512130841
-0.191942474061973
-0.493793949401484
-0.476458016179733
-0.067524400292753
0.429912501776436
-0.386612663006229
0.342211579094235
-0.386531837821870
-0.520165927057171
0.408030751219843
0.687448522279238
-0.609508835615822
-0.256786842891843
0.556023079730714
-0.128215724771869
0.819870437091512
0.432352123758271
0.618020582726713
-0.326521378538251
-0.776356472448186
-0.199658592308825
0.285774640065057
0.272245884387146
-0.004926496562553
-0.482797516703928
0.486263905166745
-0.330239581092401
0.249084043928821
0.398214412031430
0.537008867094612
0.657159786595002
0.419977516630666
0.467691084647244
-0.592491540041856
-0.179736486902803
-0.457640080344422
-0.556385477129308
-0.424585491990299
-0.065700928455785
0.443793346239855
0.288727339332443
-0.410624967443564
-0.554218662780247
0.337144688587146
-0.675655043377753
0.514892695072248
-0.022520074705107
-0.497557362877461
0.803498802102701
0.479246443302515
-0.290872681305545
-0.305435247504956
0.470194820080276
-0.322082206077376
-0.340655136296361
-0.076342264848100
0.662244245026116
0.154529892998126
-0.222023559694640
-0.082042154192544
0.168766286117103
0.708845519184916
0.080483498822778
0.243133971296848
-0.066260257860016
0.350231960349488
-0.667066338407808
0.571321490329101
-0.033444865092224
-0.369871525811361
-0.495277217236964
-0.263620776405631
0.533564724579319
-0.495972677609304
0.412006346794347
-0.404306690968567
-0.106367070333342
-0.910395573662863
-0.083668736135373
0.713618016440196
0.121643402619018
-0.315572796906498
-0.559346071802774
-0.459879150098715
0.015456033804011
0.528570807608521
0.517783592178760
-0.033319330244208
-0.031921902884149
-0.642079149782633
-0.015710196320793
0.173316333221154
-0.221042864336134
0.105240327844553
-0.030845319361668
0.005753800476594
0.035028405115304
