-0.459684608024033
0.148898845644150
0.608944091967517
0.517834191160385
0.064620646868813
0.251053569884539
0.682317629180788
0.022382882730737
-0.271276927165290
0.469385055727547
0.538280243845590
0.502815852453023
-0.212532201722473
-0.266871289282449
0.430497220486615
0.125811708449929
0.017684838097298
0.068642133767675
-0.459279062888257
-0.062894866440777
0.201845788385085
0.412470950018019
-0.674329960994718
-0.078657367680458
0.473456420722821
0.025616677857249
-0.798401790307765
0.197396074439223
-0.374785191133294
0.761756760551820
-0.424380544157041
-0.493057045067003
-0.087958104709699
0.706459704471994
-0.133164684133600
0.348729366827925
-0.283273367706950
-0.069422469287063
0.541290015726274
-0.341280493751974
0.065924944137579
-0.081256508692393
0.872557808831041
-0.210085912712137
-0.344029641033541
-0.517665779959002
0.548143174814945
-0.085884936062795
-0.183033781668798
-0.110990910448473
0.003540351180542
0.449272223892389
0.861319895560776
0.017166697175613
-0.068546031698183
0.329292658910578
-0.469151020890982
0.253361138158405
-0.602512456446308
-0.389049442960146
0.017707159546902
0.554064114017873
0.331681576984375
0.250275174098140
-0.423805653849769
0.169481838016890
-0.331300712065263
0.710396516461767
-0.013038759834100
-0.338316393587910
0.454029443421255
-0.104405512648960
0.212639765875259
-0.277475550985326
-0.289387217477741
0.032159732155769
0.355018670066504
-0.037301282747074
0.335906968989096
-0.381448287577496
-0.693731104041995
0.144441958610649
-0.913246630919111
-0.345062239599900
-0.170061569302725
-0.567307038787337
-0.212009608645752
-0.785314957835644
0.040003172196664
-0.215230552490953
0.262336251539651
-0.434824362727197
0.449953278646284
0.471382782891237
0.016033495418043
0.121034978768588
-0.651503397221887
-0.428006897632795
-0.301057038330132
-0.164155076875808
0.907889555929436
-0.357682237412416
0.742744218375925
0.423923360519504
-0.113952912881033
0.552233743287292
0.201229295226619
0.153311777509688
-0.282821927936243
-0.176700909300933
0.162867831249448
0.199602398884054
0.194515476396120
-0.403261825442087
-0.225632446404954
0.694229893717719
-0.190247548380125
0.344680485714984
-0.097660907789054
-0.482936218796889
-0.165029348506850
-0.000706149882158
-0.771172259786910
-0.313959257215614
-0.534887967964201
-0.698500789302157
-0.172579620334418
0.126374210170890
0.174345115409427
0.542151792768688
-0.334068034075549
0.136583161946544
0.377194840698673
0.662841410532525
-0.610354352088123
-0.236433849331568
-0.008118404673150
0.004575724408466
-0.623499004856596
-0.380224351878541
-0.365299245967412
-0.628964094779809
-0.025707150665341
0.158652810605416
0.299563638778681
0.554825618768704
-0.430252140758333
0.665089922176639
0.310461101043809
-0.436229654809562
-0.027412682526500
-0.080439196284765
0.614967233975752
-0.401032777408431
0.176684814262302
-0.690256444459550
-0.014707329616985
-0.363612609731126
-0.813397966209931
0.564616418748719
-0.191286540996484
0.718438493366185
0.269563625173060
-0.419922688383408
0.106776660079996
0.036946809295831
-0.129145891270714
-0.089473094059966
