-0.359843614279934
0.331263860016388
0.138704936006569
-0.037534476099269
-0.828660910845561
0.201440110016405
-0.059884098998933
-0.283493423648729
0.069200601540269
0.176565344020797
0.236390945754780
-0.439983851818610
0.769023640846340
0.262756611871618
-0.114403034410708
0.701962655113242
0.519131549521286
0.409508868636882
-0.310264333957027
0.546411676785831
0.719052360166828
-0.792340841852662
0.006261010916871
0.289516448652133
0.201016108620086
0.530854858213554
-0.337340099235440
0.085951937616790
0.629260930604059
-0.250753326807802
-0.121907174520730
-0.808794445726053
-0.264887365050124
-0.285394388519431
-0.146322204705555
0.912086903711618
0.190474384713878
0.259849273487419
0.213027274783228
-0.116210341781866
-0.367325295357130
0.129302397999546
0.576885760093429
-0.531571979229619
0.377095174374491
0.085344965658335
-0.329815812682753
-0.181276548332861
0.145278188777439
-0.152885068915999
-0.539704480261082
-0.430678745134533
-0.503714116678706
0.285119024506590
-0.335835344002743
0.029269617888783
-0.641967213145438
0.272250773696793
-0.074434012176086
-0.723706343087474
-0.234375332382170
-0.589800925073752
-0.398789844042844
-0.206571208159662
-0.464956755497160
-0.093011795431148
0.452421252757398
0.081623463047806
-0.362370042871301
0.499007319726053
-0.368294577383298
0.189395609500864
-0.226904230078133
0.440375294958514
-0.741803487413922
0.330536992149421
0.413019125299090
-0.426167927578662
0.846743673058116
0.121021902085195
0.245139186245746
-0.398138913128308
0.789176451237920
0.222232841897083
0.548866224024253
0.644242120048525
0.158857571167228
-0.257577597927497
0.375404415740377
-0.253099675435714
0.784697220293889
-0.230389481208714
0.492369383281390
-0.145467356890769
-0.616040653683745
-0.564527564679489
0.042304310501264
0.358555961772155
-0.442856089543169
0.045878828792513
0.259903255367127
-0.019969540403695
0.135512598104372
-0.052875860690911
0.258794329528317
-0.273445246840084
0.247911394731933
0.390005965822324
-0.470240108015399
0.185507846712381
0.555381293037432
0.473080712702604
0.168214191003089
-0.530720585566479
0.004682223549123
-0.450549981125015
-0.240432236796038
0.198845915197820
0.064431718367450
0.146786209048526
0.759915361244920
-0.487351260004716
0.189300388668854
0.537641778221829
-0.738774106186015
-0.001520547542841
-0.164289618639572
-0.107464819206312
0.451545694258093
0.907997426840439
-0.065889388411511
-0.149250932699313
-0.654560096402857
-0.121706679560503
-0.470083015968086
-0.418026165591381
-0.551482555550730
0.024822667393897
-0.152411719714706
-0.114837522511541
-0.661678939932730
0.526967374122115
-0.228090371870777
-0.258589233918423
-0.313404936338886
0.192664979600506
-0.550297450616603
0.143568253735054
-0.643542557050775
0.545649604757213
0.310751152991172
0.482087428735236
0.573032289084190
0.043120866735100
0.551671120987523
0.522761577922535
-0.306560063687618
0.330940562417416
0.028476789181408
0.123805040281483
-0.188353404662440
0.698381488453312
-0.205142941238220
-0.282195966407922
0.294223454064655
0.304897412410713
-0.026535219287370
-0.275012633690712
