0.699521586775246
0.614460262422879
-0.242292615241184
0.012828181158797
0.404237200024961
-0.336916261975987
0.424827602731425
0.355166952040591
-0.636929592942059
0.242790512114650
-0.297845034415677
-0.572137987088750
0.573841577923830
-0.343691348722481
0.290750226852158
-0.478781052563390
-0.294058821689062
0.117309796335293
0.598251143324910
-0.050957445940211
-0.535064294521466
-0.589355043015240
-0.609712714851840
-0.285056510287601
0.672376907221593
0.252295006708422
-0.039464306354048
-0.544029902809457
0.187637740373828
-0.497454883542073
0.398270581509056
0.029050939461417
0.019105584643638
-0.145162199407908
-0.572926889790778
0.471256752088273
0.487224051709553
0.328832728055206
0.602195645313719
0.026954075360447
-0.079822848327264
0.689882577408577
-0.147969137946716
-0.828497416950086
0.045307133147722
0.216279218833933
-0.362185757385683
-0.680938142120805
0.256771029445429
-0.169618457895986
-0.427558677551589
-0.214407735485386
-0.470073329537374
0.704723999995103
0.520257532912558
-0.366645443672929
-0.362525824123447
0.218491834263906
-0.263367998561589
0.008583248628272
0.140067892917076
0.569241940620256
0.277894019722369
0.421548141780327
0.213129603825069
0.863812122901201
0.139299303070435
-0.593971432003439
0.219148241936376
0.192477322547588
0.198943522970726
-0.035957500189559
0.351394849311828
-0.086960817608466
-0.113016474170931
-0.105016051797196
-0.399974182796901
-0.228037453302107
-0.119322653056443
-0.795422007969676
-0.105232035985759
0.273332102728359
0.305015218411318
-0.359164478466570
-0.224504586382313
0.091565103229518
0.483200608733464
0.270526653170374
-0.000563080599053
0.034891789906949
-0.515645084122302
0.620350892486303
0.268682105307025
-0.478682575233257
-0.195608877507466
-0.142473846647925
-0.410621227830954
-0.424014014790616
-0.420239870724812
0.429727684366073
-0.128201973457108
0.516666988625851
-0.695209579069649
0.404705505366874
-0.153080435955904
0.380440134585457
0.388972846551153
-0.239103612654488
0.370870262849550
-0.131113692131971
-0.211939313088883
-0.495139081158171
0.429798110083364
-0.229804194103865
-0.124291352941716
0.575565217739783
0.273200515718316
-0.783525642776401
-0.283945886764036
-0.381620051828890
-0.074742884902666
-0.325878713515635
-0.562864418543896
-0.022200749396119
0.425413037122409
-0.332224381605610
-0.697360921970111
-0.159254615818334
0.072729168454179
-0.201664686548569
-0.049907773887545
0.496472553433856
0.278189462528040
-0.252572890122541
0.466031738582381
-0.829183459506947
0.171930593429108
0.073392478852159
-0.084395270156796
0.322480457198737
-0.353989074340766
0.657624450137667
-0.173841827331613
0.028059696655015
0.302001464398063
0.820063158404542
-0.345132547386702
-0.390568770332298
0.651129200317384
-0.051052055300062
-0.100727342273668
-0.142388832776033
0.016762317351876
-0.346976224870866
0.619647084879769
-0.274613691862655
0.478913599381251
-0.757374165210065
-0.345119039395218
-0.283099699644881
0.456106645338486
-0.753663081743432
0.172195462331381
-0.543758241790344
-0.672061678039988
-0.294817814865842
-0.442177514701482
-0.244036173215169
0.624225501488794
-0.151470943824247
-0.539124505129828
-0.133590179407093
-0.005166240436255
0.830576708202933
