-0.304699395955621
0.665876934652280
-0.370038764558104
-0.516922347044028
-0.499567801374076
-0.613434687583392
0.720981708764423
-0.366187395166050
0.053704472416634
-0.321174045373239
-0.676574760623037
-0.144134701008119
-0.190193395182647
-0.248082951896566
-0.582599570307628
0.766555062707031
-0.592582603148172
-0.082029892247445
0.280800169905396
0.414906999506775
-0.407450757514187
0.212604811221186
0.436369274333759
-0.652587113225644
0.584490436866777
-0.194161914684961
0.408887351294667
-0.230964443344346
0.451858626384322
0.055547055219858
0.080262800102327
-0.598774394287402
0.248310838627106
-0.010630044480662
-0.270998141381464
0.149239082341390
-0.013951483547458
0.097688111947407
-0.364711873600216
-0.139608532176064
-0.118507582549881
0.598294332885756
0.807316692384803
-0.031021083225249
-0.268789087872391
-0.156737275049529
0.221467094039850
0.437067251611099
-0.010534425131556
0.235354147168717
-0.259481187460032
0.430500021160676
-0.192397280771255
0.437755356813532
0.222628857454674
0.061392168978382
-0.407667737052761
0.408831194513340
0.104500577174364
-0.414548788130068
-0.087010835933476
-0.696189876622579
0.340099621423864
0.495160159800279
0.317715653932008
-0.062103815983399
0.122366719969110
-0.071787270336360
0.206135794833484
0.372037815848988
-0.605272572574770
-0.155319482901885
-0.090427395226282
-0.127144796721034
0.177509760157934
0.021805284891284
0.083503994846196
-0.079247029496390
0.077897930349837
0.615420616308282
-0.450497035905730
-0.720447656607162
-0.327311456906004
-0.147796928328951
0.132599145235631
-0.868805836889702
-0.474690570629981
-0.442044271234161
0.007205062788933
-0.362467168259337
-0.055952675093502
0.258608723274235
0.192124983858380
0.033118260792899
0.161379558211788
0.562199089188615
-0.508724401815779
0.125129375389427
0.379290306023761
0.150753632131788
-0.279347527956644
-0.679777436451179
0.125615239675997
0.156998356650781
-0.118670209540241
-0.406492927751709
-0.277541497280945
-0.583713580035103
0.122675279695203
0.082831344833818
0.562672955080993
0.210461725828680
-0.405851898641614
0.494442425747018
-0.504085389998764
-0.533663502874523
-0.447766588323203
-0.510579590853880
0.547941429773629
0.111523567136759
-0.941432898124445
0.042564506762791
0.126755934445218
-0.264892502488462
0.842140411827361
-0.279068319661404
0.358299642553781
-0.541621806545920
-0.432176453174377
-0.043531262698318
-0.046313398734831
-0.520566974652291
-0.074501666549401
0.405516147754614
-0.751906992937513
-0.200433986287422
-0.912058749444481
0.071707875123089
-0.076486273384328
-0.020271347668660
-0.761421163457528
0.280419763658596
0.827604664040788
0.130037247703990
-0.478616707902082
-0.396119534271348
0.513907917343696
-0.550885438539169
-0.295472207163636
-0.036089139988351
-0.622820575886052
0.169242806445177
0.483184952324621
0.882690849506072
0.038670980438478
0.395907094177660
-0.595530537248411
0.006488293285136
-0.341189267054214
-0.609365226284524
0.398412107978385
0.643497618581033
-0.797626923897809
-0.591474367925856
0.014862135498068
-0.593345139685244
-0.107753870279059
0.220391575977575
-0.167596992081813
-0.063667433484264
-0.565540589526959
-0.039816433954341
-0.023194922533163
0.011806514303044
