0.122646371380024
0.059457785405827
0.641897028871588
-0.135328345790991
0.214516105449177
0.269611476307494
0.348168940982575
0.494587042939906
-0.651247381997073
0.285793887708673
-0.287030920857380
-0.376275135225155
-0.191818526149604
0.337363086203161
0.627360396388434
-0.089555329576100
0.738624232491917
0.282297411130796
-0.179924250500040
-0.036433749219458
0.026124224389131
-0.167292169590731
-0.633660090817919
0.480837884259914
0.507602783080053
0.026317246876698
-0.184504577678395
-0.080719728615791
0.392700470150519
0.274967735697493
-0.359205362355522
-0.095852890713727
0.587233132982171
-0.626133159929474
0.026473187992476
-0.322606813238361
0.608885603873487
0.169075089011825
-0.243114227344608
0.087993627905302
-0.439990092431645
0.144947462806106
0.122485109009416
-0.562818489841187
0.503976038578525
0.488091550764244
0.353146044528157
0.463048882798189
0.385859378843233
0.052748828053855
-0.322658985849816
-0.329594040333160
0.615779262228848
0.096814022202400
-0.106571094189108
-0.260064653511678
0.291719418017488
-0.378212373095617
-0.134105672477441
0.144943524522187
0.068711246405023
0.006490510822930
0.305158034610729
-0.928513949052374
0.197922774020375
-0.265247287490101
0.770048098524429
0.308773336032819
0.345456956053488
0.048297652956677
-0.842399063878245
-0.071606381903330
-0.096148908392267
-0.708484825909529
-0.162146685886499
0.160509352217226
0.462765059106911
0.552305024334510
-0.614350096807267
-0.775609889901734
-0.100285688970848
-0.648546745620429
0.059936444123004
0.546969284064145
-0.612719409592309
-0.081705088664033
0.327344913400559
0.625922154320186
0.326214446741881
-0.049008248513572
0.656856876732725
-0.221477220219564
0.298123679167757
-0.519322911646762
0.770236749271636
0.004218374316887
-0.168735606106520
-0.418906036003405
0.078005904678874
0.760347859325242
-0.164947829795840
-0.298354609645272
-0.478638204871972
0.162505052735592
-0.447558164721590
0.309501314432013
-0.336832924730151
0.396830914838654
0.004628165082455
-0.956803655733858
0.223881029482567
-0.417203732942476
-0.384414074870168
-0.132098495900893
-0.743532575315106
-0.319499337665379
0.229530740029747
0.801994903918337
-0.316020765172042
-0.143521637916523
-0.316918162447559
0.484884808912419
0.425899728717493
-0.377830799289306
-0.474127980545157
0.368276832802462
0.503859805401205
0.302073222320350
0.443220569233826
0.468707663378501
-0.418645751797160
0.618631500837603
0.138503759961211
0.142747650667694
-0.612111684913788
-0.436894058886984
-0.054557091715874
-0.478317202804565
-0.568360626375644
0.640125643946160
-0.106895454049396
-0.588692877590577
-0.329032983628985
-0.219063245317617
-0.495367630945354
0.108469987918366
-0.760758786318832
0.281277371914812
0.128178135459254
-0.849950498431954
0.004866427877769
-0.430251448515901
-0.846743893233912
0.130836717403986
-0.101326216583776
-0.030774171477988
0.146675646619370
-0.411053607073660
0.043192953463003
-0.455265954881642
-0.221993914563605
0.162343131019091
0.398972675029001
0.020269103350889
-0.550384464857520
0.008507303150807
0.628983242949335
-0.243622892802540
0.081513430908128
-0.000429278890183
0.065585166984497
-0.014428194970047
-0.089608649152996
0.518055461208817
-0.377285450309961
0.478038208916714
-0.374004907810239
-0.042575067112422
-0.353608313697245
-0.610370631002394
