0.160628712014467
0.187259172845188
0.236508266353297
-0.227820645105282
0.612368729913795
0.027381824426903
-0.054944211010372
0.363848988492938
0.167097455896626
-0.288892898024006
0.061784294405050
0.464641830548625
-0.445930199806500
0.000125982696085
-0.123560735790950
-0.050367754512133
0.054142757127740
-0.562299862418862
0.202742919236339
-0.218549790829740
0.693235762955499
-0.504373378549569
-0.503850874173596
-0.272722956239953
-0.716729782606515
-0.422061011801593
0.500768499915748
-0.600392604985820
0.356862207434594
-0.625228567445132
-0.089074116854423
-0.106620046998460
0.111725673651311
0.702416242864428
0.571512581080493
-0.031233031321469
0.334384662036802
0.235209430834642
-0.613401319917650
0.272276658492916
0.373752700114602
0.383343946306594
-0.074228606754666
-0.192139582692303
-0.926396943197006
0.171520585058005
0.781387936110533
-0.208884402816219
-0.369568481874159
0.178918892233604
-0.426271120264652
0.058967571483817
0.593132254304721
0.111831370414031
0.820983975053510
-0.090507077184353
-0.391880742709491
-0.067497349713560
-0.060525935552703
0.654600869854255
-0.569788712289994
-0.563890772974866
-0.001045691145416
0.189285997174317
-0.732350575639422
-0.158043095678506
0.200193344652475
0.461835552551745
0.424700389046567
0.433760615643772
-0.620700461890989
-0.524422129134640
-0.055406215892752
-0.299911959288946
0.048246470468529
-0.414177644880331
0.615026748968447
-0.372436740471121
0.252697902601062
0.102437335855574
0.379367669890988
0.111364869710866
-0.162717201343878
0.061902323789120
0.470356948536450
-0.209971902868840
0.605450991592714
-0.577478370569965
0.362433897943136
-0.103998535699927
0.154672058298619
-0.377568383994065
0.343924820851659
-0.600250348744301
-0.404206512723443
-0.599593923345430
0.717196003881966
0.104415913505387
-0.216978655635083
0.269503383342046
0.774547904621444
-0.405113511618300
0.563695064725208
0.564832559560407
0.245037991759373
0.870928064904251
0.146653894125118
0.076524026944292
0.121051510094637
0.695338953916541
0.424500632449233
0.192914367372855
0.555316747363460
0.291483844399839
0.482105406829130
0.001552296516068
-0.430041797766661
-0.229617323293518
-0.038255682116752
0.056623477138616
0.041324031668583
0.199334384468837
-0.282533981688650
-0.029934348572224
-0.461791305234344
0.868370926688204
-0.204424161922743
0.319201094471395
-0.187964657560549
0.256011697475440
-0.335894424150470
-0.527480036346998
-0.704384402578096
0.339400249294827
-0.166948625062841
-0.305680348022521
0.006563597775047
-0.076665783465698
-0.260596255259462
-0.212765635496343
0.450778509424501
0.653843043435694
-0.086942966186824
-0.463282089462601
0.307810566843260
-0.714962561374637
0.162147740595638
-0.136578948855308
0.006188900065654
-0.381485456372714
0.445689000914095
-0.577683081514942
0.175846500928409
-0.240619817496365
0.309123275926752
-0.451565974957233
0.525281387289875
-0.177649828254869
-0.308829772254110
0.669042294830972
-0.204478954512319
0.277183858816904
-0.124457771800531
-0.258975884484442
-0.262689645194644
0.445109159792450
-0.052043354034915
-0.838942531507908
-0.099022074646212
-0.527341290597303
0.153608732973949
-0.186218927320961
0.480838215696151
0.718225350930258
0.188705873255937
0.900269944810869
0.333456444471469
0.595092399195682
0.078754858835145
0.088135953945600
-0.591196705176995
0.418065380685433
-0.007245617853819
-0.394417398046243
0.689772923767131
0.289624959470191
