0.122646546101556
0.059456753508792
0.641896261716406
-0.135331003467133
0.214511760129619
0.269612007302548
0.347842799492128
0.493774986716589
-0.651095645508980
0.285794114160383
-0.287030512157387
-0.376275513009059
-0.191818433109900
0.337363372337333
0.627360401961684
-0.096008468770380
0.725892980598312
0.227939622289135
-0.179923949932815
-0.036433563885289
0.026122348923703
-0.167293243269294
-0.633658362255349
0.480838260924513
0.507573715799966
0.026305069397658
-0.184496806038303
-0.080718871370091
0.392700288400793
0.274967728991883
-0.359205424174711
-0.095853187913067
0.587233143788464
-0.626138356920235
0.026469740916995
-0.322601850352620
0.608885450858395
0.169074583278558
-0.243114197456060
0.087995252984355
-0.439980896608671
0.144957968822231
0.122484300390056
-0.562819850728039
0.503975076888056
0.488092249830504
0.353145438369106
0.463048280821895
0.385858123057028
0.052749771151210
-0.322658048619865
-0.329593712490896
0.615779814056585
0.096815483468567
-0.106567451183763
-0.260062071658421
0.291716390254548
-0.378211930993905
-0.134106092633530
0.144943992131739
0.109662639679702
0.090815392623466
0.329760707010522
-0.927101464117695
0.196835011375765
-0.265542215472052
0.770048596120341
0.308772909550154
0.345457140047325
0.048297221571692
-0.842398311832342
-0.071605826343865
-0.110237371783879
-0.695447857501555
-0.120345495522263
0.160512776368713
0.462748059956371
0.552306997885417
-0.614348246860146
-0.775610970197260
-0.100289594017430
-0.648546158940433
0.059938505062903
0.546969564957082
-0.612521022160722
-0.081956492808297
0.327541112642333
0.625922131567147
0.326214426981695
-0.049007880805136
0.090760223076008
-0.809161839221743
-0.574809360029626
0.656857225845789
-0.221478286974674
0.298123903166109
-0.519322819578169
0.770237396430145
0.004213311150913
-0.169411437989294
-0.419857879392682
0.079279477319394
0.760347651974754
-0.164947909285328
-0.298354793946063
-0.478637950093465
0.162505435695038
-0.447558114522360
0.347040888820841
-0.361250816227899
0.401205374458356
0.004627916998183
-0.956803564106992
0.223881916747010
-0.417205353219053
-0.384414461903583
-0.132097813214849
-0.743549414395119
-0.319504462038669
0.229540981100807
0.801995048872681
-0.316020662734151
-0.143522045750798
-0.316917618705883
0.484884790950595
0.425900019846532
-0.377833190025723
-0.474124660841038
0.368274413251094
0.503859645797843
0.302073600692054
0.443220912321222
0.468725998799251
-0.418644762045341
0.618622125863784
0.138503835335248
0.142745660361932
-0.612111834312462
-0.436894700667325
-0.054555161363025
-0.478317153716903
-0.568361283711694
0.640126361481817
-0.106894558743041
-0.588692268366496
-0.329033110174294
-0.219062988709173
-0.495364895907793
0.108461493483395
-0.760764332249742
0.281277343314296
0.128175926100019
-0.849950891771870
-0.004792377059835
-0.230438491894146
-0.904355947958940
0.140543139580923
-0.103395726409190
-0.027984549429581
0.146675006016611
-0.411053101395360
0.043192647228782
-0.455266916485231
-0.221994873780611
0.162343398428294
0.442882234052467
0.051346213060842
-0.539384699663596
0.008509246788564
0.628985096054484
-0.243643599087361
0.081512882313862
-0.000429044750266
0.065584432290282
-0.014426921186624
-0.089608313843427
0.518055754123346
-0.377593584393782
0.477995073014191
-0.373847222038074
-0.042575544451196
-0.353607833583139
-0.610370939270340
0.042850286593399
0.067021018328972
-0.016909627962284
