0.177052560146385
-0.049313455416415
0.262388186258114
0.681073079620417
0.217658441749168
0.283465032787159
-0.421347172780880
-0.805098853051043
0.309777381591314
0.603382031971676
0.059765722253033
0.011490470263907
0.672190125075278
-0.025781762940785
0.478323844482047
-0.236760407012242
0.912776962814987
-0.121635271274201
0.299040179012514
0.494046891668963
-0.383922359231204
-0.574264351452309
0.091023134449463
-0.539333971138808
-0.062464471858465
-0.115183337561918
0.232301705251833
-0.050800304262854
0.531585439857497
-0.090672176060250
-0.181775068501467
0.533509294982522
0.026944744745220
0.909266210669571
0.023784801261714
0.341627658458287
0.425591598677549
-0.344577482043224
0.009156492948113
0.562638188275067
-0.016967118930198
-0.053119814378479
0.255614493227318
0.147494470411428
-0.037251527705288
-0.007917089776839
-0.694005390240756
0.629460503579283
0.219607060400903
0.148143716113953
-0.662884919119049
-0.435206294632336
-0.426909354802259
-0.207251882377599
0.017044975882159
0.438488446397787
-0.214462010220432
0.041637395262283
-0.334180430610238
-0.831944903881064
-0.392264128835222
0.804212853259999
0.417068574098142
0.428217708822004
-0.671746210899537
0.060730658086204
0.613346645223108
0.026492248573200
-0.053665819552189
-0.196472344273545
-0.107327176440383
-0.535073193220716
-0.256781446014761
-0.345460981515779
0.018255638565254
0.214528897507871
0.900664691514931
0.214164180910918
-0.082895779168126
-0.027850614609542
-0.445909490532155
-0.612645358918674
0.165099228503431
0.023266275444578
0.539232805196517
-0.199249230153925
-0.019435319547349
-0.463548040120712
-0.222244213465654
-0.755916541514119
0.171584424973835
-0.280815976611126
0.799690973522736
0.605388140674090
-0.504390673725087
0.613572800673988
0.614947416763029
-0.275612977179189
-0.665770362211764
0.255746442448064
-0.533167144449061
0.242360044961734
0.183262729561618
0.209188227217691
0.031231846039397
0.165564655906822
0.706069414568399
0.326006867344714
0.495515656486269
-0.073316690813741
-0.260366920471796
0.287195276278791
0.031837379843665
-0.111771378874626
-0.283202780354833
0.382282392555145
0.541066187995843
-0.235889100059086
-0.554043075331023
0.091906008360465
-0.532502152900920
-0.332343401427772
0.731338654061122
-0.008306137988758
0.401033537057888
-0.738727227015062
0.503616496577452
-0.123629443353575
-0.642406275249778
-0.087536832436253
0.101743359046186
0.194795729411286
-0.047772594033580
0.779839524321218
-0.299370012203110
0.002971677293651
-0.687469254442075
-0.455747588716689
-0.673475657857249
-0.577331859987147
-0.353040220727530
-0.178297887193771
-0.236218340627452
-0.185698872945982
0.496910615475131
-0.142863157352671
0.472313159780570
-0.318055052013077
-0.132820417675856
0.683074126052966
-0.124494590255019
-0.729114452004551
-0.462965020514921
0.212664468755190
-0.168091001737890
-0.347817025004644
-0.139390068121028
-0.015033251858624
0.075952318121756
-0.112810991649898
-0.103916033902064
-0.581526910145005
-0.522009787189163
0.223321825977323
0.545762931584553
0.543922433705473
-0.606352998214860
0.007784644972321
-0.861377039555370
-0.100763602527992
0.249525595932973
0.083697172449346
-0.017580908853254
0.299332364062100
0.711219164642819
0.522928584839041
-0.119291048777109
-0.571992928912298
-0.409616185757379
0.319226031222119
0.665194234889805
-0.474807717189150
-0.034989369872175
-0.213767145104105
0.059247799871269
-0.339284854113866
0.254364813251592
0.017145824882785
-0.432666247494726
0.031164212273748
-0.030304465816420
0.027094222416187
