0.121205875205638
-0.248846000862093
0.819668767070618
0.505370378221585
-0.199676801009388
0.256620313868639
0.513205853693773
0.343319311197781
-0.172982532849643
0.126407706921003
-0.739237910043633
0.213141564019406
0.656598764501742
0.297533216711267
-0.447428553650220
-0.113681388760293
0.596492279373417
-0.219103852246382
-0.865300132582998
-0.349548574331163
-0.059123280816892
0.378215855496991
-0.201015287662814
-0.631339640647497
0.370753559591683
0.321465880252925
0.219120998301101
0.653544092728998
0.031292023497629
0.638456191127706
-0.751142181819291
-0.200286224080747
0.377098105110420
-0.276342059776458
0.156547532945585
-0.572374705685674
0.212943728626999
0.487309046129362
0.249634544506411
-0.264603904269199
0.080114807815426
0.314267479046971
0.097003576521107
0.088261792590241
-0.381995677382635
-0.697410957167366
0.244236988145785
0.541716925693802
0.161721775782627
-0.629274094182912
0.522825474684584
0.327283106100419
0.237514141565183
-0.226834093560692
0.332992876299130
0.247249966383950
-0.787310647205032
0.875247989351698
0.192002423480402
0.178960941914412
-0.076604472282456
0.318266420932893
-0.071761705180729
-0.264839082382695
-0.166932667151435
0.421103731816416
0.548652157881569
-0.057309521014311
-0.080264384363834
0.205273454235552
-0.056932075566541
0.028212214874851
-0.182598928446399
-0.400469790737307
-0.136552840811080
0.031682507416396
-0.009589281630852
0.453185959816927
-0.142328065209125
0.839314145632067
-0.068109837702646
-0.406223079198664
0.392338076151147
0.143967921998929
-0.045191026694367
0.340620339577765
0.124841553060906
-0.567451673843513
0.258029686439478
-0.074560874920949
0.684862789028661
-0.195002872874337
0.447303210563883
-0.424780200658914
-0.241591603025592
-0.067185351653696
0.256244640334493
-0.713678594722358
-0.651144856701358
0.388500806727832
0.315444522833444
-0.033012000025989
-0.081507396862283
-0.522443429097741
-0.599404185933097
0.067600701043151
-0.595157922411597
-0.479630939610066
-0.431870907163741
-0.389541055241905
0.232086973997353
-0.298975723498249
0.382588357940622
-0.210711655856293
-0.299966349703040
0.290360261068049
0.639513965654042
0.147786774318617
-0.265357513458327
-0.182538685730059
0.550266226895658
0.169863006969042
-0.293784814660417
0.386895121643807
0.721378308891748
-0.202763345542388
0.241785573525519
-0.068683805327429
0.317957373645958
0.346863200639643
0.323821530495366
-0.168206440682351
0.691713806307192
0.249217129019233
-0.175891912792551
-0.327058722670824
-0.298906983477022
-0.677166643701234
0.627027711704065
-0.464339945166839
0.464787055655896
0.544810502616010
-0.567457537561837
0.466961373001451
0.095279414372467
0.084446646342718
0.379867898063969
-0.293132686331672
-0.188100723747822
-0.428024591090691
0.259131296715617
0.555968140515957
0.639350837029270
0.085850944320088
-0.324281136324425
0.309186841955235
0.038112703920820
-0.012856445165596
-0.404266176423549
0.702237859270836
0.578666404270673
0.244326992732301
-0.617026295827332
0.508920942674136
0.291450538678452
-0.651275634933596
0.495030769250103
0.141557910034009
-0.071218707109954
0.838165938987382
-0.496217062553004
0.441948440284805
0.602364591820141
-0.479033792497619
0.032165436414271
-0.178411603170133
-0.872159065068390
-0.016818422877093
-0.187642030183034
-0.484936228760625
-0.188029616571441
-0.784790160704261
-0.095268821329225
0.456600078061603
-0.810744524727793
0.023660649602695
-0.024562623676834
-0.309534048327352
-0.713754373116798
0.055605856181351
0.538126066500964
0.013601577276930
-0.765203023274501
0.388318702344070
-0.142668586522218
0.019597579591858
-0.024023901807269
0.007121119464710
