0.291743289235001
0.098913898044245
0.143341902036573
-0.398255198116369
-0.466666967219095
-0.044982266783094
0.219763364940617
-0.054363339454038
0.306956399520046
0.439929935178732
0.168342158621365
0.067840698169881
0.828523633889708
0.223917695977521
0.311165293634871
-0.154781632852028
0.488326243326219
0.452470866464318
0.664668590301418
-0.245968776105211
-0.216265736018810
0.322118932767880
0.078342449329509
0.015185121704322
-0.079621526325877
0.094217686906931
0.720269518175718
-0.843779044733235
-0.112692754105679
0.368076519672608
-0.188189506848981
0.206573042896104
0.590347744695033
0.093752398255264
-0.061946758143903
-0.055378057047760
0.400060690395049
-0.651159920979603
0.243211471941498
-0.041005708179715
-0.627848956549101
0.153064951922052
-0.289941789912863
0.287986701920383
-0.429828514892395
0.296341288987062
-0.172668552999994
0.028582837951884
-0.091915438849358
0.033759409053182
0.239608956331572
-0.424311945440368
-0.486594003791390
0.227017485655188
0.370494899311238
-0.085989878400009
0.660672210552139
-0.146193488575342
-0.219911555698168
0.638687182614802
0.504127774794125
-0.014946179798137
0.044073271271731
-0.747701718396898
-0.556873959003783
0.139892923052349
-0.143874084783253
-0.616724203527856
-0.091599901894435
-0.820591233526758
0.267201354983121
-0.104476010847203
-0.387575916397297
0.591992400140140
-0.233540222997527
-0.099414008960276
0.150617141367697
-0.215494258205284
-0.563764878672856
-0.015727420494310
0.058241672024902
-0.011162985268419
-0.788914777965964
-0.093767776853872
0.189810462415969
-0.087504687767548
-0.151787197767010
0.382295010454142
-0.467145267865860
-0.415334818603438
-0.076306370980783
-0.375349687796008
0.070912824316519
-0.222030691140556
0.836619289176149
0.052940359918258
-0.186493167426746
0.631540000853957
-0.173339848084667
0.427031048777744
0.495446962552203
-0.747758904449082
0.928888965330785
-0.145303781572725
-0.024639282212395
-0.410370574035588
0.592403066005645
0.319759181115557
0.634763252470603
-0.221369806718385
0.634505698582352
0.178131366022845
0.801213747832981
-0.315984107445965
0.151947432897825
0.378727456759014
0.007943845671132
0.038106653933443
0.391467314207977
0.614940213390197
-0.386261017027514
-0.293557592701750
0.464295729211778
0.511304912006627
-0.137375890818080
-0.780747345460870
-0.611431801779582
-0.211767416591771
0.217487871498587
-0.021705689258630
-0.371965168922380
0.032058051550271
0.590316885912130
-0.395084487740341
0.262366250779378
-0.699615683160141
0.596001598657661
0.373666091649140
-0.544596901164337
0.227316288157509
-0.092368293299262
0.313351607340873
-0.177776427579448
-0.671492108757776
0.731426471133857
0.326081175946913
0.083254127719258
-0.227724606219477
-0.840179300077606
0.351838997361405
0.221561347337460
-0.732197714608583
0.589742722324898
-0.342718357376236
-0.591489509231978
-0.253639503278807
0.494051924804695
0.282783267510660
-0.307892545889029
-0.367452483053665
0.398518898524432
-0.478023445605672
-0.461051066959889
-0.426393080122902
-0.591024703399466
-0.249122230425634
0.007240885644489
0.221696161564627
-0.245514772937659
-0.205165206874302
0.698706445255257
-0.135909193877859
-0.096622662286347
-0.465307402330806
-0.654435246523625
0.123258160912280
-0.036205045552556
0.029507577450523
-0.023133901347228
0.958951344808839
0.068604919484389
-0.689537626107239
-0.445377305960074
-0.344598599591349
0.051123198605424
-0.497327546607590
0.448176770394705
0.344358021316320
0.783473484046435
0.003910384368783
0.054658278554708
0.678321453020303
0.322458250218951
0.737580663475212
0.447500572848612
0.045848868813722
-0.495617575256482
-0.015131285046341
-0.391193545569927
-0.071117394900332
-0.615012803880967
-0.072975959269568
0.011668393972664
0.087015914897618
