0.127287385383924
0.048817350186368
-0.761358521816023
0.678093023075796
0.271929064703931
0.368834003345379
0.407519889569219
-0.791122614318811
0.058595195523618
0.364601716854069
-0.392364288296723
-0.140211659934296
-0.055678653688448
0.655716933387067
-0.494329569617994
0.595368305631870
-0.166357723066293
-0.654481257582438
0.652456094721828
0.659311387552059
0.175018802062404
-0.667209861349142
-0.140164484704990
0.409610878443937
-0.463014154628325
0.287225378089547
0.338821653773517
0.463758104787693
-0.152900275062169
0.000133529376806
0.366858458339274
-0.074373453957243
0.148098756593011
0.719808812051717
0.561717477274815
-0.040205473815693
0.114990455380568
0.044960061547178
-0.429988732603371
-0.880254498680171
-0.013743940251120
0.077847142304989
0.673567122328556
-0.514187339582401
0.034834247832477
-0.140473239638948
-0.696127921737293
0.003578554941117
0.359868598110448
0.475697817681559
-0.573480192092812
-0.567483511006829
0.294013976379149
-0.533314397401203
0.460385312711642
-0.801983464081593
0.150897168631988
-0.582242057535467
0.265554528881036
-0.017068611340245
0.179152502727544
-0.363167578519365
0.433617594179607
0.264691528888002
0.384269005301808
0.285704269994652
0.308578065737121
0.261103351601701
0.838533892801285
0.283480015556257
0.068618833302853
-0.604413624659606
-0.535739508397252
-0.310868414817741
0.235116399861867
-0.216048676277210
0.066959257180613
0.408429082517858
-0.001816187006289
-0.297894272645972
0.105320432480181
0.488096837957587
-0.288250016189251
-0.706002098713200
-0.700948961740038
0.264180796615505
0.563700536683866
-0.347678193960026
0.166216467632845
-0.574070937090896
-0.315306425542032
-0.019528176636135
-0.487574707331175
-0.020085608296560
0.055942264708284
0.490838962727181
0.012756960188525
-0.643345122532747
0.171455589049406
-0.865992914728640
0.442445933979568
0.125154519170877
0.369740842604491
-0.778613101231772
-0.480741264912687
0.262382722779471
-0.335088425829805
0.469701014223688
0.546734703263634
-0.139946971171584
0.108175428395364
-0.291900331949251
-0.281013059736127
0.201109443453226
0.357241833955748
0.595333917940510
0.459795978643220
-0.050054098553096
0.435202503604016
-0.361478679134780
-0.109277531414696
-0.371827345939024
0.198289732559196
-0.145332881680114
0.027961108782635
-0.295083865244037
0.583522618568325
0.157552508301476
0.045633399537044
0.322561330063089
0.621315056857429
0.313434443224566
0.390805343404418
0.679711657985122
-0.383162046483231
0.582783283953155
-0.480384018492830
0.517247578929531
-0.094541276477637
0.134879884697314
0.370946941540144
0.469895117575305
0.398953390661456
-0.647997105263448
0.040567546829667
0.262855081981574
-0.384921321980641
-0.080853758092994
0.187975176992255
0.488705728783812
-0.041709166434096
-0.702383019944985
-0.024058640774707
-0.144731745416305
-0.087085641759369
-0.535532875267544
-0.492653918588324
-0.011595952308629
0.253479092517114
0.346135312619627
-0.005239605394857
-0.047548118479702
-0.731984595535103
-0.178902279151341
-0.149586655649227
-0.039468557893053
0.029165686500084
-0.803480596135059
-0.482906161010986
0.344144372435353
-0.590774988286423
0.339119804781890
0.134323792126709
0.020503770999802
-0.022296140477542
0.731021253314637
0.121348737712098
0.286090478370376
0.664037477380098
-0.195629121419728
-0.001832250750715
-0.370034351854515
-0.803178892411337
-0.388372689263805
-0.654741756115452
-0.566253651047414
-0.277006297834207
0.047079426863756
-0.318253798220266
-0.285568755322563
-0.198478049622566
0.013330959418775
0.325173695999538
0.611069632707095
-0.206858623057273
-0.327985181191983
0.743720172137042
0.042159691353290
-0.680235175843726
-0.133645927266737
-0.524369159750494
-0.037683331201543
0.446312700084168
0.596600565334068
0.081424648752922
0.126651743679560
0.126347045372021
-0.049191374528855
0.148134967361380
0.039716800315705
