-0.110427767798768
-0.376134656582070
-0.268713383755639
-0.661733632061666
0.521324734748129
0.169441495361697
0.406913260012755
0.563669289049486
-0.266725853329013
0.264870656471074
0.559035446649362
0.356712052318213
-0.252025056301560
-0.389422095217980
0.386659234521920
0.389662369263090
-0.136564023523917
0.456925724950940
0.151574274674126
-0.228147172467189
-0.466276714472683
-0.194793699136319
0.419648562929810
-0.122568778307265
-0.552929842973491
-0.040376680745844
-0.282863965602659
0.207221235504106
0.250253028761416
0.793310244329508
-0.361413546479485
-0.302894690302960
0.163071523918453
0.004443303325203
-0.149545867022349
0.339455587931631
-0.132194119252363
0.248459573792557
-0.687858503407179
0.152601656192948
-0.054149121427619
-0.360019730780654
0.294517312707654
0.370405772562578
0.144745035518951
-0.110030894559895
-0.389856571446945
-0.685017029701227
0.037919030731989
0.051844074242800
0.060081818227354
0.599120268090634
-0.552057968388498
-0.119886663209806
-0.057511301482433
-0.699722938764276
0.339649708859009
-0.205182858411690
0.215936138743062
-0.528048180879428
0.241486127569914
-0.093868159619775
0.425205721703260
0.456891138130239
-0.033079808748404
0.157430879544485
-0.426144516753317
0.417008605819928
0.553043508930002
-0.500211322740867
-0.298854814144816
-0.374414150209853
-0.021045925061331
-0.025804560762728
0.240295749426855
-0.048037656285281
-0.457098180646670
0.395755315290551
0.212027801019789
0.139129647057747
0.456322466776619
-0.156508460427582
0.797779427923808
0.402116210520755
0.626358581201098
0.055213052180616
-0.445231519055036
-0.428010529764180
0.867191263990927
-0.119844898204758
-0.131544014909876
-0.363741589920826
-0.344177361673879
0.416731990256046
-0.253039152421314
-0.630485292182558
0.195696985953972
-0.064496549516301
-0.877382590379804
0.333834016070197
0.381683584567292
-0.663074401523429
0.110250615725540
0.434669891618855
-0.187347595881682
0.566335648186796
0.768174216702296
0.280168232759137
0.820991829590458
0.229362969932405
-0.217914178925933
-0.467633651256988
-0.030484494460769
0.204958933929190
-0.418529518116497
0.479757166800189
-0.200554117243145
0.513179278754170
0.159596096196419
-0.448615125020627
0.390799487713970
-0.129054633836634
-0.682604644724124
0.456111501658822
0.164282940963578
-0.621052172285215
0.433810656102732
-0.484163330824569
0.533811124115427
0.764335607017838
0.424429426289902
0.081105702240331
0.262879959691496
0.435318158801130
0.594994551887148
-0.197872343717487
-0.465646262887304
0.095455386671380
-0.536732008885976
-0.515580947825835
0.444001993205602
-0.901073859816649
0.224613110029003
0.001022004065503
-0.325899313121872
0.581321688183191
0.059143612257676
0.490324907224784
-0.685929369897495
-0.365032581410817
0.137133622058200
-0.819808548726897
-0.253409360513570
-0.062720367156587
-0.517792290400432
-0.307593927942194
0.013123817845223
0.674074631131456
-0.733290986759625
-0.508995951699158
-0.035952748725827
-0.248081867332371
-0.512007169446109
0.112397064607537
0.341955980711356
-0.588727687953285
-0.417335145329979
-0.334167298187985
-0.305541374736531
0.119768059734192
-0.802728717079009
-0.641478523673642
0.429791406844936
-0.411286253824279
0.057172349634550
0.175771826521845
0.551799907740144
0.355017245874414
-0.618626650084490
-0.107481625052472
0.962012334074969
0.122754034400965
0.024756062196134
-0.256334821653531
-0.752243467044415
0.023528551681923
-0.736586706571171
-0.155718573530714
-0.400810065716165
-0.261902230953275
-0.243182788877911
0.222766676250817
0.478480587975513
-0.152502562173684
-0.392676248996119
0.047651944299102
-0.212724377821263
0.053862136312688
-0.068405523780234
-0.823168528726310
0.222810298786619
0.322785991266645
0.149271160181186
0.488181581546031
-0.088394175606412
-0.281381955310438
0.317416665964446
0.508810492288147
0.107098263823960
0.181236513578361
0.553631283719735
-0.435404520029070
0.517419627569963
-0.042376471993632
0.086185398434690
0.038136327265542
