0.250136487680645
0.203656779989772
-0.430388464510797
-0.091383766268674
-0.212004177842047
0.564682544823794
-0.663273076269601
-0.497243395679035
-0.546742899913245
0.021920587011983
-0.532724309453944
-0.650686990562031
0.761109635231726
-0.239631765380500
-0.559062631305648
-0.507018785580925
0.179586058251548
0.320380853108636
-0.819262233671685
0.270955840574019
0.120907623414013
-0.175855425791293
0.158573476578607
-0.342559202921796
-0.715110855742553
-0.281638605641497
-0.205109235293511
-0.230772256578845
-0.009986741164470
0.599523287773162
0.560743348220096
0.141068476149560
-0.495250578440533
0.159576091677480
0.225408748165361
-0.698955628893078
-0.528960234719799
-0.190311313601404
-0.593685093380066
-0.321291919500602
0.187994465944107
-0.221141339279654
-0.378555068297290
-0.429524888157021
0.017831881847701
-0.114937509345081
-0.447301116694917
0.442919394319997
0.586708259044897
0.192018392791166
-0.316982707132519
0.668475309105891
-0.434122991458335
0.361235315439651
0.420725719919953
-0.185607126986788
-0.014596036035369
0.363960014375921
-0.565906899903442
-0.564111047607141
0.353022107350122
-0.830891171038071
-0.357123783402165
-0.259808505383181
0.390605341149024
-0.566306851624914
0.151705915613875
0.205473814143968
-0.194666260542384
-0.374797390243260
-0.220282496130719
-0.150233054301669
0.503305298069416
-0.559108646525068
0.139926003833065
-0.282449109534676
-0.224346597118545
-0.823278992831513
0.367515216426416
-0.325263571105526
-0.635755317308792
-0.366391016850696
-0.362006022499323
0.219771704108383
-0.528640857320325
0.094632835816016
0.183419338847467
0.486538773016991
0.194349183118698
0.332165697649823
0.606998612058400
-0.076112507963801
0.660230691838196
-0.063807316123695
0.520343676045781
-0.301150436789856
-0.375441276044964
-0.276892582884050
-0.066948209295158
0.265706392488270
0.574525995810850
0.329219271241826
0.926257734252664
0.110355111544731
0.125864411730180
-0.236566181846253
-0.679048583698157
-0.254877180207032
-0.175796755537256
-0.007894633899434
0.769385768973121
0.261357570525697
0.711835771045423
0.368379530511807
0.657271039572250
0.323274346752408
-0.302200821777194
0.006411524466977
0.042092971696061
0.109895892697140
0.124143794326746
0.279235499632257
0.446034295060905
-0.148028782662974
-0.169765626770706
-0.002196799063541
-0.773123179844602
0.023756708899757
-0.098757659350158
-0.056243265465529
-0.375131995809629
0.311265726266389
0.770103009979969
-0.083606874266292
0.475955626959419
0.364809941035549
0.406456204644911
-0.262551751157884
-0.143022674932753
0.070378017077050
0.749538329359788
-0.095223477668873
-0.411291951479258
0.492102496404056
-0.224331326913664
0.482085406898129
-0.390456799499211
0.265237626840653
-0.510610469863196
-0.021133699931888
0.585753950748202
-0.673356908741572
0.126526178842469
0.253772775889454
-0.635592683282366
0.451118359064653
-0.187098215974729
0.743238181083536
-0.055899497698524
-0.263004212589489
-0.662202972544430
-0.103635545498865
0.118800915541806
-0.328481849302680
-0.334922458827989
0.666876398686566
0.584194925328286
0.048155756012309
-0.019606545063922
0.210263824151764
-0.429494961773083
-0.219848139545737
-0.018207732190027
0.093771695987437
-0.084588426857887
0.081387008453835
-0.667416294898269
0.406311476600888
0.788515889980353
-0.331699486141039
-0.124098835584178
0.626273325657980
-0.617101100417426
-0.603496014383081
-0.161096012179356
0.156021303837382
-0.169664281204990
0.270453089462438
-0.300286468110277
0.363884496768479
-0.397766005129366
0.253617092671803
0.551340611767385
-0.054442200468582
-0.616010744340336
0.138838194553115
0.452284908810105
0.673871748546914
-0.015801164271369
-0.775650505218164
-0.115286528438922
0.248279508484899
0.164763418229638
-0.317907700953084
-0.191671699726640
0.772378107562727
0.034256650613502
0.425445939751964
-0.688671912642640
-0.350170004631174
0.045324961235391
0.164429272118805
-0.679590558300299
0.221378527936029
-0.136064994005665
-0.215648727628988
-0.059988977486835
-0.642801899556658
-0.034265523494623
-0.519071843104267
-0.137783494337712
-0.297756350703451
