0.137147212253937
0.493364842659046
0.213821854229728
0.009031638765787
-0.712741140389631
0.592329194531293
-0.787882625724884
-0.097988132550322
-0.390482880583498
0.125422373003482
-0.324694901156478
-0.375022529403383
-0.386375408380349
0.299419875576299
-0.507631022407571
0.645100837619929
-0.059509063692888
-0.031666369254649
-0.530180172222003
0.447304301832017
0.158983140773480
0.850282467596561
0.027534414309223
-0.488263424209586
-0.008483857306009
0.880074584932755
-0.182897480728674
-0.013128012303516
-0.295212537710028
0.271488957012849
-0.252225198494654
-0.603576219969535
0.412222847477311
-0.242241726674725
-0.693155612186183
0.182626516377569
0.159659068456243
0.823450414006521
0.133829210026565
-0.478105883517582
-0.345368956538490
-0.165115036888759
0.347325534285753
-0.128804711082752
-0.183089364163810
0.026055669713730
0.496468396680781
-0.541505956267445
0.481035158713052
-0.413171097269921
-0.045845793134767
-0.016088646962060
0.388302223818718
0.600166906612373
-0.591628588646428
-0.409386544833543
0.156261708335165
0.404258490596989
0.875892642022594
-0.137689332931976
-0.321280931599725
0.755632440239548
0.462866956513697
-0.046538022908271
-0.249198507440488
-0.923988594349946
-0.340900490526419
0.273756719627356
0.044037929769169
0.348843604725536
-0.081795859024032
0.283683466766947
-0.081453092891883
0.182773353010323
-0.298645053575975
0.118872637512525
0.582308365951305
0.208830864580549
-0.099889650204001
0.025241985657823
0.245496615437561
0.295355715313372
0.243744876477581
0.050301818753390
-0.203124987480615
-0.252262630227169
0.891919585767851
-0.311916441123163
0.433570791463703
0.531184236516217
0.763288476930746
-0.104285639666108
-0.039179321819748
0.432970656070551
-0.201852932798159
0.352373712195435
0.706760317664390
-0.118380238423310
-0.358397348798585
0.575218025836222
0.109201572886122
0.464621386453908
0.109502147073906
0.331078732196115
0.233580304344954
0.298131207811527
-0.154312905137204
0.178489482179329
0.503530114846629
-0.371220991787851
0.775410480074116
0.380742347328163
-0.003929211084942
-0.739649792201715
-0.135309293438329
-0.102823902062328
-0.334937698500929
0.236459894653254
0.281873842783241
0.286000470115972
-0.309381788888930
-0.550907501710365
-0.582223655665226
0.051114924187646
0.291603876814872
0.644768928027759
-0.284644988329612
0.296546503829706
0.640576477388846
-0.462094293253618
-0.528793935139877
-0.019951085101840
0.046262380611812
-0.188795652742416
0.008740912502333
0.213638230744149
-0.356185258422293
-0.139413158313371
0.858611335349426
-0.178630942098856
0.264288706580871
-0.401423845471072
-0.254576983859498
0.419761808083507
-0.621315318681120
-0.007308886566983
-0.203508362524907
-0.319642559364135
-0.133068184224422
-0.398308464216116
0.242104726556766
-0.040371497424485
0.751417005512378
-0.708485432370186
0.532203750758439
0.209905131342655
-0.511573371701662
0.390012150374991
0.213997057048766
-0.053294081341287
-0.277297010767695
0.718372530396181
-0.423454651403080
-0.518579710495475
-0.201304408027315
0.322970844405466
0.538593139886737
0.252126579012667
-0.048608486580327
0.146503725481449
0.163103260176178
0.019312104839769
-0.065761164365479
-0.326886632770048
0.178445030329262
-0.114792979243669
0.192248112842717
-0.641808498691109
-0.224105422501346
-0.587165551929538
0.514402228851418
-0.698642365154813
0.196036884629612
-0.132513291292969
0.871294100211099
0.306687537455224
0.657313115466292
-0.345715431191812
-0.227148061546503
-0.866087787473888
-0.421440458304235
-0.037365709464378
-0.075593774718749
0.721550019830115
-0.569626468626317
0.142432251653232
-0.097792201829754
0.264070059502881
-0.210080531656254
0.071641407085007
0.619113469755899
0.510184177750982
-0.237382103374530
0.297223869929646
-0.390018320373451
0.703915102278678
-0.003716182624364
-0.225965163847873
-0.068214668579622
-0.549830716327937
-0.164628234998013
-0.220710706668669
0.604574672546891
-0.533034429539412
-0.315795894789108
0.663312629199593
0.701625473902517
0.444250247689533
-0.407198019134632
-0.029265159678693
0.074385745515866
0.031643283376478
