-0.110280337865836
0.845868834719224
0.018781966556142
0.015116067877249
0.297042915789045
-0.695730507414804
-0.204451476550715
0.819942135130276
-0.325348224273304
-0.756100096559027
-0.072462793255647
0.187383350591855
-0.394854083713866
0.154297822330323
0.698843654379349
-0.142437655296889
-0.853076349265733
0.039810752352432
-0.200615621232128
0.609605194292495
0.510767307699382
-0.243737585482134
-0.129835494049237
0.292001959749730
-0.555016417502731
-0.252912873235016
-0.321061516757300
-0.489813546357364
-0.008979558437949
0.354505942940516
-0.218136730428390
0.822308285920533
-0.066475362583854
-0.590900032221271
-0.671758512274717
0.261512583985425
-0.076463536409927
0.114717662410329
0.021705954035319
-0.199102254669390
-0.226029767695197
-0.536138491480927
-0.063664875274654
0.101810726852188
0.917394856455783
-0.545177131297443
-0.245232164204866
0.091663469894918
-0.139018005217454
0.073746526066294
0.424352288122949
-0.208501908665972
0.194950221913838
-0.003040529138464
-0.695348507027577
-0.042763045534712
-0.447876403939908
-0.163313978659419
0.085802286954316
0.618309314270545
-0.423881770177467
-0.082819143763285
-0.245926044818436
-0.094248770328001
-0.519946941195777
-0.231132737531335
-0.293623440931117
-0.375290892418810
0.705930930931140
-0.384808698411963
0.305294246327750
0.066656051397478
-0.335249169547047
0.677325661075072
-0.500106530588593
-0.725487996670249
-0.191549946465318
-0.188466979090032
-0.368529147102781
-0.719609490780389
-0.026117827603323
-0.554733219548591
-0.255528693283471
0.230560955134543
0.062754801376706
0.259630974283599
0.669833702781534
-0.100372797681577
-0.108733788352984
-0.309228579992477
-0.093597365797137
0.377359016742823
-0.227152387917249
-0.416924034882538
0.098961955735816
-0.209092277745131
-0.402880124961039
-0.363920540530633
-0.117801459803117
-0.367471916150034
0.066463120364018
-0.799473462673486
-0.818417913563141
0.447703149144159
0.004074040403749
-0.164139918835839
-0.015766627246543
-0.155647823301772
-0.182495311926921
-0.476250655904522
0.230405796933881
-0.069549647218598
0.070117286575052
-0.410565668037791
0.513579244766404
-0.061974590675814
-0.066233743054120
-0.211293755553683
-0.402889526210366
0.469607336247868
0.019530177020371
-0.026823814991064
-0.423015457012296
-0.036281823723031
-0.204731025555246
0.587126991323357
-0.145290094128791
0.552479285912920
0.074548028260421
0.263641840105521
-0.424878026682859
-0.018947381401189
0.245128855967171
0.360428075650088
0.370479531486130
-0.842554219194465
0.327287749199642
0.146474251498636
-0.028981155832879
-0.608892762842328
0.391562323617546
-0.166751777324254
0.396305918281480
-0.670420060595752
0.088880100199350
0.151736827372962
0.490798063281767
0.346536853237779
0.023254874278525
-0.102763036618106
0.697472925637233
0.241754668196032
-0.660006238984662
-0.005942783270128
-0.748809861346647
-0.247129174989106
-0.149520481576261
0.031365309079887
0.347315245674720
0.618535560109579
0.377248756937376
0.330663009279306
0.596182741044516
-0.349527358275954
-0.563522266446155
0.494436186297083
-0.763071204186500
-0.302931205494435
0.015671726696636
0.531523182803765
0.176935032227858
-0.672977944846099
-0.348432888252948
0.096722861561051
0.656983718110427
-0.530117212146922
0.200832642617848
-0.451033517698799
-0.559488744213243
0.388447057248502
0.193187541022300
-0.377581012596222
-0.307757525786985
0.198672857788027
-0.017256909213179
0.845284540412579
-0.357974276960205
-0.004075239758701
0.224875989571143
-0.149203554079693
-0.545279671397727
-0.286119488849633
-0.252402504824333
-0.375548040508089
-0.375397059691077
0.519535301411808
-0.515517353033860
-0.195301606018609
-0.605165913941119
0.320217723940357
0.105883089268147
0.440323172847019
0.409693425326233
0.721627847834471
0.790342856816244
0.406091101938055
-0.087690842557774
-0.428663038358726
0.620389592596758
-0.451692431621623
0.012263004004531
0.116241902338359
0.823231255500584
0.225011828549232
-0.315533559382347
0.266828553325548
0.116987495270869
0.029399046432662
0.339392152559904
0.183690881481704
0.841428161974618
-0.454796178422536
-0.307715896274863
0.027376073868275
-0.768996372146051
0.826854460814329
0.032363952815227
0.370062859678490
