-0.106377256888083
0.865839413042767
0.006885096016818
-0.012912489868530
0.316224615826838
-0.727346618146697
-0.220771487841881
0.828461339420632
-0.293636173443779
-0.757963646247915
-0.075996523039621
0.234388019073774
-0.380763238241808
0.058709214715228
0.676850065706019
-0.165129660582456
-0.804355198185814
0.007075944486697
-0.179875605312158
0.625302251444171
0.515362829568436
-0.228240418655706
-0.184756958526807
0.267876134045922
-0.573030602865773
-0.265427063294892
-0.333425789258082
-0.491613417913191
0.024519029133209
0.270001848862534
-0.195685141577783
0.821763043167009
-0.040912945542796
-0.556124487288747
-0.681158006700952
0.255267581057501
-0.034994984096853
0.105738630352309
0.037106113841668
-0.208831197917839
-0.209879039176654
-0.567713489186728
-0.058667048966274
0.080256356462853
0.941171957965615
-0.548288186692962
-0.347543144211691
0.000045083978572
-0.148381053323661
0.090797109140369
0.469120107892471
-0.182914614540826
0.160861752510412
-0.007765350843400
-0.694696459548943
-0.009815989093106
-0.406140199744900
-0.077677041177432
0.129101396075568
0.593488796809983
-0.394226810341576
-0.090427030430487
-0.207827082535547
-0.029961305668897
-0.425554523457380
-0.267561079984888
-0.291911231891909
-0.342499058355157
0.746491836370263
-0.384474782443789
0.286341134549352
-0.022362105072077
-0.305683876731064
0.706733188377555
-0.482831224319997
-0.722469394132983
-0.176703575593350
-0.157557853368103
-0.418697231200403
-0.745028481827141
-0.075439679759843
-0.516354709867758
-0.264666378978724
0.260897779469648
0.010016674420170
0.229681451899763
0.678391704727703
-0.156832155326029
-0.139502199406348
-0.348300300011197
-0.113858950169148
0.367736332973108
-0.199065585327487
-0.407374436547913
0.076077711513862
-0.211562267269271
-0.420089211944988
-0.374995166809271
-0.153639136528765
-0.372931719494319
0.090090216604581
-0.775716968823675
-0.773690617870007
0.492927049273888
0.047331192536569
-0.183747727325343
-0.168208110174746
-0.074526452545601
-0.212917394174756
-0.465813152884108
0.197796744101083
-0.025289390236351
0.068602513333887
-0.362879695345873
-0.604600013423050
-0.321055564514948
-0.035698336321481
0.480753307553727
-0.061066581922756
-0.064075856139306
-0.193261619223802
-0.388587871440366
0.427143500156055
-0.016468920374322
0.035369870756517
-0.420912465711245
0.070321043413089
-0.209350779519353
0.562143307293665
-0.206428239814406
0.568195690163880
0.167294986629036
0.225863379274635
-0.522803236118477
-0.036842252424271
0.238735378121337
0.363865348168975
0.348784234859868
-0.830104541006549
0.386748793266830
0.058011863298475
0.057603264964903
-0.562833775133517
0.412203409425372
-0.073243446998767
0.436188431415385
-0.699420557261519
0.100462320698504
0.119095639881093
0.510355276076162
0.380905364015997
0.046644337009202
-0.119679555876850
0.679366316350254
0.258267359491906
-0.676740133791851
0.022430929787390
-0.726362574662902
-0.248869398287272
-0.147626482008697
0.036828069906990
0.284890426706003
0.544574270364995
0.411814818022605
0.335322598291960
0.561980606721440
-0.337885890034138
-0.565399146923756
0.511869057021935
-0.761085633077584
-0.315189097652991
0.074777277780710
0.548588192848888
0.214032630675694
-0.690549786227551
-0.323921962760455
0.208052180110652
0.707132001984492
-0.503735201487265
0.198573050770196
-0.442559060199852
-0.641660552104546
0.372598913461661
0.155375457617264
-0.404173221197833
-0.229640241226412
0.182684556176795
-0.003661245051219
0.858079705392045
-0.371005369614229
0.034874075315389
0.187345646766401
-0.107394774845802
-0.566527222138137
-0.299169872594061
-0.204813487444244
-0.267725455511042
-0.387696479738371
0.550847041360536
-0.501925453940355
-0.199750458859534
-0.629030820147830
0.300009429400337
0.035289678639104
0.442194759621261
0.385082104401159
0.700574963770591
0.777512030296398
0.436407805928071
-0.131157505639274
-0.443252050317676
0.621440589436623
-0.448150500407852
-0.026423126313793
0.102501580273014
0.805042818141471
0.288841404313697
-0.296658416524600
0.282193722122531
0.159727194987575
0.011936188389287
0.361289718529697
0.144912197276108
0.817066684218407
-0.493752064163916
-0.312881913797896
0.040382988366103
-0.773973423413103
0.853316874039723
0.067552001511146
0.360914821228428
-0.503523596553292
0.310014027696750
0.424809448331827
