-0.334756869267730
0.624765673309478
-0.015157454031565
-0.054812516110488
-0.212761909272388
0.456735415614451
-0.151114425390177
0.298564896861020
-0.108089921006267
0.061410641429951
0.656498082066894
-0.185876098358119
0.171291328207209
-0.032313694048328
-0.136668644944055
-0.465122326180268
-0.602587619413926
0.189093330163586
-0.304678820685982
0.287034043818954
0.208027919128269
-0.341329922350880
0.262431461786173
0.546548322324680
-0.263515633250086
0.547574692622559
0.108773733089579
-0.770626946064729
-0.121168536865583
-0.145554847301818
-0.616529075325470
0.433288088049430
-0.579097409702846
-0.368259820759862
0.592987510582200
0.258150544494945
-0.342992913905017
0.470889731664179
0.401677241551133
-0.242671509363597
0.628983664931184
0.211208821495160
-0.892784742483707
0.212448112937437
-0.147947555324283
-0.652741644995499
0.196781160242745
0.551136469550718
0.131065543535733
-0.201944418782323
0.195850505715340
-0.199682667885320
-0.042375724081640
0.111854306199503
0.136269056316099
-0.247453552012947
-0.079835674710052
-0.007068813891651
0.407932480512262
-0.718886705282402
-0.727126487375020
-0.062582627175390
-0.397007954248398
0.117935550779786
-0.024985934451961
0.916533999320609
-0.621502045690387
-0.203395143842803
-0.541204653800774
-0.233166444339995
0.193680338165718
0.574628924984264
0.755192225863813
0.007042884006253
0.090410608353692
-0.218279506465489
-0.007609061015346
0.178549584459899
0.275162781689514
-0.513281376053184
0.632473131990983
-0.009232492798039
0.754214744200718
-0.544878990481966
0.561425359605778
0.057737899372207
-0.356830019846391
0.504698794720865
0.298389179277979
0.413797107450741
0.474035124863026
-0.127644937082973
0.433103197755032
0.094489026356328
0.222246082721435
-0.467830984329075
0.511287475320516
0.191120704679770
-0.133076258750406
-0.920393576287772
-0.151532091960233
0.343674869143325
-0.182624811829493
0.328843272577076
-0.417357611851980
0.678355040636444
0.313569498431075
0.021575938395030
0.122458418309238
-0.003735282700004
-0.131771095417001
0.475911053141673
0.574130747857168
0.572930199336992
-0.284847038088572
-0.345918784200691
-0.205353501114648
-0.619998492784146
0.066790887016673
0.329418866910226
0.125426842238391
-0.747480650040975
-0.410684189157956
0.293818009938346
0.167446209849263
0.872910502641142
-0.362389651815215
-0.383868544166149
-0.502003743489851
0.672978759405883
-0.684800851501944
-0.170540818333467
-0.251295393481143
0.095198530466667
0.559089402615989
0.069305901866817
0.877505023021191
0.081781937593252
-0.709840471757146
0.091783193017618
-0.060090710362549
-0.545626019622783
0.291132884399332
-0.486234133266883
-0.153234577684442
-0.024900406023621
0.588358067915684
0.096393178672022
0.295694072402829
-0.008537725667827
-0.137968199808058
-0.536983373030522
-0.372454622759459
0.561243713863145
-0.263701143050910
0.338734875746214
0.118826391517311
0.004250620152255
-0.697669794690047
0.301833427416858
-0.160000414530148
0.138597161641809
-0.080814338524182
0.271257216865755
0.389027861187863
-0.627603882181467
-0.639678838881606
0.317186387774175
-0.301456064204567
-0.923989489596006
-0.034458798728177
-0.294134487271594
0.870724550485605
-0.262958950236731
0.124023617150023
0.538126675124734
-0.108539633727566
0.466523811390716
0.250384403950891
-0.171517795171901
0.202846446093219
0.283154367383623
-0.155271570385989
0.331844705707452
-0.086940601444895
0.402223281875314
-0.545557585460867
-0.477001694408995
0.229693793756696
0.268962085639211
0.570774085715269
0.152765707020112
0.165994771159129
-0.347346270458603
-0.878756228702347
0.494989382154118
-0.057870811318305
0.111543223153181
0.024226523838096
0.014751786622691
-0.365208470291276
0.328261044164358
-0.551599789542250
0.376991507285114
-0.031482666079418
-0.692692549557055
0.064813977560394
0.015075923817951
-0.044494580216171
0.754461423387549
0.435152359245767
0.185249964145308
-0.706496672137883
0.271749458562983
0.607236335712513
-0.491696011313130
-0.073816349653610
-0.063326062564414
0.048396595723073
-0.400690298556029
0.029985026050487
0.723098255336082
0.496255514651354
-0.420485994874882
-0.134033875089049
-0.734844994485839
-0.610858512832292
-0.233411810413231
-0.163400674934780
0.037263099190159
0.295880417432161
0.022535528758806
0.515274345959941
0.700725907576105
