-0.098241342379682
0.864912358706696
0.018159055962513
-0.019843989223602
0.331053285085231
-0.699002677608049
-0.243689747735815
0.848091506124544
-0.287254509464509
-0.731848610400176
-0.041512309988429
0.215128309791028
-0.334623749579613
-0.011055551965302
0.643553643709283
-0.210270065134427
-0.784459045611534
0.033175140800140
-0.176310249405741
0.611107696671743
0.545728002837276
-0.202371439890217
-0.192076712679317
0.284346441034992
-0.584863469618035
-0.256348441698934
-0.306542733008312
-0.477523529927929
-0.063979480880127
0.366851731874631
-0.209019259705772
0.819721785748869
-0.009877779446390
-0.608001724159371
-0.647416036980083
0.285240064560271
-0.050081489743955
0.097385443089713
0.040986767024963
-0.228234529490793
-0.066086006889095
-0.485123277086473
-0.124115762981033
0.086233702311170
0.956956946869534
-0.554199104634849
-0.389827540140497
0.009377719194291
-0.175588865186828
0.101457349933043
0.429499804172929
-0.167982665088804
0.154740265593302
-0.038151114490720
-0.704113950999262
-0.026981676637733
-0.396566324727131
-0.050056841175406
0.116110000369764
0.616347864929203
-0.408775662956521
-0.042902801638757
-0.259751223240967
-0.044373929554871
-0.432008718364068
-0.222231322057042
-0.301960502502008
-0.285496166750325
0.751284294521868
-0.402450670683601
0.295120172904435
0.086608530078447
-0.318525457927330
0.726278279879029
-0.468386198047853
-0.681223834004563
-0.096853722680991
-0.082240497744531
-0.454057360826107
-0.767479338545777
-0.127834832975854
-0.571686666346914
-0.206554612455743
0.242714018671844
-0.039128615373821
0.289328626738805
0.669606979279923
-0.104525101107984
-0.110479170727690
-0.261919379009034
-0.037722009318111
0.400566393709388
-0.226051590502513
-0.475534004633139
0.119523788512258
-0.250466606904748
-0.377051923180325
-0.397084569121912
-0.086076782873863
-0.310106764522229
0.002859839143169
-0.792687830439428
-0.817615777073111
0.453002685726625
-0.024092656591044
-0.172758008641482
0.016853689501613
-0.210039604805253
-0.149344782404335
-0.452446384388053
0.203967843629969
-0.024951062088321
0.062602382500572
-0.430840100656323
-0.604012245803198
-0.314530812031521
-0.026342914175164
-0.501396898611469
-0.112502081120976
0.044704689310214
0.486916749849968
-0.012734600943829
-0.068523045355218
-0.172164058726820
-0.382586289697144
0.474755161152809
-0.015348957360109
0.010581683087762
-0.372146998336879
-0.008408166938062
-0.267151360303824
0.587327509416825
-0.237657689787857
0.584959720143508
0.274015285980283
0.183925387337368
-0.550351369135528
-0.050938569698655
0.249960747807980
0.363920028167214
0.320507197417361
-0.815611556942033
0.408868080393824
0.094361640784080
0.057270535923849
-0.583623284408031
0.392881278246311
-0.169066059143851
0.410840449438120
-0.660245790568266
0.104282667373266
0.137959543492187
0.504343000505499
0.344437336927692
-0.009015566656795
-0.105385599290915
0.656475033981826
0.228940308123164
-0.709193111827180
-0.019323984244436
-0.770396847605188
-0.338101059009524
-0.141400123434433
0.026350597187171
0.201752519003085
0.489700070141137
0.424447593305150
0.347631962848478
0.576606432784564
-0.379805875577129
-0.545598197697657
0.472508022493473
-0.799353339806672
-0.290089940735832
0.060574279956527
0.535919922557492
0.235268519866476
-0.662111348235320
-0.338777939048897
0.225756861279287
0.665716404015097
-0.537931895006551
0.176187555663539
-0.423631905475052
-0.630150580065918
0.430649412209326
0.160791811856176
-0.456432887942142
-0.169406949530381
0.159990313981801
0.079478917658465
0.843518052449781
-0.344346764093478
0.050968069503035
0.174652009023387
-0.273590610079906
-0.570774212341102
-0.345188240703806
-0.167383509390515
-0.106349628414765
-0.386184089241335
0.473160702897386
-0.568052617878052
-0.158223339903181
-0.619765771227609
0.279762953563598
0.063304574368682
0.456390216349972
0.404503767825650
0.732360408001476
0.787029025253183
0.380901297888082
-0.150079336856023
-0.387570430407060
0.614664946281899
-0.410882122425917
0.012556509133521
0.095539094963709
0.826717058644168
0.270374625487526
-0.367820935905698
0.258992162801887
0.041059170344679
0.065670509222855
0.345997226077034
0.159138909522172
0.834980687741539
-0.450817087728966
-0.300766019088194
0.026484269122909
-0.800139931036182
0.814430842177241
0.025131139714189
0.381976469169897
-0.514190009067257
0.292188951916963
0.431021898548565
0.856072663578273
0.030505862779470
-0.012446267312290
