-0.122143250288673
0.861101074338615
0.025227567917714
-0.009769153423931
0.362577031886956
-0.729880473220809
-0.252336830262633
0.845813946990105
-0.297795525530803
-0.727883709432456
-0.037648221152666
0.207147134788965
-0.336389599163260
-0.011823806218529
0.644526696681015
-0.199916908117932
-0.793094085200333
0.029339042120295
-0.202605958213773
0.571409363569482
0.520155359754483
-0.183578698001732
-0.198421328346568
0.282153162957666
-0.579180845261932
-0.262129959153547
-0.295560227830496
-0.480257096939177
-0.067379140138529
0.366379858374126
-0.214825805732717
0.818495389113101
-0.006396589930308
-0.602620444077808
-0.654723173857550
0.284996513751613
-0.104646448222726
0.070857063928872
0.097351528429394
-0.225922998950374
-0.100957306687885
-0.502881748336253
-0.120728705660607
0.086285665430468
0.956071418610354
-0.475558282393179
-0.331645270790048
0.066411646167850
-0.157708148998763
0.082842345569235
0.413577641413241
-0.169590391576608
0.154734830717406
-0.038621176894540
-0.707238218308103
-0.027176241248187
-0.389875529531814
-0.052149856689484
0.117203081298153
0.616900721545249
-0.421593753165647
-0.032227749825842
-0.263188307139958
-0.011714269029971
-0.384086379661126
-0.252772636990984
-0.293054596782809
-0.294857852467701
0.745916263168038
-0.396461629151659
0.297395928205633
0.118722606697773
-0.338855084713903
0.730057548869161
-0.457178680250213
-0.698994400339341
-0.146980247386084
-0.113002412347458
-0.460108168112147
-0.775150579869855
-0.149137439312306
-0.583458378608756
-0.194396985592472
0.247309631179161
-0.002626443427773
0.273511761608484
0.666340024750146
-0.079543901077899
-0.087097471898481
-0.215117073740450
-0.099134797480472
0.369295516890202
-0.214059239111492
-0.471313665604278
0.097371971098161
-0.236095472265773
-0.372004818471981
-0.393259461832397
-0.065724078488689
-0.306150026515698
-0.003544091378564
-0.787877202125421
-0.821420449466138
0.446274549196904
-0.026850192230210
-0.170944590916601
0.059279610413765
-0.231134346924328
-0.132571076065015
-0.456168678926701
0.241376817906061
-0.047506008604398
0.058873737330393
-0.437585633519939
-0.583359749841235
-0.324397105462347
-0.040334394568688
-0.466774623798431
-0.118767565646973
0.047589256309321
-0.135676585190001
-0.615029950951172
-0.307522048467016
0.486411458936032
0.022792952389488
-0.076380036238870
-0.165004343365471
-0.354099752467960
0.427906399079346
-0.006124359947317
-0.013279885733380
-0.363357747948222
-0.020300502542786
-0.276892027652741
0.590573175952375
-0.241090002469865
0.580008472703033
0.277043958151991
0.186204561463863
-0.541187788769494
-0.051165037409480
0.233558251500062
0.415938368369356
0.366505639130634
-0.824363653294904
0.395691065891385
0.105690956236452
0.062930309618393
-0.593123251088317
0.390801957352285
-0.173982147284613
0.405895577632690
-0.659968153910446
0.110101405781032
0.146076772629118
0.500413340921731
0.340326375557271
-0.009633817535196
-0.105110897639302
0.646803367346710
0.240776552573785
-0.705849228233515
-0.006198534784403
-0.765655498700691
-0.315609891223000
-0.144428610927405
0.019886454721498
0.206522907570348
0.559699885445202
0.476792455442254
0.344746603071147
0.582427574791697
-0.379836374807949
-0.560108265014943
0.477646159129216
-0.794603737949262
-0.293706796395994
0.067050665293940
0.531876319334443
0.244303940130269
-0.659955984046052
-0.345600197504280
0.219079740152405
0.658549007722074
-0.538152569232105
0.169283818112734
-0.419243277886621
-0.660298616541996
0.420341805901024
0.161817257272521
-0.460261638540964
-0.181000491215953
0.176550252131487
0.065664290403663
0.839521882141318
-0.322480002608274
0.020235417036930
0.196921398132526
-0.214514739714492
-0.564835651347313
-0.334631444112034
-0.147083364176491
-0.066569233763076
-0.373008173446645
0.456397042276783
-0.574510517438709
-0.149209530202128
-0.622262003650469
0.290470298520867
0.097940767624219
0.461913017454540
0.411873165978604
0.746195887303296
0.781206769838811
0.411468184537371
-0.168468605846446
-0.404506295361503
0.615862143262794
-0.411982443003813
0.020380142231866
0.097949273949966
0.832244162343611
0.278450408592277
-0.365461780597547
0.272785945255655
0.029708414103476
0.070278352451769
0.345781581960739
0.159635204278249
0.835840741911096
-0.435577368574130
-0.314025855547743
0.000753455357284
-0.785785894685893
0.815685226341258
0.031180013423138
0.369433747548499
-0.538533496189746
0.271122864999070
0.435092084970464
0.874032995761438
0.040079712707244
-0.014523001123832
0.277444155029569
-0.334615612458945
-0.565523957149017
