0.348955604254872
0.711703274570425
0.467406393145099
-0.495602231454341
-0.337286794693015
0.447954244677393
0.469810314290658
-0.588307102061924
-0.221125539335581
-0.093140799745999
0.240835866527586
0.035236902876233
0.723080562197197
-0.354514926503625
0.528713029985058
0.104788617778662
0.488587409845584
0.491284926961080
0.320449237780005
0.385809800024891
-0.549555636140333
-0.422546100337068
-0.204739309628710
-0.767400571190218
0.608700743332381
-0.109159589151785
-0.696099953064033
0.680098536209512
0.481338135819981
0.211982837525439
0.337607440633410
0.129837963580141
0.051719407605747
-0.717733033945660
-0.427689532162700
0.042448349305286
-0.180023733819580
-0.257919797035002
-0.346890013791113
-0.036332225186556
-0.309418117059565
0.534363181253268
-0.327591953240347
0.622039460692096
-0.385271493496021
0.371597000885033
0.302961404266174
0.782849731014378
-0.168915404707187
0.429061984714333
-0.656225911470752
0.020087936870109
0.307995465558657
0.047395700727439
-0.825240257960837
-0.250859037405523
-0.434815437486305
-0.366002113341799
-0.377098552545447
0.201138390065519
-0.104431188967858
0.683396755317994
0.036481488834265
0.226784355039510
-0.737429983965852
0.099456845002352
-0.201990230288874
-0.473901434202821
-0.409948415530109
0.209682873138465
-0.609667476145061
-0.581267210936684
0.083597493584558
-0.618692127740468
-0.648812624404713
-0.244939226432448
-0.680536713737456
0.553625623783831
-0.942451036505692
-0.114749131096312
0.215532859621533
0.431376486011742
-0.361699766397891
-0.128823704625280
-0.277964953960496
-0.711617043780026
0.336769775070307
-0.482906493174364
0.102330773763551
0.430163470952615
-0.391078799934029
0.449555938660283
0.317209503633527
0.740068431500211
-0.176932320668896
-0.356357022670688
-0.166423231013976
-0.136424141609360
0.698714265653832
-0.059790797805839
-0.219461172567660
0.424764799081136
-0.623369297614499
0.163124909766544
-0.259056369161877
0.173224960090784
0.638869798582383
-0.233867202868511
-0.334287973323784
0.486632730099981
0.232113582245233
0.651771876852123
0.478127297085477
0.193134694724563
0.639253445622939
-0.020519840323011
0.563136964431914
0.754552352413217
0.008923925590751
-0.433093506108580
0.172079639503366
-0.106125598029913
-0.924131222186957
0.298799510182737
0.696160988580035
0.267998033493029
-0.258867963935332
-0.273009896892903
-0.108132660738753
-0.409268261044211
-0.094934293306383
0.513264075729991
0.227058750044357
-0.555134779466874
-0.156672329266284
0.118982930334470
0.958070466628820
-0.005027997109252
0.228394363523073
0.121589967128293
0.070626439718891
-0.281638779902096
0.650416561388413
-0.081109206580999
-0.562096521316086
0.050637376343622
-0.357680085885069
-0.236805030802706
-0.365083206764188
-0.035645491228613
0.008497594254615
0.362895571016891
-0.035313452610582
0.361596689530121
0.002610084547726
-0.360671426959773
-0.208592078942584
-0.172548724591032
0.890620404192297
0.253781660048091
0.415611521410119
-0.251000051787377
0.245465564444173
-0.462311258499252
-0.711864529828551
-0.368853369814501
0.370657809509845
0.586477935301103
-0.125421225541371
-0.560176951232357
0.166696122645755
0.039401147455831
-0.174369714044087
0.354004389114571
-0.112937683794613
0.044269812557308
-0.584830074222619
0.885594818549950
-0.322924264595413
0.118028184062778
0.239352996575519
0.097275405069827
0.015212952215756
-0.546240507186861
0.255447599615326
-0.565464689347024
0.638289574142350
0.128474874416872
-0.311147438923702
-0.350511937137436
0.319975717075445
-0.411863003249663
0.184502939925158
0.615738230874033
-0.391643677763090
-0.183703250257844
0.245366387869375
-0.390532383141063
-0.277594623114398
-0.334897007812761
0.007675149995617
-0.126153880529305
0.309472242778891
-0.242250603047469
0.125390789291537
-0.166168964121694
0.093964314763221
0.358225473542809
-0.575654741269809
0.454739692999314
0.063232333081201
0.197458624914099
0.509837767795553
-0.570665954892185
-0.441771875414107
-0.224648832334120
-0.126007179635179
-0.725275168244103
-0.049326281745923
0.097809096059791
-0.278031496198080
-0.455121094701886
0.151583746708853
-0.524313390322500
0.409399527599966
0.721208727749403
-0.496508365014937
-0.034265641432972
-0.106161838616864
-0.150838201097151
-0.695462638330191
-0.541153833163891
-0.311311497281002
0.342611012076377
-0.738731190212330
0.219175608262923
-0.061657953046257
-0.318051429920673
0.430157921248257
-0.151967591060855
0.249579512577523
-0.234488354294348
-0.395646314660736
0.379886246523069
-0.188461692082643
0.251335943124476
-0.194669959906481
-0.059031878899553
-0.252440652974168
0.531564800554779
-0.129554548881160
0.234329397244673
