-0.029153385625293
0.855931916721483
-0.064261213540517
-0.047352084490884
0.237051151454104
-0.697560277514225
-0.251831550761774
0.805611616778583
-0.364062542563577
-0.670183694670111
0.015667153382674
0.035514152886212
-0.368539017508079
-0.006828585832484
0.652500577346139
-0.150689281658162
-0.790862226487412
0.041531547721464
-0.286025662601142
0.475292053364605
0.382108812569964
-0.129265685310497
-0.243348499634027
0.239695772101330
-0.518235093335634
-0.432997273655543
-0.192555477708870
-0.500191718875757
0.014957590551691
0.299582463462353
-0.255334212696106
0.833495418094172
-0.016293444585315
-0.460659564404293
-0.666274696981527
0.268841283350864
-0.080548813417550
0.074425388219909
0.027719571400250
-0.197592809865313
-0.009605355321887
-0.457091569798737
-0.096822979388657
0.146030769464617
0.966411792040429
-0.459660465791204
-0.367068790505513
0.022324006692177
-0.235262791183966
0.181604162866729
0.507155046786890
-0.191125713012255
0.290263798080320
0.027683354097054
-0.704404370942794
-0.127429368530022
-0.407319117808223
-0.115722057752610
0.136619876291934
0.641459618684490
-0.050514987424718
-0.310663806764879
-0.096651955989918
-0.089693929979711
-0.419942354663352
-0.208424019852296
-0.314872535328834
-0.148306886065468
0.786322948953126
-0.347581721204397
0.324578135367972
0.174404080946891
-0.329354911810198
0.685292923724131
-0.516943799696385
-0.711739675340101
-0.203832838559314
-0.138651576693309
-0.374117175342512
-0.762003433658266
-0.004130380718634
-0.465601904078302
-0.249169116976188
0.273668555288933
0.019147327016673
0.250922585162519
0.618653728412951
0.004388125025765
0.001784597829423
-0.114249831047151
0.121614443708772
0.419973133279078
-0.261303891615933
-0.455999821803168
0.089878011530044
-0.222690643773403
-0.406328127610473
-0.404104729272153
-0.139073419196904
-0.339290279263730
-0.064561310228401
-0.771772445107233
-0.803949556083335
0.456673597998351
-0.010676091040746
-0.139418494211829
-0.123910985001475
-0.121680635209974
-0.131778656041766
-0.456867362510120
0.295390288371955
-0.055429745892380
0.068480397452230
-0.407009290906124
-0.731938867876142
-0.275491492584137
0.124179389849379
-0.639757883599906
-0.174626544161770
0.086477869138612
-0.114342047668003
-0.569321285450098
-0.283908774423153
-0.727598830851093
-0.005018251043485
-0.596168011813439
0.498805675254895
-0.076106898002079
-0.088327622454020
-0.124223060784668
-0.382048286596689
0.541832011605767
0.019503418127288
-0.072214387935328
-0.386566885429857
-0.216057643781331
-0.214510384506734
0.675759935295376
-0.232981757263924
0.593937861941270
0.177010385253267
0.232667869269978
-0.543991024054046
-0.006651166106642
0.196820279605872
0.565858828594512
0.432833921193708
-0.861392791589872
0.332601410252393
0.118307175010435
0.192878672068202
-0.504919046975112
0.463381819787457
-0.159260905507658
0.385640610833770
-0.696959213793368
0.134966899270032
0.096237776741936
0.460810783224123
0.460621757531851
0.111411482820653
-0.216818440717700
0.634539007516560
0.251682677472042
-0.721955991322969
-0.010873634097864
-0.779942506838911
-0.378818644690224
-0.166420308880896
0.003832381642452
0.087396606799215
0.558807355548051
0.494075546342922
0.311605667217364
0.550563800106469
-0.320589173345926
-0.498565130728263
0.499454692844059
-0.747499442392055
-0.265030403303274
0.014574047391072
0.553381096432203
0.123386927001175
-0.645930003525433
-0.341240874585587
0.151003537727845
0.805341672247270
-0.405888728913725
0.279774490077148
-0.408347882977921
-0.628238091031075
0.459055283248418
0.050140648546736
-0.501086518175773
0.083395387502004
0.206135422156270
0.087351106385069
0.832644683896120
-0.343991001213000
0.029639420109202
0.188307606260772
-0.054764212974174
-0.593472560918519
-0.278290763709855
-0.196237011978492
-0.290663799417370
-0.395443595219197
0.551752675433577
-0.553274345748301
-0.188922268138814
-0.643948938975796
0.345953742620672
0.139944890592428
0.427997416726342
0.482068538786274
0.755878740846101
0.782583382549236
0.347149918171972
-0.087194921311490
-0.437692105546975
0.600678653606396
-0.426621329258318
0.004797265156318
0.111260627081083
0.799908409553165
0.316365505367892
-0.328154202342041
0.278044822089014
0.047093672663927
0.073667771282638
0.370615167949197
0.114450575078250
0.814396677702089
-0.523508826568021
-0.342121765132126
-0.030336018693012
-0.754111132534948
0.841664809347270
0.059539926604064
0.338580509476832
-0.296681363264388
0.320840489164033
0.426603984448295
0.743431178888665
0.002873926325305
-0.006230682050863
0.272749555724074
-0.413978096815712
-0.580021372953826
-0.309043057582667
-0.060651957396720
0.126381125231978
