-0.385729342012327
-0.211609285580781
0.538178818312947
-0.460551309106979
-0.756571692264688
-0.136603555348770
-0.138515637443303
-0.161835323106265
-0.715778191987604
-0.527883966569643
0.087508390008807
-0.633380889466771
-0.006341456822964
-0.090937621832037
0.617261427487176
-0.322814582739462
0.452510667809156
-0.757335314197005
-0.567483577737795
-0.597584871150703
0.416905572139344
-0.184937620175738
0.837008575602472
-0.159545815897098
-0.294663414677903
-0.516738433098499
0.380784818463375
-0.156766868949237
0.546071762730481
-0.557998939369318
-0.421299740583470
-0.111772675162326
-0.288601542082964
-0.123566345273076
0.227505077218371
0.245363905324577
-0.845394616415210
0.073112138483710
-0.467823598711785
-0.338402571094515
0.115483919775948
0.141319613466728
-0.274247118123215
0.351644569692021
0.763505891599354
-0.516076933417936
-0.114852419502191
0.495451030537821
-0.462196545890022
-0.109446339279760
-0.500827535468529
-0.312335618240038
0.091164801036924
-0.328662929995091
-0.668632808464021
-0.191465863137618
-0.030991366691319
-0.445504897290184
-0.153707451803663
0.233079468245292
-0.776265939676503
-0.183178241160473
0.069892612460417
-0.604502178865639
-0.398514225987340
0.353379454482653
-0.075819329967133
0.320915042982401
0.595330751297098
-0.310011532473111
-0.457759905916734
0.647982827147013
-0.094209366631393
0.500564088472399
-0.567505658540091
-0.684942864605762
-0.143654905148436
-0.044721542858404
-0.420196746826615
0.170368425744969
0.209760592408652
-0.289659730212755
0.474339388617599
0.527194250749816
-0.672213595638883
0.621964068614092
0.394708647751010
-0.006526526387210
0.627785407585523
-0.236453145369046
-0.736256894574657
-0.261684583781761
-0.165305625627647
-0.364591173628731
-0.062336079951490
-0.844191091132431
-0.872264594688101
0.316199916151774
-0.206414557892487
-0.125995853511931
0.639832866638622
-0.067316534984304
-0.168237602449304
-0.764803764218807
0.243884993536477
-0.501315920917003
-0.317038834063797
-0.469688897129796
-0.343416795860268
-0.115015269666074
-0.028307354780161
-0.645980281823313
0.626176785330077
-0.163980407329125
-0.117637194638740
-0.350336709897614
-0.131436636503726
-0.175487503176743
0.111802078947501
0.531666179752890
-0.106292642690685
-0.589859594077561
-0.777198157606902
-0.260418887179467
0.162159779570281
-0.259851688804289
-0.412509151307807
0.378251375790388
0.317398426682391
-0.554787552178591
0.416702057593013
0.188064115746320
0.204688099863979
0.055571698777748
0.389673969978363
0.372460055561859
0.550580794298593
-0.020460259385203
-0.090038651979111
0.344275380860282
-0.431134493700447
0.679725397746802
-0.309877091984273
-0.229408013196384
-0.273544886604485
-0.055625365587322
0.198864467101589
-0.157544283751050
-0.347956516257268
-0.033919259136227
0.441279892591795
-0.204212862794502
-0.057697631709041
0.435379056424840
-0.530232919435578
-0.174516229074894
-0.029006214785314
0.603434000518982
0.029883255051630
0.430897217151268
0.540293608021930
0.499132199883589
-0.401344998398963
0.593488668673984
-0.599552119948974
-0.132242017934604
-0.054170049283824
0.201696040328130
-0.659467646593785
-0.214421153428363
-0.609345487435432
0.279611188667354
0.015311222266845
-0.373866978944416
0.566790022507086
0.086549173438645
-0.382439678682726
-0.445317789600503
0.570259422398256
0.007993055325781
0.149759976793640
-0.016648803667592
-0.873733875825334
-0.612877258221816
0.288623675441873
0.237462346947934
0.356842739214351
-0.410975860548703
-0.653709009230584
0.176647703166437
0.088784318694391
-0.565583662517726
0.114431370057271
0.576722215934004
0.071996081677670
0.170445851776840
-0.696705004949267
-0.149654965309141
0.013914432175788
0.068518724183194
0.519209540556482
0.392704104848920
0.337122562877432
-0.388110009828974
-0.219264581181867
-0.486230573169428
0.472989848951624
-0.437034464200699
-0.705281836684095
-0.248974286387570
-0.536515578075882
0.259790266181594
-0.240469663688572
0.070758807288360
0.007722052283432
0.020693566185641
0.116563116859970
-0.431106153189801
-0.592024763832444
-0.039026109977499
0.549801507154503
-0.241487638211074
-0.078781123217662
-0.377905310724994
0.038858739703578
0.062505037236257
0.132647267373205
-0.273976172226305
-0.663988006775906
-0.001815348876082
-0.359616550162431
0.085981017413835
-0.443363294674012
0.351180402167965
-0.404751076240703
-0.031443226729944
0.512590435746126
-0.838108499758687
-0.399071434267751
-0.079694533776037
0.140289910913160
-0.310760180252882
0.217874703181697
0.286813124287444
-0.865158783595036
-0.124050802597416
-0.204971453681451
-0.408803872436476
0.681836931923925
0.186410231996682
-0.028126557688591
0.034506221996280
0.103381374619273
0.215322243273248
0.883918509733273
0.206470893603079
0.656499899540719
0.335258090934888
