-0.256004185388400
0.290239968083404
-0.612475146233930
-0.145292040006803
0.483087451319849
-0.354106108152704
-0.555650658551260
-0.277559746697646
-0.223234451402622
-0.115717819211050
0.027192064088065
-0.048281205802598
-0.161864085833398
0.160027422711465
0.169417766096962
-0.199153250525531
-0.666368704466174
0.576119929423615
-0.755764547197515
-0.053390560811651
-0.290220311941862
-0.360450202055401
-0.104906410283891
0.395942877610356
-0.508857941863440
0.333447498264254
-0.160693885821469
-0.484070168643559
0.073617272260627
-0.596213317481695
-0.456431408587565
-0.276974340512074
-0.010304297034392
-0.023563748395956
-0.325573740839794
0.867322707604030
-0.616217289723126
-0.100342558363519
0.232237651665244
-0.806136364710087
-0.286590887383637
0.157348964580302
-0.421406993359515
0.354050929520908
-0.423913719135313
-0.524690869876670
-0.604180772212239
-0.215100268751534
-0.089245057181321
-0.649573955715605
0.133275030569184
-0.060429456756351
-0.833064035479439
0.403306834660311
-0.105338667654319
-0.880738300257098
0.319708067356944
-0.259775176173167
-0.215167758698595
0.483824031980613
-0.424904592172584
-0.163614508628429
0.463449376094368
-0.010261720391307
0.168376831895722
0.542149192635141
0.022235856740701
0.163692777790127
0.487593435373078
-0.281016736601190
-0.463702530865325
-0.068333271472362
-0.503365675148906
-0.278612352552106
0.192107705475449
-0.042655277994542
-0.553357057741485
0.084683462363518
-0.476750858240348
0.138041336497985
0.772063572724576
-0.248204228487279
-0.616789170768297
-0.568342272767883
-0.153520779469704
0.032480853922832
-0.106335680412693
-0.651556019553104
-0.554465006575686
0.143716806957083
-0.107633288421113
0.439950446567776
0.152108789917373
-0.548555560790398
0.459289633742813
-0.043727505347758
-0.055954362353024
-0.618048569217260
-0.428730772262053
-0.474096694881916
0.638280333518485
0.505996111458772
-0.720404625395124
-0.167433619351798
0.297432547083440
-0.391312618728709
0.702445373590793
0.174318081560005
0.008672068259388
-0.352273319808671
-0.847018309703694
-0.581707730213964
0.406251830310932
0.395664714534674
-0.543933844670466
-0.003433742552237
-0.422882573311774
-0.880377534998497
0.202152742301006
0.057872423204527
-0.825109651532663
-0.043440119184549
0.269656125346859
-0.119026190545700
0.923162877219225
0.159890256112802
-0.060183303870141
-0.129089208023424
0.736048135636951
-0.224395936897801
0.680869495683955
0.600586898099560
-0.296756207574341
-0.227112064576346
-0.405894901565640
-0.193176323140683
0.604223677842646
-0.179139912933013
0.185186991765779
-0.247739278166512
-0.615977143545578
0.558707274910859
0.297530094493365
0.468452372701164
0.627788849384269
0.370969358284019
0.180671547773239
0.412551587263327
0.899033520423082
0.071265841299365
0.420348515069886
-0.033622682079266
0.861200036783962
-0.312335852318425
0.294647056980177
0.002446753678130
-0.216811494913932
0.452882959065296
0.299384984281723
0.048797494965620
0.783334199738222
0.293778608129930
-0.627629811082406
-0.453481659002630
-0.067000307105990
0.118708863336234
-0.541152865973135
0.312806698339812
-0.574961911221522
-0.518823960849938
0.339249029044708
-0.259587357631665
-0.140042537555010
-0.232809581728270
-0.448833049181127
0.279870315183963
-0.525827725227534
-0.072693334509606
0.483349967360129
-0.065875763957687
-0.253476734314774
0.513697718737178
-0.435000509088527
0.185913896230140
-0.370104203345020
-0.376637573530551
0.563194077015328
0.132751163932319
-0.466386451498042
-0.077043659615722
-0.131437425266278
-0.341298503388915
0.298251275409378
0.084078336602191
0.122342033883804
0.216210102005917
-0.497714309575495
0.598053222859993
0.385583467902284
0.252972381997402
-0.604343792176008
0.476332869904336
-0.638731162264852
0.206755149635808
-0.582426760147518
-0.199652850403348
-0.596557366349057
-0.398030523088654
0.733416084241733
-0.070800216767250
0.511532609640128
0.133307580402696
0.593848686001884
0.400543504272138
0.511535630898825
0.512544051390082
0.191244271144239
-0.263689050077708
0.226858462218913
-0.327346479529496
-0.176126500648636
-0.311089342276363
-0.847441118467255
0.136331520765915
-0.476787536170198
0.019431316755138
0.104021196107054
-0.485994654245105
-0.711612211640615
0.335366623819219
0.390971717251256
0.657657772220455
-0.224662262559926
-0.056928523236338
0.083079178487932
0.097767431681079
-0.643905567410318
0.152784055988279
0.172900728493553
0.241993481846817
-0.179897044230793
0.234142826171104
0.526622473110631
-0.144304493200420
0.404304165800235
-0.372521801703681
-0.218599416904386
-0.060974082559240
0.326932321123044
0.291096244927684
0.061848142220505
-0.501460650643103
0.534824189826761
-0.449883852972383
-0.191995093776312
-0.006850502706301
-0.156721295779296
0.395110052193714
-0.473960556886904
-0.138925417813718
-0.025567789433953
-0.165716067451197
0.168968825770230
0.228091856485547
0.299292470598802
0.548467678437870
-0.218069509754039
-0.211379471388743
-0.041333807066226
-0.281013890494420
0.501714141963452
-0.087732518487702
-0.660447664260133
-0.598985716540037
0.443212917046458
-0.101409903119439
