-0.076393350730341
0.145572381647409
-0.418830596049871
-0.163618545521181
-0.186739712862459
0.356473263329105
-0.190297255978051
-0.072546064807931
-0.620746280193240
-0.405958436279182
0.123413048221154
-0.042506503684459
0.006542301743198
0.090769240977210
0.553687761270912
-0.458031119032238
-0.210722336857376
-0.003616044272046
-0.136257775903798
-0.382318092428655
0.796060098994078
-0.428078500968289
-0.062047555298938
-0.125778878184664
-0.053831728399380
-0.169577654142696
-0.956004236596950
-0.162725795493837
-0.636752194670176
-0.411942924668329
-0.468226703116287
-0.183931232102086
-0.066820269930397
-0.294663962644040
0.056158593363918
0.275982023603920
-0.531477001666065
-0.665541494175235
0.138142048725276
-0.168395317019667
0.296056513833760
0.437254546392031
-0.586825905742562
-0.241642692686631
0.097484047449749
-0.128229733114760
0.212206733114414
-0.035090764841911
-0.242857489790739
0.125256678630027
-0.015054869440937
-0.195884289956763
-0.867081356933340
0.023369590852190
-0.191381871595422
-0.131905467353808
-0.203378994397654
-0.229257593742970
-0.001319871853856
0.458822814227943
-0.229781545907106
0.458415284696803
-0.519616636293406
-0.599199232979532
0.615717030921073
-0.323167518970915
-0.100732571553411
0.084097760669199
-0.171615561312296
-0.407808423571625
-0.095904553517119
0.579905333132093
-0.054908519161796
0.489409076550102
0.069071233815326
-0.522476233482932
-0.445415645431142
0.005403190926024
-0.661216423024993
0.223875281577649
-0.318998756531798
-0.262164252116148
0.221834739167291
-0.785539026083917
-0.258588453785307
0.462088160267799
0.362284226802378
-0.353537158738545
0.285494738719777
-0.215083868049921
-0.537931964712772
0.366087744459799
0.282127795855149
-0.580982454733272
-0.399343032707561
-0.243918254218000
-0.075246417690036
-0.093608428091708
0.369897695488619
-0.131939309393238
0.099467375896236
-0.534979450217802
-0.338720757427486
0.459150436272680
-0.029802091575066
-0.151404933568133
0.152000155821694
-0.518612094401398
-0.894646014787682
0.365013123235093
0.099295907260953
-0.289456280566165
-0.653967567561591
-0.116353655143055
-0.440387297971205
0.208224480416739
-0.576601505991276
-0.156025568651435
-0.584412758652209
0.002465033708629
-0.412750231353526
-0.043173929925799
-0.359957797942301
-0.158034838360863
-0.502163944350786
0.067395283859022
-0.362295741154507
-0.877808838851618
0.099294394590705
-0.256791379669205
0.435034011143547
0.078954454821023
-0.455603906937834
-0.215827971262493
0.595225948009869
-0.680568097342597
0.320117385347281
0.287595023951940
-0.551647529477925
0.149975007799509
0.422222786322663
-0.557555062526908
0.110614878297504
0.688803578988993
0.396546574441222
0.644626158616314
-0.488356420721162
0.526845846422230
-0.351797232021603
-0.414572358128163
-0.208310642031393
0.854775122917746
0.210062681941533
-0.573634097010479
-0.250262447712405
-0.541720071818550
0.226908744264074
0.681632859852481
0.479248976125244
0.009482666727008
-0.003244425127053
-0.448836903824032
0.460588862791819
-0.708409430425391
0.288257784022022
-0.069872469691394
-0.124076602852846
-0.184727633139712
0.630633368764998
-0.025906547477515
-0.000624401491026
0.467106613933016
0.144549306575336
0.709496312225308
-0.502420977076269
0.519184309260740
0.558456890877853
0.307634163562035
0.068328943547899
-0.395216228776278
-0.000582753016337
0.450015757699012
-0.700205325389241
-0.661036582581652
-0.221785330252179
0.318720770718027
-0.146396768648365
0.804990204579109
-0.517545005627566
0.588083911248440
0.142750278628991
-0.747585464210824
0.031677928060377
0.045227413194576
0.454097035444741
0.859836321269665
-0.129942525274715
0.385236748370773
-0.844489816257034
-0.149568160897326
-0.037244520098609
0.644994794539508
-0.134427643042033
-0.181563605954273
0.332263749115787
0.034583105900877
0.214056958593813
0.029167906389499
-0.745169729514708
-0.630237988577299
-0.013837351215888
-0.441472333588642
-0.541401068775073
0.581400748076555
0.151069541788695
0.625974551122360
-0.160942098680477
0.314616799147032
-0.635380361944926
-0.542303946373083
-0.145733548124851
0.309161214014390
-0.397364125230457
0.322850089614676
0.053453377121763
-0.343982416986192
0.658657235103299
-0.190271979465875
-0.561438233603269
-0.652822207126256
0.076507757713398
-0.607202538931744
-0.227210891281202
0.276935297678996
0.560227922913496
0.325331936019702
0.154247270876914
0.627868509545685
-0.663764034294194
-0.118108319713735
-0.078246464021902
0.819766054166484
-0.091413100364185
-0.298409733400845
-0.501995541544671
0.576639460995359
0.444652971230908
-0.295483245276147
0.632445555916560
0.220232347118676
-0.005361227180442
-0.089348874741792
-0.161780601620187
-0.432974345504694
-0.511237285638891
-0.133125477511112
-0.523656571158995
-0.371878608619582
0.211027364334311
-0.759492378339762
-0.112917898520350
-0.028250951782445
-0.514911658166224
0.657473581218895
-0.841881506705274
-0.035159206023156
-0.091178931071586
-0.233274404116537
0.160363515319848
-0.090557478523208
-0.037939350119690
0.432527612995941
0.741653733388019
0.235787398915146
0.356120379964530
0.457309539706093
0.366848289559107
0.232971911706725
0.403469264602958
0.153912705251649
0.672019956537540
-0.140073109995347
