-0.144987942406950
0.191100802566429
-0.362427654977434
-0.181180475733613
-0.139631396534075
0.321426538932821
-0.083670106509905
-0.189632987360495
-0.675589286454549
-0.377030665978949
0.201709534661097
-0.066384506495530
-0.034393404512582
0.076959341170007
0.493901136520446
-0.510648853713212
-0.257548435158343
-0.017043361104191
-0.144844391752484
-0.448899537495809
0.781851606877559
-0.397623272676238
0.020252268776514
-0.148405120195847
-0.028513632750752
-0.115339761615239
-0.975588764868172
-0.311734527006508
-0.621383861440248
-0.382138959302506
-0.408875171784971
-0.194225232677152
-0.068358260147896
-0.239884298132461
-0.051756452107452
0.317999563475901
-0.507845494660823
-0.651814143155231
0.148431350497174
-0.200354858001055
0.316768992911123
0.405368487039745
-0.680115520856407
-0.238725210464796
0.094389808129063
-0.182873647541770
0.253938421651523
-0.069219312630023
-0.300420999546274
0.073902812411326
0.075933112082388
-0.188890993152429
-0.835348464096543
0.063504530074651
-0.108239839031422
-0.014013515694041
-0.154362901679719
-0.172983848936141
0.003753311092946
0.422705548622004
-0.257698954487484
0.436499507714160
-0.492632988083381
-0.625313839281385
0.609148067113016
-0.364823808114137
-0.092584466576855
0.110180718070400
-0.145846604557008
-0.370088956440161
-0.068510368239548
0.666156840489062
-0.069301803910053
0.496877827646372
0.034375166910277
-0.543549411238640
-0.379786944533869
-0.022057070549886
-0.691199326739988
0.237663060590932
-0.337644331265795
-0.269873104036317
0.159733504159531
-0.804454355030414
-0.274233674887332
0.486640718061265
0.389843184010860
-0.338260015211085
0.154012218936452
-0.204020671245295
-0.561394055805670
0.368311404074904
0.260650366320919
-0.566111788186683
-0.357048628213225
-0.273199274357242
-0.116546504072547
-0.045769555428001
0.417821893296445
-0.105200618892464
0.041579481246795
-0.568484145807167
-0.365402105486704
0.443758240116247
-0.070054830283104
-0.107077488001120
0.160965857412688
-0.532347773744012
-0.793560122170781
0.426856692610434
0.258564671480793
-0.253404221188890
-0.650700646402119
-0.056220416402081
-0.526358480252844
0.216955174127733
-0.533348618183738
-0.173813929061671
-0.515906619785800
0.059267732510952
-0.385992305614747
-0.050875534703427
-0.397472494453375
-0.167339782920559
-0.464306357162252
0.023306876958227
-0.308324032163438
-0.876832605619996
0.112378112989903
-0.287825055279676
0.432417131066164
0.072144622520382
-0.487290549636817
-0.265084799926181
0.530014513906262
-0.747318009331874
0.209268141241053
0.216576281536237
-0.555068060065681
0.136142380246375
0.406552390653092
-0.106897362661119
-0.334993662119391
-0.089830904581064
-0.547277323746292
0.051277820791078
0.713416631941419
0.435346004126655
0.670739622224264
-0.452707305280089
0.580156561235322
-0.309991132486211
-0.260656136786979
-0.203295618122244
0.853330585153267
0.207971252652614
-0.539906829390584
-0.278561470845223
-0.616327951187091
0.136765343414388
0.673434453034056
0.447657630224942
0.026700078829585
0.025996097218118
-0.405990986299945
0.421744992198485
-0.745838568283912
0.292091579048427
-0.075371962972099
-0.069901185164749
-0.153437822948532
0.597227188460707
-0.079646707871327
-0.087461903051627
0.469107340444375
0.219813193004183
0.722526999136628
-0.377289063418262
0.476749327117916
0.684847510414886
0.321189380736198
0.064223630905880
-0.433488312945879
0.019031748595708
0.421280251375885
-0.719272179405417
-0.579018357969666
-0.157955216434379
0.333663913295093
-0.083952363714563
0.785113326901844
-0.523287930637412
0.566204564954279
0.164369619549170
-0.742236336103936
0.053189283379280
0.149354272032955
0.487180164268352
0.876497062532616
-0.060045886515905
0.438642501467398
-0.875811649685602
-0.155313300167059
0.014637380006307
0.660154065049460
-0.152097282308464
-0.203556367590025
0.258515999053307
0.110641845133166
0.160476428511320
-0.116742183801651
-0.671792722401345
-0.702198614711802
-0.023541854003019
-0.404481054859722
-0.500416241746820
0.586561191926594
0.171478116735395
0.611284922008274
-0.148968154787370
0.323411876611809
-0.658059759344231
-0.486216440161084
-0.206720222751290
0.269474282133847
-0.422175878597864
0.275461249920815
-0.019888020552728
-0.324491833598377
0.633289295690461
-0.172188016002052
-0.585898327510344
-0.685057227079202
0.087496912399374
-0.594293029999162
-0.233944525657318
0.270796166295964
0.535624392441248
0.415274019806281
0.134349825283410
0.639607017178437
-0.631470680034297
-0.043526652750810
-0.113193247418259
0.784360792318518
-0.189723980303389
-0.303827224392370
-0.540401822647600
0.529440397198778
0.445834578875684
-0.284122715641085
0.632246836952182
0.316806935086985
-0.019353825492354
-0.143034270213851
-0.140157432840155
-0.439721603765876
-0.544256409641923
-0.150835119271882
-0.475181636949897
-0.377978349732458
0.105746756440072
-0.829367657766401
-0.032913908334050
-0.005256072142483
-0.525264232112260
0.643822255204816
-0.865392380901023
0.040315268281501
-0.073106083598587
-0.324637624849398
0.038032503093903
-0.128980517418369
-0.023200086695860
0.398021351202701
0.752335082073960
0.189913965317215
0.307281114347086
0.529975081182652
0.239897220466426
0.230624082978080
0.489978783447506
0.116704730513609
0.693675430086826
-0.115213967120448
0.435168236125318
-0.665760108219378
-0.485463380029211
