-0.128789381593784
0.142380264063994
-0.409696745266736
-0.171125446328648
-0.122714924906380
0.326194233115837
-0.067711531683697
-0.185503545705651
-0.684323743677769
-0.340855138218138
0.226562604445841
-0.072303618703435
-0.081723371028265
0.070237790387032
0.470513278815199
-0.464773129425698
-0.193716985377200
-0.045547316624671
-0.157748853912466
-0.414679673744982
0.794696261029025
-0.384446317903313
0.049158306878298
-0.142888898548914
-0.052042961661817
-0.140493696917209
-0.968643021042433
-0.241465492775115
-0.649840905886186
-0.377408459272934
-0.386975602406447
-0.269157532792078
-0.097829789159260
-0.270104579334302
-0.019078905359349
0.359690113912111
-0.548670403964618
-0.647627511500402
0.197132994819375
-0.211404450992621
0.308207130445394
0.439919636607153
-0.706657436317883
-0.267159770814206
0.110564453968983
-0.227521149258868
0.217086934063181
-0.056682115925889
-0.269081532668954
0.086329205147443
0.015932742638022
-0.181072068114823
-0.825337726419011
0.068061584899548
-0.133455358360208
0.030234024651339
-0.149306042673289
-0.188830045774311
0.030100571398065
0.452115678310857
-0.267838337530254
0.436673817925337
-0.476064513740765
-0.622129443705823
0.609584795064152
-0.370991155953639
-0.127596221342430
0.097997483976476
-0.157942592244746
-0.374482060059188
-0.026001133260832
0.697431106082252
-0.078544387909246
0.485283025867734
0.004021091783106
-0.559825998968885
-0.353067863457369
-0.055080400115489
-0.718425355919922
0.207981063073710
-0.345932914846404
-0.274096395935770
0.197707989901322
-0.806493584721448
-0.230277318425545
0.467502605200478
0.361933359201221
-0.327781547801045
0.179090921689155
-0.206589782845275
-0.546038542295986
0.331369649436646
0.315475994189542
-0.527583857286272
-0.366597621725859
-0.262059424476717
-0.078193601076727
-0.077868514121723
0.405983266643633
-0.100313713224901
0.031816887410239
-0.555537448992854
-0.356588397642561
0.399119787201740
-0.031368138548585
-0.105596752762151
0.160359349202062
-0.546840943019611
-0.802832069873008
0.349474728484456
0.310231753915021
-0.255354743201967
-0.682324787212314
-0.092650692665125
-0.532985961147606
0.247056438176467
-0.519436159008924
-0.187164609152128
-0.665072105832532
0.074137732720538
-0.388463558652983
-0.106862791061347
-0.428677489917136
-0.127498910771936
-0.525352982026132
0.058073965049665
-0.324210548470388
-0.887709855945045
0.122064948791642
-0.298412062729716
0.430491084739176
0.042014247403359
-0.533360938938368
-0.233444092713380
0.494453770573111
-0.718044827434458
0.232191305952214
0.143098799618527
-0.537958636659654
0.173350982678119
0.412748194126651
-0.079212474899228
-0.335188423079840
-0.096831279582263
-0.827365048711099
0.292131928339283
-0.104551076731789
-0.530831585776229
0.054547577663516
0.714515305521819
0.448834553512318
0.653762956438591
-0.469463514522784
0.561117805038134
-0.330151765231488
-0.262395155500709
-0.210411652311600
0.863348725708925
0.193946544510793
-0.546637749612880
-0.290471424774413
-0.619531048435495
0.173147667497252
0.718065217115823
0.445855737764102
0.006439864126575
0.039564648511493
-0.412319156378574
0.368222192680760
-0.743261469406813
0.375954860454710
-0.082129047293356
-0.065487212851249
-0.168077344093284
0.610619059117067
-0.038428075223347
-0.051300247394517
0.470503508271402
0.239572658224990
0.699617629974987
-0.337357606678653
0.480238980003150
0.672950890368983
0.237819530491328
0.012031589893401
-0.428923172929799
0.012192758836541
0.393097986686070
-0.715620392153457
-0.567850371543827
-0.163833754146670
0.260270787091878
-0.057681863876938
0.758331919162732
-0.565243337326312
0.599261269550475
0.130572451553013
-0.737377318975405
0.062853180528789
0.145087244589790
0.506356922845772
0.873658413774258
-0.023642212227836
0.441752530883520
-0.857862497944815
-0.150070927958105
-0.024067281557572
0.663350415266935
-0.152084058391728
-0.218581440640771
0.253459919428047
0.131227290213828
0.149212474852899
-0.105514184691614
-0.681162996404830
-0.688515478508713
-0.033911910954475
-0.406248560288779
-0.454410683842905
0.566875230054697
0.175768680104306
0.637238447834337
-0.108143903656179
0.370538457892726
-0.640242322499645
-0.439287242706164
-0.222924564526130
0.279768941675778
-0.400340826906138
0.273892596802928
-0.007802691587305
-0.362317253916683
0.657363316468982
-0.184438585773154
-0.577817599142102
-0.688984164671368
0.096093721269270
-0.585459354028000
-0.227491347665075
0.313043119024000
0.560416330220630
0.434973256627919
0.123766385417681
0.668410139623609
-0.611034747013886
-0.053518834577357
-0.101085107898049
0.787882273175159
-0.222095276758988
-0.309425925459959
-0.540609179276484
0.569702959400774
0.462582021359086
-0.270466861332482
0.613974542145928
0.339187335972149
0.084164029869898
-0.122281265078188
-0.108673218135855
-0.387995156616601
-0.546161678562911
-0.114096816626165
-0.486806627569455
-0.367527389563561
0.170843602903283
-0.696298956660717
-0.055967186919594
-0.034615230153320
-0.477787716869392
0.651484996430270
-0.833762725972384
-0.019157301412827
-0.094065940665626
-0.273358530508924
0.042156725955004
-0.124325397444804
-0.043219945170514
0.406277279804292
0.746279624569032
0.234152512926207
0.362727215716489
0.479736386807326
0.323058556144758
0.240516192791158
0.497801855249127
0.144924293798455
0.685218255106594
-0.140220405892651
0.458700407987411
-0.662037982091854
-0.472543600240210
0.205236952830154
-0.378301504520867
-0.184284697792622
