0.391985020867346
0.472767080927296
-0.789201514574770
-0.195992510433673
-0.236383540463648
-0.789201514574769
-0.195992510433673
-0.236383540463649
-0.789201514574769
-0.093011479935928
0.995665036345120
-0.000000000000001
0.995665036345120
0.093011479935928
-0.000000000000000
-0.000000000000000
0.000000000000000
0.000000000000000
0.409428302156052
-0.339468985974095
-0.000000000000000
-0.409428302156052
0.339468985974094
-0.000000000000000
-0.000000000000000
0.000000000000001
0.000000000000001
0.000000000000000
0.000000000000000
0.000000000000000
