0.788675134594813
0.288675134594813
0.105662432702594
0.105662432702594
0.788675134594813
0.288675134594813
0.288675134594813
0.105662432702594
0.788675134594813
0.788675134594813
0.288675134594813
-0.211324865405187
0.105662432702594
-0.394337567297406
-0.577350269189626
0.288675134594813
0.105662432702594
-0.394337567297407
0.788675134594813
-0.577350269189626
0.105662432702594
0.105662432702594
-0.394337567297407
0.288675134594813
0.288675134594813
-0.211324865405187
-0.394337567297406
0.000000000000000
-0.500000000000000
-0.183012701892219
-0.183012701892219
0.000000000000000
-0.500000000000000
-0.500000000000000
-0.183012701892219
0.000000000000000
0.000000000000000
0.500000000000000
0.000000000000000
-0.183012701892219
0.683012701892219
0.000000000000000
-0.500000000000000
0.183012701892219
-0.683012701892219
0.000000000000000
0.000000000000000
0.183012701892219
-0.183012701892219
-0.683012701892219
0.500000000000000
-0.500000000000000
0.000000000000000
0.683012701892220
