0.035815749827939
-0.122413112313157
-0.654064647677945
0.307617989698879
0.285552641977628
0.507654728823848
-0.117871454345307
-0.189450011906810
-0.117466150862552
-0.246134950915283
0.367475563574399
-0.056019674457515
0.150933751930703
-0.824644657030927
0.198427227963270
-0.063793166898558
-0.052247091082145
0.207433147479345
0.634932501783331
0.227855424007285
0.356881537684225
0.065280494011306
0.564049357849921
-0.105232240293166
0.352077696787242
0.188890685214702
0.186575500957891
-0.081628573538452
0.190143390087951
0.652828121565678
-0.064797205751700
-0.230926912228988
-0.484689887720913
0.124869421531974
0.263637158466662
0.251660193553152
0.218513637253024
0.067310128481622
0.607115408524536
0.475942038494379
-0.511181495259518
-0.137862708985437
0.372379004032654
0.205728220720210
-0.514221777103348
-0.416749954178806
-0.247910664153373
-0.333762071609529
0.502021695091313
-0.600949009780700
-0.183176766815693
0.375131407628059
0.100808919439326
0.004179079668802
0.284660223447866
-0.403145027824403
-0.596254708697157
0.285929757169649
-0.065424962126058
-0.240059212241616
0.143299779354418
0.147781473966957
0.007043267376249
0.704787006298748
-0.063411459154069
-0.222787332474638
0.616084410035393
-0.604708817478817
0.666516557298897
-0.087258749450302
0.167996501074389
0.007333713357053
-0.531312928130722
-0.195766174249868
0.085026182972776
0.537399908442103
0.103534687920329
-0.428853297239695
-0.130736030450248
-0.375346109411215
