0.607505838052331
0.491316578910171
0.238323749347005
0.394117834879914
0.471048377594290
0.238868182591476
0.041780428099552
0.364315363994348
0.389417644264176
0.344459379543175
-0.153971172636197
-0.409606868085383
0.407854068918855
0.039030359351294
0.605697407199426
0.025885558884411
-0.044161211779610
0.504101484579671
-0.401063759809717
0.303971246662356
-0.360186149664373
0.449578297133961
0.421298856008896
0.462808519790996
0.546018963923923
-0.241657293057182
0.313877167151271
-0.021443608237718
0.549178083951264
-0.010865251966866
-0.630785754228701
0.301207833707326
0.447609148664843
-0.250485614650384
0.111591943181089
0.602089793703068
0.108128860310276
0.737489599220613
0.548946681287539
-0.378242759451849
-0.026734723701909
0.144437935912274
0.078072645901057
0.386969246745899
0.426006344193269
-0.090990298225141
0.477425193579249
-0.410960671559358
-0.551848142498893
-0.015328478030744
0.116160177391497
0.468990622896608
-0.030659054611427
0.466032664813024
-0.485019712852513
-0.105932686695129
-0.356950994207952
0.549209529133836
0.189544598486024
0.160338854978675
0.107035851539776
0.377323821645173
-0.252330400515730
0.242817358008755
-0.057167054221998
-0.500179481074238
0.267605917722545
0.468429105391970
-0.103870375019731
-0.144079932712197
0.318172918398310
0.277284084944655
0.456596975990309
-0.110173192465689
-0.349632061566311
0.138118123806161
0.000784814073960
0.000311127520377
0.001172973860112
0.002260095999493
