0.434858047288641
0.330367750809558
0.253129965426333
-0.283748918988743
0.256731178586940
0.795996846186660
0.422875582235162
0.197755126657527
0.171679358056891
0.337774486757666
-0.354816125106993
0.650046730617924
0.149915500359616
0.234556515280384
-0.562000369931914
-0.143005814120779
-0.394226693021945
0.347913456678429
-0.059310239509271
0.057312174252418
-0.731571955916529
-0.028478875425845
-0.013281002646603
-0.030924752477110
0.173145537487655
-0.065089703284651
-0.318636847990695
-0.291726375038431
-0.049834925325283
0.650643756954942
-0.144961062531888
-0.617993025866928
0.696082355067164
0.096547402583787
0.295376497510258
-0.415397348676752
-0.031287241436437
-0.447238092005118
0.011648277905743
-0.136789390898725
0.616601254786723
-0.430409575506611
-0.611415030707512
0.243501997789486
0.338842920136490
0.373133337647473
-0.537849991570389
0.117651068361035
0.060544421265646
0.202801997604698
0.191167476023871
0.034756201806371
0.330824912852831
0.210590333054347
-0.109039997847246
0.377221721298264
0.138319376363506
-0.142620827368781
0.739306633463127
-0.012894055062967
0.319945908723488
-0.673737551931725
0.302774529240273
-0.262257625998444
-0.147919055514396
-0.082284883580909
-0.265353141973488
-0.603154675533960
-0.674174602508244
0.075030899585975
-0.394944332818058
-0.403767480115707
0.048321849031202
0.334198343390008
0.037440869329752
-0.236272595889279
-0.108649511628733
0.277601903584700
0.292246546781184
-0.268458831281139
-0.514015721876354
0.063679770101946
0.352193559427498
0.622771706955117
-0.021165356554719
0.008248916690944
-0.028351268823321
-0.010445851643806
