0.500000000000000
0.500000000000000
0.500000000000000
0.500000000000000
0.500000000000000
0.442728012826605
-0.374255374085551
0.284032373365578
0.500000000000000
0.284032373365578
0.060268340127661
-0.177302443521268
0.500000000000000
0.060268340127661
0.284032373365578
-0.485470908713026
0.500000000000000
-0.177302443521268
-0.485470908713026
-0.374255374085551
0.500000000000000
-0.374255374085551
0.442728012826605
0.060268340127662
0.500000000000000
-0.485470908713026
-0.177302443521268
0.442728012826605
0.500000000000000
-0.485470908713026
-0.177302443521268
0.442728012826605
0.500000000000000
-0.374255374085551
0.442728012826605
0.060268340127662
0.500000000000000
-0.177302443521268
-0.485470908713026
-0.374255374085551
0.500000000000000
0.060268340127661
0.284032373365578
-0.485470908713026
0.500000000000000
0.284032373365578
0.060268340127661
-0.177302443521268
0.500000000000000
0.442728012826605
-0.374255374085551
0.284032373365578
0.000000000000000
0.000000000000000
0.000000000000000
0.000000000000000
0.000000000000000
-0.232361586021884
-0.331561329120398
0.411491932946828
0.000000000000000
-0.411491932946828
0.496354437049027
0.467508121342707
0.000000000000000
-0.496354437049027
-0.411491932946828
0.119657832143779
0.000000000000000
-0.467508121342707
0.119657832143779
-0.331561329120398
0.000000000000000
-0.331561329120398
0.232361586021884
-0.496354437049027
0.000000000000000
-0.119657832143779
-0.467508121342707
-0.232361586021884
0.000000000000000
0.119657832143779
0.467508121342707
0.232361586021884
0.000000000000000
0.331561329120398
-0.232361586021884
0.496354437049027
0.000000000000000
0.467508121342707
-0.119657832143779
0.331561329120398
0.000000000000000
0.496354437049027
0.411491932946828
-0.119657832143779
0.000000000000000
0.411491932946828
-0.496354437049027
-0.467508121342707
0.000000000000000
0.232361586021884
0.331561329120398
-0.411491932946828
