0.245963235692425
0.133940885364062
-0.466686951261456
-0.162881643040083
0.574604741646854
-0.433548818115136
0.550478344973819
0.096998094423823
0.443925282268809
-0.212703726028421
-0.257979828528511
0.618222994637579
0.217808560365964
0.109681827960583
0.186568249209288
0.142386495342167
0.396125639059383
0.295062290913835
-0.381193657788359
0.001418422303503
-0.286423755723610
0.115465101531506
0.705841729232062
-0.235503086233278
0.232817279632952
0.190047457635354
0.703741702960620
0.586086383128820
0.157925456219745
-0.145678845009709
-0.186112888781596
0.473166748553899
0.175581885863985
-0.496634219664498
-0.225978306432155
-0.122394241683141
-0.530169610647197
-0.326829679774119
-0.040723729261906
-0.007892689722599
0.023442727811189
0.577150420309987
-0.429710222388429
0.500995929893240
0.263538915467934
-0.346204108989195
-0.359339081315848
0.161270704442504
0.400860221555391
0.069206931313092
0.602478874966794
-0.583166840417063
-0.325869863600317
0.547292173455247
-0.234756575401344
0.026904614918435
-0.014088547899785
-0.130408264133763
0.521801564226435
-0.243555968693664
0.444557943823864
0.281063835576211
0.001586482077348
-0.013303429237913
-0.229042852780470
-0.661213730033015
0.060365456114007
0.033386906567069
-0.161986388287611
-0.203555633352135
0.069293200656629
0.121540408925600
0.264489957053567
0.426699754638653
-0.175031003862396
-0.232590126145706
-0.007589220363566
0.176632144784049
0.593224757981702
-0.384640145402164
0.174651322756420
0.600122981204102
-0.638603853356885
-0.441756241226532
0.770440323010994
-0.213231372494104
0.076357531612489
-0.179884417411564
0.235173325516805
0.007268576779877
0.177795400729348
-0.287157177896366
-0.111325743292467
-0.334220024677002
0.429512194775826
-0.018895348476963
0.593522000815949
0.139932808730902
-0.077660160452441
-0.712437397280843
-0.364481588361354
0.667328189791314
0.055599636362058
0.171601413724990
-0.253125625250143
-0.023752929532615
0.528812362885011
0.081704915244480
0.249355203286998
-0.031727857245951
-0.081865918291236
0.032276032382071
0.397041249899079
-0.580112386735518
-0.190821921475517
-0.405866115862995
0.460152095749584
0.373992284158459
0.552131073779859
-0.004472736684612
0.620892192064690
0.066400190347370
-0.138328761686464
0.448699099546812
0.184894549866549
0.345106114843669
-0.251751838138323
0.118477089663788
-0.753749503284092
0.221993344091809
-0.079395176450699
-0.178421374602277
0.235531436765066
-0.109552801209278
0.225960023312188
0.113676377479463
-0.323446023295841
0.024930492654963
-0.197053901436510
-0.627994029710796
0.630276138534663
0.497893296901271
-0.072380892648845
-0.028532010483028
-0.110232836315734
0.116876736753479
0.225133730362949
0.804173619572245
-0.501160031576388
-0.233500648466825
-0.426361001533174
-0.134571420708843
0.102983059391432
-0.666258884508341
-0.261068298647601
0.624570914480040
0.195193115381411
-0.704673393732388
-0.334953590883504
-0.127982462639171
-0.070215959544694
-0.411344481814651
-0.265585373650990
-0.473507845588995
0.068475469285965
0.032142877851753
-0.022002671585165
-0.013404949006544
