0.449968266414353
-0.008129869287579
0.598010570482972
-0.190746049571784
0.527955023910884
-0.330273367624857
-0.104323988527680
-0.173641562554586
-0.687925534814448
0.525809407443876
-0.375987808954591
-0.035031016734455
-0.277735496883840
-0.311434258000884
0.069591868025793
-0.091138424629473
0.397217950096915
-0.179250208671193
-0.292478710924111
0.117348003133116
-0.043119263801538
0.414154691556453
-0.481709985019784
-0.683052002133760
-0.123246026252837
-0.059876971418849
-0.394712401103585
0.219211973033481
-0.167740713628841
-0.137651838272845
-0.040090542935959
0.179981542410845
0.447288657736278
-0.204259600146929
-0.024850724675521
-0.040618683460808
-0.509087903220078
-0.391393372938835
0.099583517361856
0.367817794330054
-0.134102967590730
-0.440165734177409
0.434452710213175
-0.044346859053312
0.675759648927729
0.149251786047105
0.070912660107914
-0.390970676297687
0.335281753301950
0.372913097039656
-0.295932672172096
-0.373172619103773
0.566752844642639
-0.113289978857776
0.259012693090698
-0.184837391777299
-0.221116850953236
0.005564822296045
0.538374195301245
-0.263568511662464
-0.072024803124377
0.849238438214441
0.103023719560904
-0.013827344164910
0.302573947976778
-0.133627791184069
0.053767156389858
0.708633813005612
-0.137524235378463
-0.318506011108965
0.183524423437023
0.066248090100295
-0.089744484720914
-0.149734062328653
-0.714107685155069
0.443697063888930
-0.270437349491203
-0.370866101121059
0.275105333026390
-0.121849398843515
-0.321675875494082
0.499725577205511
-0.232255934228964
-0.037474595741083
-0.632206901296346
-0.305881456175563
-0.555752233544423
-0.442839475957073
0.268776070195840
-0.285283802549000
-0.285075948915361
0.410567955461808
-0.045857344395384
0.548271165047852
0.055990895375148
-0.515081509776303
0.243957791485774
0.171153448949346
-0.025235116018475
0.135067400891234
0.260285258471080
-0.472982903111182
-0.569227939780415
-0.444117964436667
-0.011497460312746
-0.626304359110668
-0.171896064005869
-0.537434008947704
0.220199358906344
0.231265183456357
0.160676347177301
0.014961349544294
-0.576326135809908
-0.638381199792975
-0.022585058140518
0.192823599910624
0.316698072050773
-0.440115975248740
0.424441949119721
-0.666906071712901
0.818929530585824
0.072071251537960
-0.205606514785934
0.194498216339182
0.354499640226723
0.229084689282134
-0.058363979050222
0.510761963955441
-0.419254779894777
-0.535745816845337
0.175571614931306
-0.322383585994189
0.244521928107793
0.133917402761753
0.526540217785489
-0.090645910668790
0.559963030669122
-0.285220055893129
-0.275847335828871
-0.225138155734789
0.240241216103138
-0.061833608765595
-0.568408544772445
-0.424354387677010
-0.358424033948145
-0.048586914852105
0.673013302319946
0.089363610966666
0.078652436718077
0.390706673974613
0.206612629945124
-0.247537332158885
-0.159308591889792
0.398898252649251
0.016776933092728
0.448061739593282
-0.438775459707711
0.299912949500095
0.357020775202379
-0.656989700745399
0.202060219258239
0.243961510462811
0.212744390922546
0.342203215760110
0.270194335519247
-0.567390287835678
0.519993944643819
0.182924395962295
-0.011753221509818
-0.382475613952596
-0.666714516562126
-0.022755971134285
-0.000449563321626
-0.011204878608009
0.039177242530013
0.011091186662570
