-0.603671613146778
0.215333598762431
0.148955309528234
0.064715847653923
0.844683062688838
-0.092717177957019
0.148072756414600
0.006861385777928
-0.248352947266643
0.156278011495925
0.213211627345000
-0.087924281078507
0.039743509107053
0.118712631348861
0.125116996713216
-0.316612158428581
0.475413114714241
0.516768051879326
0.292532104204776
0.009612616407265
-0.251783391000194
-0.322002343027225
-0.203406997611281
0.207899625089055
0.063645654511952
-0.186021287809124
0.228751252759941
-0.603314455682230
0.607170632024874
0.489159573205499
-0.305710445675877
-0.409326392371238
0.360439611780680
-0.105933972519998
0.378436668932754
0.140482599359507
-0.033025885317909
-0.235434977285549
-0.722111478229468
0.230484218558112
-0.282864205923055
0.655234072229168
-0.535382222793986
-0.104439841383299
-0.268367794572703
0.488276776153630
0.164277736416795
0.429333123579936
0.234391447058452
-0.328324931677686
-0.663179743017559
-0.052951945349936
0.458124833322482
0.320332429889393
0.313121846944032
0.542822059727263
0.355436085164692
-0.112315010715434
-0.328374258848508
0.641822670832332
0.343477059389065
0.063208900347310
-0.162693749810512
0.564474034205167
-0.611707970286114
0.044404915110078
-0.516637019104458
0.330556012674139
0.026001036440978
0.552139843871084
0.239203123448424
-0.061005873719588
0.428140719985321
0.074131519905450
-0.103618601940519
-0.359697610639731
0.016389064860240
0.253507703841320
0.131887594198950
0.356258495914810
0.027446623408701
0.033897476683068
-0.146010020587367
-0.255551480952962
0.405931667463275
0.451716761334042
-0.304837577220862
0.114091209870001
0.080569828292824
-0.069262449281310
0.119675930251380
0.386752289699621
-0.384669888399586
-0.343080244476685
-0.245164111503053
-0.486883744635161
0.094712945374166
-0.086819245724211
-0.439706568411294
0.214689168235551
-0.693375080624158
0.531796883360504
0.111835606613764
0.290902026427118
0.133465632037192
0.835262991748664
0.093142196413121
0.379838694498165
0.344888949947144
-0.029268162157062
0.529516567524277
0.145165106466727
0.078048924947455
0.399315083278594
0.378072910333172
-0.663204085003234
0.321633077364418
0.259854443583219
-0.575954983146622
0.205751141316196
-0.289988445290073
0.072205906475994
0.185539142450317
0.085603730923135
-0.079996667605567
0.768922964107551
0.090797099145428
-0.300042500050644
0.440049857619206
-0.081224806008906
-0.370750027906329
0.176677024199582
-0.186237326596171
0.327919108436394
0.159718381554135
0.159339579966256
0.031975350942280
0.445153703158332
0.509509433611002
-0.139521702892445
-0.202331542808485
0.086439798885318
-0.211123866759992
-0.549243961784946
0.415905828677188
0.326132686013039
-0.110737823708428
-0.056609531713291
-0.071354486396161
0.534522796715503
-0.212297545025269
-0.073540482055502
0.487719792167833
-0.317478817505577
0.060658923658975
0.436560480133766
-0.008235624123028
-0.015256873431969
0.022448273327919
0.496846005228305
0.466978696007131
0.128676519274649
-0.631402531869643
-0.015158549722281
0.358185430082309
-0.579748964343542
0.267822000031696
0.367350742747696
-0.370750124619966
0.212367670074477
-0.768079755433777
0.136559863522362
0.218476364846059
-0.217836720744909
-0.053048310222359
-0.901927533835238
0.180192018390673
-0.419546049528961
0.374997769159827
-0.419663339098110
0.053540958514080
-0.036545140214299
0.787417590191740
0.447864835819613
