-0.336646233652522
-0.527785400148673
-0.140714972605059
-0.220382833733950
-0.355602867364449
-0.110135784838870
-0.618273865060618
-0.235723258170311
-0.025909921851867
-0.039716118935367
-0.052711638508081
0.501673157707304
-0.258157741147682
-0.337179439638087
-0.040577483984631
-0.361210895215326
-0.144130728039076
0.298507453781665
-0.216559899616921
0.079451000232676
-0.151517356018938
0.115294987120320
-0.493165230156867
0.174392632807510
-0.263476301640211
0.541699883835994
-0.256684999094850
0.337358460121482
-0.514681701239078
0.474428917626916
0.215008876921982
0.420100775530180
-0.016543592932189
-0.281131895191056
-0.407422489604187
0.319736197137013
-0.134991454139795
0.666670491563511
0.106243589188311
-0.653178726402283
-0.214198345688683
-0.278902766020563
-0.237943751124687
0.023680888386593
-0.149546366412672
0.123245298832496
-0.213919412951600
0.503419583232771
-0.265942987163869
-0.239426596524816
-0.264739987212662
0.502703348841399
-0.369189422732598
0.142661947438471
0.399210401272596
-0.113393743338593
-0.129833769625425
0.308283425103192
-0.071658980348854
0.862620169311593
-0.380354105557183
-0.280478684034033
0.669999739977318
-0.199461252079938
-0.366106953694243
-0.106784991766822
0.555486007113924
0.499778352315741
-0.073225088692115
-0.273096481990652
0.010654013084127
0.119771232268503
-0.494529261090116
-0.203648484659150
0.040514071729808
-0.083791856416917
-0.108456840070458
-0.141673996196352
-0.068641866938547
-0.793792789683276
-0.072464473928010
0.131331502816822
0.078577376356929
-0.508156983342128
-0.033725754945268
0.180026807648493
-0.559202456639547
-0.424087253518909
-0.679066464388538
0.315914339408641
-0.029806031020132
0.383895630806284
0.289440391513942
-0.319207111866998
-0.576188802201980
0.148593847613089
0.043646614801293
0.180481533847175
0.317543723810390
0.536913452416565
-0.621528118941832
-0.027151815190612
0.264259097306143
-0.535191122530581
0.181970545357829
0.590122840316770
-0.521245912076690
-0.185712725046166
0.089566114067399
-0.892060339439729
-0.113457607127220
-0.142276544469407
0.586019199089802
0.402584672800904
0.048907596286877
-0.426895711744825
0.099763291175684
-0.107730113734265
0.564295268789428
-0.342718416343026
0.459610601040784
0.261798126178428
0.029872692648495
-0.081448932141638
0.462597840124056
-0.182347691091803
0.608865933700666
-0.185746275572702
-0.079300557793276
0.207455842939060
0.220577506694422
-0.037638709119194
-0.697210833972945
-0.547394418264097
-0.100735480400817
-0.152522357275004
-0.298995243585242
-0.166549442629173
-0.640187850387272
-0.369156243721380
-0.376400474186075
-0.306587856146525
0.328811232365471
0.453167802977506
0.063746304867868
0.336079127151404
0.725110645626431
-0.168289731983067
0.156864366417936
-0.307046912069132
-0.010833808023954
0.140905461372187
-0.038852163525165
0.364580094388751
-0.151953186172410
0.361192625775110
0.297824172985143
-0.248663464510009
-0.378810561840624
-0.046790598295593
-0.737776307773838
0.371429535382463
-0.403719837484388
-0.245630320993152
0.180392937990749
-0.478629060752763
0.638526523969966
0.189636831139423
-0.051691601232193
-0.550244912729706
0.080889862403374
0.146158264669552
-0.819431039847710
-0.002541650138739
0.073533789827029
-0.190321058461876
0.456616060766390
-0.354932929907713
-0.372116799240310
-0.030806036953928
-0.499705974858141
-0.198609969587566
-0.032905679602518
-0.023829544328861
