-0.246689218276471
-0.149969531699317
-0.408227273088893
-0.471565422772953
-0.464058897500554
0.228656988236975
-0.441638449902289
0.664921125199946
-0.347300785626444
0.391716437007418
-0.414762202021627
-0.344478176828964
-0.092922750110942
-0.286559702441746
0.206298886354990
0.873849972029777
-0.606141287859152
-0.397557089604005
0.303730773733498
0.263955649004064
-0.418622069269548
-0.295546945238256
-0.392840233555509
0.002724733112122
-0.287963788944579
-0.387789941182131
-0.178519794709833
0.429846721222111
-0.470745481834377
-0.146636726072505
-0.089454193407052
-0.283446634695938
-0.410488553806306
0.419151486047517
-0.360195083272474
0.388945553047349
-0.249240054731458
-0.552031909387431
0.582596187252789
-0.250277309719728
0.013775980911710
-0.089390843359355
-0.530672138005687
0.625302042276231
-0.241417962464238
0.590221351363744
0.234477435662426
0.591057448341385
-0.238315417670989
-0.504080603095933
0.023943173144032
0.015048262458177
-0.166701441880272
0.112888431603134
0.213735732991888
-0.178473262164311
-0.314832212168504
0.171319939539454
0.562098242264546
0.117755215956750
-0.680010917392093
0.115051832084113
-0.049938014961659
-0.082340591741987
-0.039484320064932
-0.656466993870803
-0.150986154171204
0.163318334131724
-0.195867706832262
0.543653655084999
0.279165997512906
0.238160347518796
-0.387855816329035
-0.522067756491143
0.023491114694119
-0.131116947608675
-0.675661109140206
-0.139844041896467
0.299576008481054
0.391852056390470
-0.883411978699689
-0.051809444404909
-0.413271396132130
-0.071529678466402
-0.092355029901219
-0.110232956060645
0.168902268713536
-0.526695856497718
-0.549915596423995
0.389210540890926
-0.115103273136185
0.287745433660110
-0.288890082266554
0.243400051154142
-0.507132298434703
-0.180917034242363
0.035114982882695
0.091808930443398
-0.665708271695842
-0.273497111434702
-0.273591878737339
-0.060540742459410
0.129111195736686
0.003646880665512
0.177306351276613
-0.546819802772702
0.295199110191314
0.132874170473752
0.271584270414025
-0.027508625449571
-0.049822793451685
-0.161489455268121
0.019963647176432
-0.272056499245011
-0.476351521241198
0.106264172350312
-0.351904294564036
0.328086661593278
0.290557221348548
0.516890417868734
-0.257938410623234
-0.411317122681483
-0.225438516945157
-0.513343718104892
-0.471962043875631
0.630496466363571
0.064653085808645
-0.209996019009662
0.308453198456870
0.460536403185996
-0.250310843328560
-0.069995464878592
-0.147193425446521
0.143683070160446
0.097961935522505
-0.423291680779068
0.429162641200055
0.158536401263344
0.310169204895397
0.116981359841173
-0.204846165591052
0.097158061485799
-0.269677726528413
-0.254754454455162
0.248732841906770
0.173931139902311
0.769541677437556
-0.063200634137517
0.432648836615638
-0.443709570376427
-0.704991583834619
0.029237484056066
0.216524081919605
0.234902226329134
-0.250489226092335
0.613924136422020
-0.392736082762131
-0.235049886487584
0.549554313137291
0.059786510568468
-0.156464746789497
-0.529952411658477
-0.171783900238594
0.427997539035621
0.033975881166819
-0.628830369885992
0.342129777624124
-0.133370761811558
0.434367007706907
0.446887509861294
0.002350354167904
0.413377513821518
-0.152759183222737
0.279402513769129
-0.041540468574729
-0.421313597333163
0.141160222043479
-0.050901541446186
-0.103816384467160
-0.087717151715347
0.513860257477267
-0.205467944765943
-0.118578235005099
0.594182214361693
0.090177537963895
-0.532038043253966
-0.283473406160777
0.280193065165780
0.048195497811314
0.277144425756292
0.623737978267410
-0.314966489965658
