-0.006937996239974
-0.811045362048971
-0.357617599102682
-0.167933010271011
-0.377227772793332
0.015591305414612
0.195712516926843
-0.108719468892606
0.329069656921673
0.257331153908563
0.164186461878796
-0.421524862533671
0.107848913424975
-0.131741803669865
0.009565231434558
0.275486308944500
-0.201574486924778
0.590869837245411
-0.171468955345592
-0.136853774382412
-0.363681801607410
0.595471410282786
0.087496177966187
-0.331460003192085
-0.270456993068068
0.253943314876332
-0.260992870163493
0.447971921453639
0.477844983862235
0.101813342162707
0.658102679869284
0.041825343972752
-0.052622080556420
0.454390346365343
-0.651877494059241
-0.420494573782188
-0.267160509610534
-0.221479752101915
0.350899603028642
0.120908584239021
0.007013818996447
0.535521374563397
0.051948859276299
0.260062352957367
0.722220913023382
0.071581874608390
0.196851158464719
-0.027514204287759
0.441078719521952
-0.042396145727586
-0.119968051999084
0.402377063648500
-0.384296242624426
0.038163483118343
-0.093306487026761
0.415251474365360
-0.186545482912959
-0.257412397865431
0.356744389117701
-0.178932935856146
0.259137925573358
-0.036840322787815
-0.386618207821550
-0.351986608847000
-0.271128001040909
0.124364960585702
0.422537543489968
0.155363656804286
-0.537300083789832
0.051023897084324
0.102890926403976
-0.027093886117729
0.536224805106444
0.590588466952828
-0.105940439682429
0.048657821802322
-0.164144207830721
-0.083265059878487
-0.213079131963792
-0.147723902374032
0.609979900844503
0.404945432702469
0.013906148369713
-0.057031528263792
0.341163704772615
0.475824747943154
-0.658349450390416
0.359341516528303
0.279272606075815
0.354697249215232
0.125077895173251
0.471403188285753
-0.330144268911374
0.106037896770877
0.508321043824241
-0.157249506160692
0.511117532386568
0.526488669964177
0.414476075171709
-0.534965911020044
-0.290356380202046
-0.044264508869434
-0.313096719811000
0.042067939746109
0.579289391523465
-0.618503482114589
0.001955781886273
-0.298674111413152
0.457346921703919
-0.200834434892760
-0.609370642506910
-0.004491897505843
0.475886599105787
-0.071461549376990
0.205397913628165
0.788203906232370
-0.139116898358520
0.160823550526329
0.223790921367049
0.683234879924518
0.018343966155044
-0.419342699708631
-0.456503195293087
0.105109769453707
0.313026860016888
-0.111827269822014
0.673394666983639
-0.172099262500663
0.362019091634082
-0.134007664794541
-0.134904789933014
0.399042026392791
0.107449367402095
0.039835866658481
-0.415059628866912
0.059946789605425
-0.036266250052171
0.372803141092513
0.491982113708801
0.599565460358167
-0.562203601257976
-0.414990774454736
-0.327876536906342
-0.216894667337188
0.126321992702602
0.357298945110749
-0.386616646317899
-0.375064480809662
0.618991347072948
-0.312165892129449
-0.383014345363455
0.007394217140621
-0.212388137431203
0.643878512637896
-0.169195734391700
-0.425916191852942
-0.343197347855796
0.725476781241331
-0.169513670956299
0.258496075777301
0.628964638218789
0.179119916295649
-0.255155209388330
-0.406617108959047
-0.071436008149295
-0.046915682361104
-0.787456819804525
0.284525384715619
-0.693849698342113
0.121738903388850
-0.444076174435356
-0.062714809221091
0.329959531767113
-0.158782420324022
0.042761692409229
0.462778077227718
0.211432665690272
-0.241591093312251
0.220246935690530
-0.864476604575410
-0.177648037373669
-0.283773847134404
0.226249260790108
-0.545181246387208
-0.293281075023377
-0.059663837934095
-0.048416626602529
-0.052250159855954
-0.311923379407315
0.097338997227948
0.666054619167414
-0.089058387540736
-0.066229929022814
-0.683186904486382
0.130052988822305
0.329542873552698
-0.020479909653220
0.029272205901104
0.039713407922835
0.027132307985171
