-0.005941060989117
0.800510476343490
-0.023685728036573
-0.349350519501502
-0.104894727451067
-0.284459762683527
-0.620162507220330
-0.210461487259426
-0.476161651822674
0.499488873091870
-0.432349532771290
-0.241162197860799
0.686399669686341
0.138214991762244
0.265472384199827
-0.058459144065411
-0.687707381129924
-0.454302160141500
-0.028570106411270
-0.058332955367756
0.245746738171586
0.180335273044959
0.086396912821722
0.856450480065823
0.267136801177271
-0.151145182738469
-0.382312062939836
0.511062482611146
-0.288814144181648
-0.194925602267507
0.060466155870874
0.340261961287052
-0.141748653736935
0.001834675295217
-0.391439707772773
-0.072691011839649
-0.580063940907173
-0.347576695104513
-0.151883691871197
0.023955221453999
0.459497374213657
-0.222731942574375
-0.027571339084955
-0.636202482650879
-0.506189520484422
-0.140680450774039
-0.154546090901555
-0.490119452530357
-0.016105222790311
0.420327348944045
-0.142486923184600
0.115729701919851
0.340958275127932
0.433406432619219
-0.263050184927802
-0.329671867752006
-0.132660298193251
-0.077650242951132
-0.103969134969756
0.696441108151898
0.162884810299431
0.723090206421027
0.497277973262313
0.404737117378407
0.030403675999855
-0.167545404322863
-0.767213074595316
0.468991459071456
0.723812357381048
-0.047507557991318
-0.114321546457351
0.288153024742556
-0.397902955574174
-0.121691410787149
0.386952108688802
0.202565083136174
-0.358617400160533
-0.645287481075197
0.391674629051032
0.329485222018528
-0.634978953440810
-0.329220804229871
0.455717803821575
-0.202976997735423
0.006866255115316
0.139755376196707
0.510172901416654
-0.323503768641216
0.126822194283527
-0.618624999699117
-0.068882710604152
-0.274365713582035
-0.263429485878893
0.085740073877696
0.553014809062602
0.428683192620727
-0.634336372731688
0.452738139163086
0.512934657277211
0.202529441145150
0.090933592763124
-0.319350651815790
-0.352943310414051
0.041450505377400
-0.401282028884107
0.362058238275534
-0.218678784559574
-0.373162593463977
-0.294940293628976
-0.123767324106691
-0.179931365816170
-0.379489392604540
-0.541238460191560
0.173436087466308
0.198447514397886
0.271032263784577
0.163254278334712
-0.021016825942782
0.519081163970235
-0.141103506022741
0.248113259094115
0.099552499630518
-0.152686551459919
0.267080149217445
0.548778996000942
-0.433709676508219
0.052653194830738
-0.080067844452060
-0.053787517010171
-0.131204928617475
0.705139027691384
0.491759252829444
-0.657007953068514
0.305682133204281
-0.340185812559306
0.424932372365988
-0.181774007346769
-0.290830902213137
-0.168473508316735
0.610791315061511
-0.032467303933427
-0.363269728797559
0.100029626569594
0.436708048129079
-0.225754592938985
0.028596464267454
-0.633004564338994
-0.086034502872448
-0.005056601281671
0.596037349159245
-0.580809701607997
0.311036419173386
-0.413592566489971
0.588859290196661
-0.006763091690755
-0.012944670429429
-0.231937892357784
-0.492973644661393
-0.316750995303623
0.288760270180579
-0.165012938591650
0.018781341684188
-0.074772826070246
0.079615267753226
-0.093918016783872
-0.019327270473525
0.390228350459769
0.031031608093815
0.137367118732809
-0.323787882452047
-0.068385623381538
0.499351789790016
-0.010586079261754
-0.374523841654631
0.084700967409618
-0.698960273720395
-0.262283226573529
0.028667972319272
-0.318777514811449
-0.147630122166114
0.299470932207159
-0.047261780707913
-0.315875841154894
0.218730313952562
0.036731516566175
-0.772576844066839
0.020161337893332
-0.129844321618912
-0.652068009798303
-0.299914074483111
0.005928055366296
-0.077598871506087
-0.023035990064758
0.082888753554851
-0.600538958526183
0.256145747595254
-0.084137210379789
0.128521648110795
0.253807876231455
-0.022585043045459
