-0.559558994375482
0.125904219938044
-0.003207070059548
0.335029500513523
-0.658660277572612
0.397758833129585
-0.015499752382623
0.256905677855990
-0.421893198012569
0.495708576019434
-0.190026013667315
0.416070636156827
-0.514036698960792
0.248340954370415
0.547077267391854
-0.086445329823934
-0.038446616136945
-0.499947575070568
0.310730836071901
0.169628005793432
-0.303462817274218
0.354672948663574
-0.066026426704189
-0.320332535218884
-0.626180994402310
0.270844885585079
-0.185655219328361
-0.156597616157816
-0.249717917973380
0.438914110614668
-0.037633519971185
0.240930634486440
-0.305540725766989
-0.055969065506948
-0.461914549815726
0.139810302060575
0.010374920005181
-0.121044611593985
0.212620391741012
-0.274567550695361
-0.297944746679576
-0.261986843573588
0.623800173107360
-0.262961821674328
0.112825655150478
-0.283641921844971
0.621704417508444
-0.304172553092607
0.071667149313368
0.243308876900086
-0.448868057789244
-0.097786227998179
0.190286062928469
-0.170068571078168
0.236014731841347
-0.415255136573242
0.447453245485539
0.435632698493850
-0.219034708844456
-0.309837547364769
0.535558176179764
0.347180801764887
0.065288865849712
0.087884862288521
0.363635558750668
0.052724618710532
-0.300854173666523
-0.755169405363083
-0.274783659399063
0.556396587194555
0.536738839562288
-0.223040898728392
-0.058679420305891
0.159595365094294
0.139137345983014
-0.046735227211391
-0.302891176252693
-0.053472923852764
0.108081117396052
0.195355769957736
0.145532197924361
-0.657396695812928
0.637136328528066
0.038244665902880
0.185471702625153
-0.020798937517219
0.341213948866051
0.178371804696243
0.300967261895407
-0.270218813132316
0.197897788298581
0.550152731852144
-0.129292967216916
0.340873910502163
0.399619696661905
0.224414940980109
-0.275093498066915
-0.825110180471548
-0.008702242141317
0.122494591093497
0.501920233893471
0.327008510478390
0.543813035124728
0.578340797081575
0.578902620098544
-0.442448153410585
-0.030671579891929
0.164187240296321
-0.187718151097474
-0.011995297490081
0.366159208430206
-0.415041229813650
0.368375288148609
0.349698279315120
0.303424433530631
0.130379640478732
-0.460536926027840
-0.069463963767556
-0.197973488658950
-0.333487190532573
-0.054006597762345
-0.059194935268413
0.616376353814265
0.486730320145165
-0.406709862201711
-0.686162912546106
-0.189009000231547
0.056463608995368
-0.205270679695380
0.504493009512170
-0.260406159758989
-0.333300344617124
0.134397332888463
-0.634650500631853
-0.308302417607095
-0.411870405279065
-0.514172742065252
-0.233752821468718
0.138298702413361
0.576593301551120
-0.070618195263941
-0.108846613601530
-0.854070966191302
0.344055318334414
-0.407902020205097
0.410823375447698
-0.093585975786699
0.200992555403802
0.441727672802384
0.397379999006890
0.226211577481452
0.153539664552178
-0.547133882775473
0.188970717740638
0.024843136850665
-0.623648403468137
-0.162659471844702
-0.544023780751339
-0.074788167004567
0.615398135813171
-0.414315629707196
-0.116220244262199
0.529861870209396
0.010772556521072
0.713419753000290
0.020682908136020
-0.240184616712215
0.116500510832914
0.285200730130281
0.155129880733812
0.109892679024339
0.294472567684056
0.149958440173224
0.449355358272279
-0.042807063446001
-0.225478906812158
-0.382142178712779
-0.581661874062000
0.313108772203164
-0.605922749898075
-0.716899979831360
-0.179099808973481
-0.515356898779652
0.209611834573373
0.225711746081166
-0.111464613806356
-0.162100077177707
-0.222706130652651
0.401196142348662
-0.329545081279763
-0.692203024225116
-0.261191232882333
-0.067677737307083
-0.089063243932863
0.304741347717035
-0.623850231035824
-0.040101895175974
-0.268421251333827
-0.391927911475136
0.655564428652414
-0.229241243330408
-0.197739206690499
-0.213170270492934
-0.302228717711898
0.056598747260320
0.030386727556054
0.081083325294754
0.015150613804361
