-0.148213966689966
-0.418390871885327
-0.493779734321673
-0.161931350225425
-0.051830524649996
0.032555888333142
-0.369741755089331
-0.614332720922500
-0.274604457176963
-0.171391411385867
0.281246703307522
0.168234663557136
-0.501291455461687
-0.511214615921476
-0.343678353959403
-0.160142583112168
-0.825443030668758
0.371191611209003
-0.349822967527841
0.185417505385511
-0.079428626276891
-0.302141051165805
0.115570971422689
0.328449498957831
-0.333693153901775
0.102562905183177
-0.080061282088436
0.008791310844635
-0.241145719909429
0.354776808746088
-0.432863586648008
-0.061014298205004
0.339611310632316
0.803227563094816
-0.025039585259721
0.090489234678507
0.029472945910350
-0.004793443059224
0.079026870469496
-0.016662877738132
-0.352581417285007
-0.250354895309165
-0.388510769781119
-0.140648252108592
-0.214991355081511
0.023615411094287
0.122294074164002
-0.102349223291675
-0.169247926904127
0.783480756983501
-0.145915330797392
0.381095026827908
-0.499003734383895
0.576976352522215
0.250370160839712
-0.288679760986565
0.014730352470501
0.373183890701099
0.079151301737677
0.645081387701232
-0.178373542044892
-0.088335965739517
0.147098333730539
-0.779111760041598
0.246389984371664
0.377311137031725
-0.234279918861668
-0.653541866789671
-0.638548459396736
0.035034170575035
0.636691223178505
0.116513707166143
0.134764840943477
-0.559992892862496
-0.337715401078344
0.069697325360661
-0.046251353826152
-0.723565251940326
0.348379234493359
-0.189413905351288
0.354221585454017
0.007259452729387
0.428901051241283
-0.759499194088027
0.775007824064827
0.137978692790570
-0.131775449580787
-0.192355196749699
0.001833235495130
0.015684936728665
0.313750274033345
-0.401665185784181
-0.347113837507512
0.007505582430450
0.029558816548555
0.260725369299841
0.678279280201165
-0.199189092789982
0.006202841815431
0.516336916034553
-0.517951714005943
-0.189745026954825
0.113571072660250
0.096197936671763
0.343214440641779
-0.354597557952614
0.143203859557536
-0.076197041156291
-0.134528680174907
-0.532150225298760
-0.087700997372106
0.473252804717800
0.229214030874614
0.100362923072548
-0.635072060824258
0.127325341859902
0.055305276301073
0.002167187192243
0.343910417678244
0.816380438511044
-0.178104428740859
-0.021769174696304
-0.557872225698319
0.013767008884178
-0.010612806229662
0.000566855395963
0.068082620184120
-0.139128123766639
0.191091153603712
-0.588973870661104
-0.423543475327510
0.467301862747548
-0.210728312224873
0.420367078503758
0.770658587004419
0.237935019484073
-0.554512801803303
-0.476369471395884
-0.027294559393466
-0.299551689863121
-0.017176823297906
-0.358290325916712
-0.082905749006730
0.308437988954352
-0.268175812670279
0.713455125651542
-0.491417233095413
-0.412502231277980
-0.537938649563573
0.168583545563772
-0.053433041202515
-0.567126731076601
0.429649201131160
0.392508952822230
-0.514920400649906
0.569196883715395
0.205478423817656
0.108776224183729
-0.236060515291824
-0.284973898731866
0.390027311069817
0.095752653450240
-0.331544807310840
-0.029334392460546
0.416617226549580
-0.449179032964421
0.249586326544807
0.022289540172968
0.371576403501253
-0.410918767436204
-0.093905330813391
0.126432250665807
0.532664941469642
0.028948521222283
0.113553520342736
-0.132135804044014
-0.275755194803156
-0.174082929926687
-0.218998989024139
0.133307775908439
0.336680974575020
-0.191251994083157
0.543715494482512
-0.322147552340702
0.291476717776064
-0.171097299417666
-0.449438506941460
-0.028991127813186
-0.272800922583754
-0.196948602398505
0.000126297320436
-0.021682247761422
-0.346749214250995
-0.398627115292273
-0.122320240936594
-0.178489848934236
0.114023713104066
-0.213708993117138
0.824457170760994
0.039672393071200
-0.021592187644551
-0.545874746545994
-0.374786060937374
-0.609667249615735
0.346863730146274
0.143769065198050
0.265865298273184
-0.148156299332281
0.112030998440766
0.116673952958073
0.624733902037437
-0.507064306448102
0.547437877584118
0.346959372379535
-0.129917703718352
-0.541482630857714
