1.000000000000000
0.000000000000000
0.000000000000000
0.000000000000000
0.000000000000000
1.000000000000000
0.000000000000000
0.000000000000000
0.000000000000000
0.000000000000000
1.000000000000000
0.000000000000000
0.000000000000000
0.000000000000000
0.000000000000000
1.000000000000000
0.000000000000000
0.577350269189626
-0.577350269189626
0.577350269189626
-0.577350269189626
0.000000000000000
0.577350269189626
0.577350269189626
0.577350269189626
-0.577350269189626
0.000000000000000
0.577350269189626
0.577350269189626
0.577350269189626
0.577350269189626
0.000000000000000
0.000000000000000
0.577350269189626
-0.577350269189626
-0.288675134594813
-0.577350269189626
0.000000000000000
0.577350269189626
-0.288675134594813
0.577350269189626
0.288675134594813
0.000000000000000
0.577350269189626
0.577350269189626
0.577350269189626
-0.288675134594813
0.000000000000000
0.000000000000000
0.577350269189626
-0.577350269189626
-0.288675134594813
-0.577350269189626
0.000000000000000
0.577350269189626
-0.288675134594813
0.577350269189626
0.288675134594813
0.000000000000000
0.577350269189626
0.577350269189626
0.577350269189626
-0.288675134594813
0.000000000000000
0.000000000000000
0.577350269189626
0.288675134594813
0.577350269189626
0.288675134594813
0.000000000000000
0.577350269189626
0.577350269189626
-0.288675134594813
-0.577350269189626
0.000000000000000
0.577350269189626
0.577350269189626
-0.288675134594813
0.577350269189626
0.000000000000000
0.000000000000000
0.577350269189626
0.288675134594813
-0.288675134594813
0.288675134594813
0.000000000000000
0.577350269189626
-0.288675134594813
-0.288675134594813
0.288675134594813
0.000000000000000
0.577350269189626
0.577350269189626
-0.288675134594813
-0.288675134594813
0.000000000000000
0.000000000000000
0.577350269189626
0.288675134594813
-0.288675134594813
0.288675134594813
0.000000000000000
0.577350269189626
-0.288675134594813
-0.288675134594813
0.288675134594813
0.000000000000000
0.577350269189626
0.577350269189626
-0.288675134594813
-0.288675134594813
0.000000000000000
0.000000000000000
0.577350269189626
0.288675134594813
0.577350269189626
0.000000000000000
0.000000000000000
0.000000000000000
0.000000000000000
0.000000000000000
0.000000000000000
0.000000000000000
0.000000000000000
0.000000000000000
0.000000000000000
0.000000000000000
0.000000000000000
0.000000000000000
0.000000000000000
0.000000000000000
0.000000000000000
0.000000000000000
0.000000000000000
0.000000000000000
0.000000000000000
0.000000000000000
0.000000000000000
0.000000000000000
0.000000000000000
0.000000000000000
0.000000000000000
0.000000000000000
0.000000000000000
0.000000000000000
0.000000000000000
0.000000000000000
0.000000000000000
0.000000000000000
0.000000000000000
0.000000000000000
-0.500000000000000
0.000000000000000
0.000000000000000
0.000000000000000
-0.500000000000000
0.000000000000000
0.500000000000000
0.000000000000000
0.000000000000000
0.000000000000000
0.000000000000000
-0.500000000000000
0.000000000000000
0.000000000000000
0.000000000000000
0.000000000000000
0.500000000000000
0.000000000000000
0.000000000000000
0.000000000000000
0.500000000000000
0.000000000000000
-0.500000000000000
0.000000000000000
0.000000000000000
0.000000000000000
0.000000000000000
0.500000000000000
0.000000000000000
0.000000000000000
0.000000000000000
0.500000000000000
0.000000000000000
0.500000000000000
0.000000000000000
0.000000000000000
0.000000000000000
-0.500000000000000
0.000000000000000
0.000000000000000
0.000000000000000
0.000000000000000
-0.500000000000000
0.000000000000000
0.000000000000000
0.000000000000000
0.000000000000000
0.500000000000000
-0.500000000000000
0.500000000000000
0.000000000000000
0.000000000000000
-0.500000000000000
-0.500000000000000
0.500000000000000
0.000000000000000
0.000000000000000
0.000000000000000
-0.500000000000000
-0.500000000000000
0.000000000000000
0.000000000000000
0.000000000000000
0.500000000000000
0.500000000000000
0.500000000000000
0.000000000000000
0.000000000000000
0.500000000000000
-0.500000000000000
-0.500000000000000
0.000000000000000
0.000000000000000
0.000000000000000
-0.500000000000000
0.500000000000000
0.000000000000000
0.000000000000000
0.000000000000000
-0.500000000000000
0.000000000000000
