1.732050807568877
0.000000000000000
0.000000000000000
0.000000000000000
0.000000000000000
1.732050807568877
0.000000000000000
0.000000000000000
0.000000000000000
0.000000000000000
1.732050807568877
0.000000000000000
0.000000000000000
0.000000000000000
0.000000000000000
1.732050807568877
0.000000000000000
1.000000000000000
-1.000000000000000
1.000000000000000
-1.000000000000000
0.000000000000000
1.000000000000000
1.000000000000000
1.000000000000000
-1.000000000000000
0.000000000000000
1.000000000000000
1.000000000000000
1.000000000000000
1.000000000000000
0.000000000000000
0.000000000000000
1.000000000000000
-1.000000000000000
-0.500000000000000
-1.000000000000000
0.000000000000000
1.000000000000000
-0.500000000000000
1.000000000000000
0.500000000000000
0.000000000000000
1.000000000000000
1.000000000000000
1.000000000000000
-0.500000000000000
0.000000000000000
0.000000000000000
1.000000000000000
-1.000000000000000
-0.500000000000000
-1.000000000000000
0.000000000000000
1.000000000000000
-0.500000000000000
1.000000000000000
0.500000000000000
0.000000000000000
1.000000000000000
1.000000000000000
1.000000000000000
-0.500000000000000
0.000000000000000
0.000000000000000
1.000000000000000
0.500000000000000
1.000000000000000
0.500000000000000
0.000000000000000
1.000000000000000
1.000000000000000
-0.500000000000000
-1.000000000000000
0.000000000000000
1.000000000000000
1.000000000000000
-0.500000000000000
1.000000000000000
0.000000000000000
0.000000000000000
1.000000000000000
0.500000000000000
-0.500000000000000
0.500000000000000
0.000000000000000
1.000000000000000
-0.500000000000000
-0.500000000000000
0.500000000000000
0.000000000000000
1.000000000000000
1.000000000000000
-0.500000000000000
-0.500000000000000
0.000000000000000
0.000000000000000
1.000000000000000
0.500000000000000
-0.500000000000000
0.500000000000000
0.000000000000000
1.000000000000000
-0.500000000000000
-0.500000000000000
0.500000000000000
0.000000000000000
1.000000000000000
1.000000000000000
-0.500000000000000
-0.500000000000000
0.000000000000000
0.000000000000000
1.000000000000000
0.500000000000000
1.000000000000000
0.500000000000000
0.000000000000000
1.000000000000000
1.000000000000000
-0.500000000000000
-1.000000000000000
0.000000000000000
1.000000000000000
1.000000000000000
-0.500000000000000
1.000000000000000
0.000000000000000
0.000000000000000
1.000000000000000
0.500000000000000
-0.500000000000000
0.500000000000000
0.000000000000000
1.000000000000000
-0.500000000000000
-0.500000000000000
0.500000000000000
0.000000000000000
1.000000000000000
1.000000000000000
-0.500000000000000
-0.500000000000000
0.000000000000000
0.000000000000000
1.000000000000000
0.500000000000000
-0.500000000000000
0.500000000000000
0.000000000000000
1.000000000000000
-0.500000000000000
-0.500000000000000
0.500000000000000
0.000000000000000
1.000000000000000
1.000000000000000
-0.500000000000000
-0.500000000000000
0.000000000000000
0.000000000000000
0.000000000000000
0.000000000000000
0.000000000000000
0.000000000000000
0.000000000000000
0.000000000000000
0.000000000000000
0.000000000000000
0.000000000000000
0.000000000000000
0.000000000000000
0.000000000000000
0.000000000000000
0.000000000000000
0.000000000000000
0.000000000000000
0.000000000000000
0.000000000000000
0.000000000000000
0.000000000000000
0.000000000000000
0.000000000000000
0.000000000000000
0.000000000000000
0.000000000000000
0.000000000000000
0.000000000000000
0.000000000000000
0.000000000000000
0.000000000000000
0.000000000000000
0.000000000000000
0.000000000000000
0.000000000000000
-0.866025403784439
0.000000000000000
0.000000000000000
0.000000000000000
-0.866025403784439
0.000000000000000
0.866025403784439
0.000000000000000
0.000000000000000
0.000000000000000
0.000000000000000
-0.866025403784439
0.000000000000000
0.000000000000000
0.000000000000000
0.000000000000000
0.866025403784438
0.000000000000000
0.000000000000000
0.000000000000000
0.866025403784438
0.000000000000000
-0.866025403784438
0.000000000000000
0.000000000000000
0.000000000000000
0.000000000000000
0.866025403784438
0.000000000000000
0.000000000000000
0.000000000000000
0.866025403784439
0.000000000000000
0.866025403784439
0.000000000000000
0.000000000000000
0.000000000000000
-0.866025403784439
0.000000000000000
0.000000000000000
0.000000000000000
0.000000000000000
-0.866025403784439
0.000000000000000
0.000000000000000
0.000000000000000
0.000000000000000
0.866025403784439
-0.866025403784439
0.866025403784439
0.000000000000000
0.000000000000000
-0.866025403784439
-0.866025403784439
0.866025403784439
0.000000000000000
0.000000000000000
0.000000000000000
-0.866025403784439
-0.866025403784439
0.000000000000000
0.000000000000000
0.000000000000000
0.866025403784439
0.866025403784438
0.866025403784439
0.000000000000000
0.000000000000000
0.866025403784438
-0.866025403784439
-0.866025403784438
0.000000000000000
0.000000000000000
0.000000000000000
-0.866025403784439
0.866025403784438
0.000000000000000
0.000000000000000
0.000000000000000
-0.866025403784438
0.000000000000000
-0.866025403784438
0.000000000000000
0.000000000000000
0.000000000000000
0.866025403784438
0.000000000000000
0.000000000000000
0.000000000000000
0.000000000000000
0.866025403784438
0.000000000000000
0.000000000000000
0.000000000000000
0.000000000000000
-0.866025403784438
-0.866025403784439
-0.866025403784438
0.000000000000000
0.000000000000000
-0.866025403784439
0.866025403784438
0.866025403784439
0.000000000000000
0.000000000000000
0.000000000000000
0.866025403784438
-0.866025403784439
0.000000000000000
0.000000000000000
0.000000000000000
-0.866025403784438
0.866025403784438
-0.866025403784438
0.000000000000000
0.000000000000000
0.866025403784438
0.866025403784438
-0.866025403784438
0.000000000000000
0.000000000000000
0.000000000000000
0.866025403784438
0.866025403784438
0.000000000000000
