-0.052287851756890
-0.304482123774456
-0.090975563703240
0.395599714897720
0.529392304771981
-0.280891464096053
0.016452272523140
0.308477137536688
-0.111432468299778
0.253879364259665
-0.383528659934845
0.637750514120828
-0.462767901918210
0.145457914742002
0.625089859052934
0.254243462138380
0.002835935896282
-0.479181471157391
0.334250189138599
-0.185280584839107
0.379700613747905
0.314290305903745
0.196633577651873
0.474555589383334
-0.491764394715054
-0.488474610054142
0.388229020990363
0.312014875841852
0.339303316451152
-0.184240987988882
-0.252681254269487
-0.163471229365331
0.210312688658262
-0.129281528318454
-0.068333593073539
0.683223870721612
0.145011688106281
-0.575117413913108
-0.033852915812259
0.545062686231888
0.299039544058020
0.185569210409566
-0.065975424883543
-0.159648858085526
-0.110868716851651
-0.302077521925049
-0.054331101383987
0.291128959334443
-0.153121383722705
0.020045967160986
-0.548095610615835
0.177939219173349
0.151646042226799
0.708567486643832
0.174380544587494
-0.147587745033936
-0.070317203350147
0.170944465597377
0.185721585941130
-0.675456654254734
0.434876681170882
0.474341294401176
0.136322005500088
-0.019549707527360
0.331311547403837
0.475071966654418
0.545465308170333
0.237985349897731
-0.186971152995505
0.036166230661666
-0.103834194858260
0.006689119112380
-0.160182347190060
0.464719741404108
0.513580107950015
-0.209310430489762
-0.299695822168172
-0.225936195326021
-0.657978918290309
0.130924761169559
0.205954093046976
-0.090745248890965
0.396720244944198
-0.279733822369960
-0.038856016411957
0.416400107146010
0.535598866025843
0.340685985341827
-0.399155610634724
0.164438526616553
0.167005454908915
-0.390042176011507
0.744766550775069
-0.403743054455690
0.005285121278254
0.267831001857119
0.835992608167508
0.381424416908707
0.069581245408835
-0.054501491232925
-0.171331763015751
0.407751375603643
-0.356370115236805
0.167481412987272
0.180936064263493
0.432246666378307
-0.115817500701923
-0.080392401129310
-0.515604469048561
-0.313059510543291
-0.167085857500703
-0.077805208317151
0.266766014361397
-0.228718493439012
-0.189822886809378
0.385597623852053
0.561132119518058
0.195533930358897
-0.425211816712918
0.383443296370567
-0.537961118297121
-0.076029920753310
-0.039083019371416
0.696953471989791
0.565008029678802
-0.474833168568397
0.227784273193581
-0.016516098446788
0.217638258271189
-0.478197241314480
0.470176778374917
-0.338363219362585
0.081955915083368
0.266928678479302
0.034958776986258
-0.124755145338391
0.621551386903267
-0.202798776119651
-0.075490561634456
-0.558733325915732
0.097504908497868
-0.630795703702624
-0.241073109693381
-0.458127346222923
0.239937249644535
0.701644819926740
-0.320569938223197
0.089561340904774
0.329933263222663
0.480365481708363
0.424009098387921
-0.561213533550540
-0.190629942797813
0.077182774290955
0.562698578177331
-0.634533477455197
0.210607257583990
-0.167095766747221
0.268433997480245
-0.234342772334957
0.145202598971790
-0.218805375577383
-0.218984668672790
-0.473544049361574
-0.225936364160942
0.684512265144312
-0.381794013941274
-0.272781924579900
0.161185479863606
-0.122177588004852
-0.693866831816346
0.151840867910404
-0.070969994408794
-0.020992016975645
0.318168077602033
0.512444915743015
0.413929600637815
-0.002169289311947
-0.262016140774030
-0.263279159706542
0.441686597816916
0.323742408916967
-0.568262581377773
0.038812777444385
-0.373548059681962
0.160721053774290
0.569710525604661
0.056936660035875
-0.480158937954551
-0.134525023344506
-0.142708058154326
-0.049700125468530
0.196223210613153
-0.224688631318995
0.374355706480227
-0.728853300945444
0.292127396835459
-0.444411609669452
-0.047936175133853
0.427144647960730
-0.024437456894690
0.267406815849440
0.478637777208531
0.220849501837367
-0.280124263975981
0.335697403240647
-0.708166629230234
-0.391965024071096
-0.406687147725777
-0.593850010193023
0.065060174510055
-0.535223562440665
0.134494548711628
0.124793194076079
-0.759516477807305
-0.183175959037724
-0.366634677767161
-0.532629161656304
-0.002339696010846
-0.068004359917633
0.662646919440579
-0.032613768953619
-0.186834175763170
-0.005260639752016
0.369640354150346
-0.606839144842332
-0.233710843704752
0.086071079678906
-0.362314198987220
0.234603833945648
-0.339178761343058
0.094958338426480
0.072370617187521
0.071156255159703
-0.454347794027047
-0.858006334797824
-0.381616007884688
0.448745961117183
0.312456786987740
0.078541932600947
-0.007855978447697
0.327851995672358
0.481552303686064
0.263849258414118
0.602855843544629
-0.221970778070700
0.483262296782633
-0.259733720047626
-0.018071736985375
-0.534589496014202
0.265783329014790
0.255763132511927
-0.441369511861996
0.149017086192080
-0.640050352482188
0.083267380977339
0.332720996544049
0.307432009450899
0.004133922811634
0.072925725698050
0.031989768615574
0.063256603220773
-0.377298384811635
0.020999921126185
-0.304115985159402
-0.209022326898897
0.081183127731696
-0.711735199456329
0.066096325116423
-0.073459741886236
-0.772165679200217
0.393120127211622
0.285708842254594
0.144432220926145
0.129055944234310
0.695002729786867
0.478981615034253
0.335865439573584
-0.356159492527821
-0.471939533526569
0.504445170915936
-0.078056632716247
-0.222032531037083
0.095953961406534
0.182230177856834
0.397973092245775
0.116835650300635
-0.110926429557501
-0.399964285138059
0.135182267391196
0.329915500590840
0.340662618246285
-0.332308380053957
-0.498465324378012
-0.013005170667519
-0.171287601039958
0.700633222166762
-0.027227806222769
0.480786009595135
0.427156755481481
0.300991787241724
0.402967289487163
0.034312180069753
0.022555650589565
-0.119239563433666
0.338824909040643
0.186253238086783
0.401100987611070
0.218417514052454
0.004038376404363
-0.440528881536493
-0.312330160934343
0.173666699374683
0.140505463300868
0.267739385583900
0.209910489886485
-0.129190175656682
-0.379359621093004
-0.222995543280783
0.167659728147088
-0.218187713884671
0.841880178237898
-0.209275942619893
0.024201418960733
-0.706996769200041
0.374995701206474
-0.134498409377994
0.016915417906374
