-0.199078043612935
-0.510849271010490
-0.261667749140585
0.116329361191207
-0.313519762456251
-0.148884173030208
0.049035139853703
0.670195304965405
-0.510729531054731
0.406434756586556
0.139642907163816
-0.099103490133032
-0.065134346840516
-0.115758642749613
-0.088819755581405
-0.076702360672188
-0.174415930072892
-0.128649196590812
0.745153250639555
0.183908552701430
-0.667017101839321
-0.299141361151507
0.449069884740155
-0.210072594615678
-0.613920575423914
-0.054167069754422
0.097077521405314
0.294127927093245
-0.104672978406591
0.257357500528623
0.245736065293229
0.496412358930948
-0.053719695391299
-0.301477604886503
-0.702154097466913
-0.316443598114024
-0.136218874523516
-0.146149528426496
0.899624107132051
-0.246752917311700
-0.200026884826394
0.348028543059189
0.200872626274649
-0.221988005194202
-0.185395713360803
0.279995565149004
-0.069062159154498
-0.518784888472435
-0.468425673421135
0.317884041471282
-0.653250347811357
-0.401946565023921
-0.285176485181573
0.246801316773919
0.102929483051365
-0.127718738231948
-0.731390007102496
-0.200656916101461
0.003481439085739
-0.062331844388011
-0.543304543680949
-0.622607159830903
-0.116450596293831
0.457104711586039
-0.408124779228866
0.240147569255430
-0.208806822283693
-0.231141750826675
-0.382333222529494
-0.000671274790229
0.199425997214533
0.009895422900327
-0.557444771729716
-0.030159713736333
0.443199195240771
-0.562227283265832
-0.516715791822229
0.253744179979799
0.058438904652397
0.196730028625167
-0.040902121075794
0.089913118294577
0.096998605675295
-0.345368184825057
-0.012766247739082
0.249128947370126
-0.397886018651120
0.783609054073664
-0.446720925131678
0.622447887593831
0.077254064544784
0.152458621111777
-0.336574808994087
-0.298807631925042
-0.518919821776354
0.485082131702912
-0.244606715583411
-0.525119923682969
-0.311858615517126
-0.112985471263883
-0.250427266168315
-0.194417075841930
-0.093236898486703
0.442436953599311
-0.449130640306615
-0.055878511315408
-0.261409517290239
-0.398977759322666
-0.373519012684906
0.031074202040812
0.048903901605975
0.498565955871111
-0.657547497882706
-0.572401011522202
0.267413415635065
0.052230186057489
-0.047687111818115
-0.611061220582814
0.185768340668810
0.653566337611099
-0.047708012230033
0.527949560019726
0.683906531540203
-0.374873876642656
-0.117680732361400
-0.325428288156957
-0.361990239000303
-0.423149525058691
-0.187646769635903
0.663884494503298
0.131095135632277
0.507987259293860
-0.290705331139858
-0.081961305811850
-0.655717717878988
0.175791379782396
-0.299807424703600
-0.579888893131789
0.080480477420316
-0.508819110437543
-0.239730916052492
-0.770037172362162
-0.240080551858408
0.201802716817887
-0.624249196986446
0.116052296464013
-0.045083725866493
-0.203997798165547
-0.214919749436687
-0.247787128471347
-0.699365532237542
-0.078958288854479
-0.223836370632335
-0.596288417878935
0.182653352303666
0.296090229694526
-0.059996434823160
0.217999822034609
-0.129443099981173
-0.666324219739918
-0.054041379211688
-0.059426292238022
-0.210357586360129
0.054300643940285
-0.414490895597842
0.226468614900963
0.625412478523922
0.056275387886226
-0.359481347698237
-0.229143299441925
-0.431323273389974
-0.245355685979413
-0.395193021799800
0.599098495286873
-0.058001247210091
-0.161814138001450
0.380726160299750
0.114761272507727
0.223532082953622
0.872064275992562
0.270362342408020
0.136050826706451
0.085911645599315
0.514748783746473
0.392538555621329
-0.126981672711694
0.198532595139915
-0.100907488950366
0.382198443966333
-0.535893324607310
-0.243533796909421
-0.177949871595739
-0.522716026809332
0.244750325623293
0.459475629839095
-0.267855594744428
0.069705885321809
0.401437499760500
0.312125555632104
0.222789545448008
0.021584991448281
0.009850532108905
-0.289331022477383
-0.074825208471655
-0.313426678035245
-0.779909630256058
-0.093520269659661
-0.184378787875952
0.552388721792599
0.414876809871880
-0.368872442895321
0.000790043796516
0.043255793462462
0.255372385006124
-0.128869084791990
-0.086814209094736
0.781752001073091
-0.010007037844314
0.062060868150072
-0.464509466445649
-0.372379102150839
-0.175524712915041
-0.500057276607413
0.037090158233003
0.104349747018397
-0.201005729516051
0.185639374701402
-0.094450453524464
-0.236747084902200
0.250348198987184
0.387731083854359
-0.640060712135944
-0.285341692616529
-0.083121575861497
-0.038533098026895
0.850963178415181
-0.395473471615034
0.130555522188499
0.045867290115580
-0.016518292898997
0.251244681509314
0.111024848762517
-0.691720746532909
-0.269393529348005
-0.633080959580252
0.382712449263287
-0.482732023216334
0.285068778744796
-0.255853331197802
-0.094863600884721
0.021763853144144
0.300801698590862
0.053413200889577
-0.184800722583651
0.579816875828582
-0.102933639045526
-0.004725406470960
0.296680718709309
0.173575588887937
0.417945783261556
-0.291756063811106
-0.469788631912202
0.130580058572028
-0.481166287797209
-0.208381777768723
0.475943240466770
-0.583323686519672
0.291261310722716
0.379263897401116
-0.543501445969974
0.220513056395440
-0.282453780400792
-0.224029852565377
-0.128357578487645
0.623644423514409
0.391102195606420
-0.121504968365120
0.227739509711972
0.030594863545122
0.313345903982703
-0.151120479868639
0.193726765639561
0.126546831214662
0.293751136783665
-0.191132996451100
0.040843642677782
0.005225938470269
0.269271804055183
-0.727436561886000
0.163151689516503
-0.078037851621573
-0.091010379423999
0.264614921700798
-0.123915339514927
-0.136344317137292
-0.380582759255493
-0.538734468274931
-0.148932795998628
-0.365556785765213
-0.043091198635215
-0.188326831431943
0.256454348945985
-0.449436290663870
0.072398739122489
-0.398888360066876
0.126331897971076
-0.265050097819452
-0.076717707066127
0.086195703897652
-0.528432460573287
0.245103870012117
0.454368450379142
0.280497386179135
-0.434279182750432
0.112732701262038
0.342167542364441
0.248117924963006
0.124283677943425
-0.610012732270478
-0.155503247020984
-0.149004533208681
0.678472319473948
0.015792940452215
0.073188573421125
0.004388439449175
-0.831520289282880
0.504796040412048
0.009212966220862
