-0.023507233403443
0.254891457890928
0.309342196622399
-0.147580745477452
-0.108546087668232
0.382803265212763
-0.721569082654774
0.351742484739466
-0.536265762482013
0.589935619911780
-0.259424363478222
0.245484032395010
-0.585855286563695
0.472961134528804
0.031090503447911
-0.055949298242899
-0.557398672055885
0.092884819998319
-0.022635443244329
0.546261103227958
-0.219539840046666
0.749711349192891
0.209514755785438
0.176308774502148
-0.433256703605640
0.011016113970078
0.312731137230712
0.253408231324951
-0.114761012683010
0.510485987743814
0.071325790551179
-0.724976338170978
-0.177306912142566
-0.170263804582935
0.356661392552470
0.062098963024552
-0.545669431730976
-0.176228439728341
0.403689011642642
-0.635255425420392
-0.371325785804883
0.491385980082197
-0.226684324601328
-0.321966600391430
-0.101502467445263
-0.121984733572363
-0.673084571630704
-0.363550609929669
-0.489910415540871
-0.163650880447814
-0.320758534155441
0.036049209045103
-0.224613317875153
-0.587257363378628
-0.559609081738230
-0.470890111029571
-0.481826401458609
0.004660910062198
-0.273183203770888
0.259928391876937
-0.097288004419876
-0.233883642853069
0.540635968982832
0.030341072555269
-0.333386732273402
-0.510081542996129
-0.582560050340267
0.199919957775348
-0.358752130163304
-0.229031105670323
-0.673271377753145
0.013268412207200
-0.164786128144145
-0.060007327504730
0.500736952859587
0.285215468085559
-0.001004608538076
-0.059809824768414
-0.176675021900648
-0.204391128726660
0.025779119312881
0.658133952748285
-0.367380815591130
-0.102306670387747
-0.287909257547432
0.395902543038885
-0.198661356801459
0.217715600510635
-0.459331380540039
0.572814612674541
0.070421192370714
-0.100458722511899
0.052538637228563
0.460725786248481
0.074570384862446
0.318601960248101
-0.222505506127246
0.003553569662066
0.187456407442204
-0.082962039737739
-0.224258498828818
0.511104650322974
-0.181703262033131
0.355871301975017
-0.046653844957388
0.342233334217028
0.205878942314469
-0.314992653588871
-0.542590926980020
-0.498305819979910
-0.251465136323167
0.039018004227717
-0.539329277049694
0.095732943344786
0.246588992852568
-0.421005420421886
-0.243362949710041
-0.143455836340413
0.019472845186511
-0.141520200028289
0.002926143312853
-0.711487063001764
0.022348337951990
-0.083000201190917
-0.106604376797177
-0.670500550587592
-0.212831174486031
0.157484560448730
-0.136423386617494
0.039666421980727
0.151562812244824
0.343295660718231
-0.223427571906632
0.105244958891308
-0.579304503797323
0.473387746520579
-0.069745152826648
-0.426438615168390
-0.592008483017247
0.023792190614001
-0.160975229934473
-0.477737680703357
0.261624782595178
0.494542851393415
-0.401885804100734
-0.430197341274094
0.431786583184733
0.187627114771073
-0.031701692272764
-0.594518535090102
0.233422297061114
-0.650008354649363
-0.103896741553513
0.079553085693703
0.411257963750940
0.001004091555151
-0.137160736364690
0.118600743991498
-0.040746246949333
-0.370497460525167
-0.253216542412704
0.092091854904508
-0.579269887370036
-0.579387993799404
-0.367599539622337
-0.054779539643022
0.015392878308481
0.623942684146199
0.036582570961921
0.332369808213159
-0.687685937650561
-0.481959708765096
0.098490415374196
-0.106843720965461
-0.359330335397369
-0.216934224624214
-0.269053109971414
0.271039901699280
-0.076027029295001
0.291889143922870
-0.207352245003118
-0.010018328257501
-0.059708672153429
-0.618323506841561
0.428018640151279
0.137796176147771
-0.299425740474999
0.299870068323973
0.437473908880033
0.051245115642956
-0.347165082666300
0.014861265580196
0.089697000337596
-0.252552350490896
0.680608893966280
-0.339255169397427
0.359556937893741
0.231921349222390
-0.101159142418850
0.047476637118354
-0.044820066766215
-0.477077949405305
-0.409723523357966
0.641110982453628
0.019571970671822
0.019688243266537
0.282027413499224
-0.156089665687032
-0.071356241620100
-0.405728956735186
0.542803201920554
-0.035576523448703
-0.412778785437524
0.181557442457691
0.430790447542968
-0.025985515522199
0.539283811670737
-0.209346167604708
0.511288422593241
0.181526562431284
0.094565859182773
-0.160481688391955
0.102441105062095
0.156801057148538
0.278279499199966
-0.014903943117259
0.241512074875594
-0.699742862444799
-0.736978806494034
0.246189745380625
-0.080943856877810
-0.179795979492765
-0.190327513407312
-0.195095362314758
0.367044250254013
-0.200792579714322
0.018799922719835
0.262292678049388
-0.498111718306945
0.219328732516542
-0.368129238368803
-0.296247140258179
0.020186226837192
-0.643016566983749
0.363833328998167
-0.426467914440766
-0.734637188234079
0.263610711245363
0.203807071375370
0.490403167294565
-0.297710195418456
0.223821065777773
0.289687193305684
0.499669936846393
-0.270850067285103
-0.516289205523590
0.347694726853952
0.221261097555845
0.472225255689159
-0.230222098439113
0.687958472029304
0.116284932895301
0.262875295731601
0.349272134803341
0.942468080762255
0.022285402803468
-0.091059435988242
-0.106871529608377
-0.548146783876917
-0.453075532716716
-0.023192998787304
-0.150131452082864
-0.020838542725973
0.457934017684851
0.091994577015158
0.721451620957203
0.370934839658878
0.438172061634488
-0.092091312068639
-0.233368926091007
-0.480589454431042
-0.446220799581077
-0.159127634516577
-0.080663556201062
0.179451303862699
-0.133502813044119
0.209390254181381
0.897729184619581
0.208153460135008
-0.359551992937945
-0.514414025330850
-0.221724665318441
0.196681626966972
-0.596148602844571
0.075138932663163
0.263141301651641
-0.503347453135806
0.254086781786457
0.416220127094611
0.589774611501699
0.209484093595943
-0.322510726017446
-0.072719180331905
0.475530355508480
0.585742996034186
-0.158433407215691
-0.032516089571039
-0.304946406513979
0.570172542680445
-0.102343971576868
-0.028852900565569
-0.310531831275893
0.422568972046591
0.400259587017168
0.098227199432793
0.288710243260033
-0.035970317267967
-0.239413070517618
-0.201762404032634
0.263107078053867
-0.566733979547579
-0.304786190619319
0.616959680121305
0.137918020002094
-0.670916303727518
0.497298047490139
0.196567261586671
-0.303511858180078
0.363284831464549
0.126081433889715
0.299461508490853
-0.136406859522092
0.352698957595283
0.366137845777804
0.457347134786625
-0.068618424687665
