0.681002806103643
0.601636606459952
-0.014772331520828
0.144710633428767
-0.383370004578742
0.160497524870056
-0.081810330575235
0.306408113696913
0.460543228935700
-0.113375039669392
0.480957588333358
0.338333767467728
0.181577062894449
0.481482221044516
0.024221847402001
-0.001506543290755
-0.500726139843726
0.052955635430099
0.104304367198963
0.075124206899605
-0.416544859237898
-0.305211798059675
-0.458839498582776
0.388542527692237
0.149180867861227
-0.221605931474592
-0.483704578626104
-0.094162268888887
-0.188730572961407
-0.009230708790808
0.070731145404899
0.109245114521971
-0.405229529030275
0.159596851179348
0.138434137451505
-0.403000895103825
-0.435031992597796
-0.080153616248830
-0.169585020996812
0.032393233262962
0.463750842663522
-0.463170300909519
-0.301320671629101
-0.412587355497362
-0.110776810403018
-0.372933381868695
-0.554442925346650
-0.427736246208623
0.156132392991001
0.216653823461056
0.731789671748198
-0.358811335415082
0.081318032628157
0.038875088394041
-0.028913358989915
-0.533060507487664
0.026162736884004
-0.675239544308507
-0.070166880834221
0.040801218700790
-0.368470528863185
0.000616681239486
0.300665438986793
0.579218295476351
-0.131988005812573
-0.286775925038982
0.456216322035735
0.665882443589449
0.318587990587637
-0.124257856478077
-0.264245098331410
0.404852333461626
-0.408180108367181
0.026977104050375
-0.673244628261692
0.028902579210074
0.534226650800319
0.310500535568480
-0.053162330001011
0.302662935848656
-0.847103532946392
0.190074022646835
0.031191395269669
-0.079698320704711
0.640867010753002
0.055003328933063
0.254682241283721
0.666044841430746
0.555293089816062
0.028264216989790
0.109909565093241
-0.323297407208931
-0.272572019747721
0.023037303515405
0.904527476600793
0.271703776861615
-0.529922467969314
-0.396798773397792
0.055374767080007
-0.392427208557464
0.299713045577348
0.661571855903534
-0.417123141094221
-0.298872647179374
0.019865669667127
0.368611174131806
0.022091758951356
0.676748632859823
0.715168529079469
-0.166036392020083
0.333547095464508
0.279277786636301
-0.690356825606156
-0.140909163828922
0.274706274342701
0.241363753367267
0.410111352395084
0.502116253845227
0.199463149078442
-0.467189615141763
-0.502609011769757
0.503522208515121
-0.096305379676518
0.010353941900728
-0.256000938709948
0.168826011242372
-0.191006544248936
0.003331294644598
-0.063153196009307
0.016302173799391
-0.053318819511979
-0.501111234061153
-0.433912917527423
0.252002683903010
-0.054305364013474
-0.258004996389615
0.363863356702585
-0.315348486887582
0.154000207279442
-0.411948767090276
-0.266306037141773
0.373531597087128
-0.209003344563321
-0.116433845840350
-0.255498770540493
0.127256462119587
-0.601118435863010
-0.093586354071248
-0.261793814761563
0.341275770477159
-0.065136290983813
-0.276163755969583
-0.352945085572186
0.280046289198992
0.497059938077487
-0.105923478862119
0.582516583605814
0.177933890578025
-0.524736758737227
0.488774649863977
-0.372835390308180
0.149517655855914
0.522887800377455
0.356816837418204
-0.146465724544416
-0.275424870528978
0.563746581216946
-0.017365704722937
0.321702471606178
0.161481114840415
0.153102776102251
-0.010004594072556
-0.763181969312955
-0.076854555102091
-0.363410135144617
0.079176098170993
-0.386839422141770
-0.241208773325475
0.447593605871411
0.145222752377049
0.125403194922594
-0.824076586015258
-0.188523243434608
0.065165015567804
-0.090976420696590
-0.769245067347499
0.044778270965627
-0.357667736541097
-0.095094592801611
0.306777468920610
0.510572702208033
-0.089427490320607
-0.373092167251069
0.440196090265993
0.445563903305649
-0.392812515654425
0.195424941540216
-0.403053129188598
0.688063741576114
-0.522765463349706
-0.125109817539713
-0.703217672491700
-0.020370315603153
0.343746463140897
-0.563472431129550
-0.293891192502767
0.154762301595874
0.588803514461244
-0.393834829898370
0.290731149930175
-0.228403825616835
0.132616638774082
0.197054713477949
0.444097016754583
0.343059320537819
0.067390795923852
-0.469755220502974
-0.185114361973455
0.074657221179991
0.062538817273468
-0.178643355834914
-0.086181142307965
0.361330201050707
-0.732793603981330
-0.004432035488592
0.271876684527960
-0.680061416547233
-0.018942903224883
-0.078051823983736
-0.127874956499584
0.108420974287801
-0.635717193141265
-0.087346527667045
0.490676254020826
-0.019689175719894
-0.005070322599142
0.238533321124993
-0.504146509308265
0.053848995247878
0.579110724327802
0.149768704413037
-0.103588825791848
0.115057617830837
0.576340161146863
0.202230606354237
-0.297745182441938
-0.470767504054620
-0.415438036572357
0.198141973125701
-0.053715875170861
-0.173689721089030
0.408226639198215
0.002615164624445
0.233906280958404
0.036958981527797
0.147310487880561
0.133270454093801
-0.610804033543203
0.367876515955337
-0.219257109611136
0.100617448300724
0.014614123904043
0.094455192757154
-0.117990048105337
0.103815859821529
0.173312412861757
0.371516380757318
-0.475213726814038
0.085345594004342
0.249679789722645
-0.296645841185735
0.227058522883632
0.150816856659044
0.525796171071629
0.325595852601159
-0.005865371724604
-0.059261213350903
-0.443450434165959
-0.262514576790482
0.051400997467910
-0.414535774899334
0.355301400532534
0.235803806199897
-0.127081207796875
0.016080617070799
-0.286152728182637
0.216902936237790
0.438688281225058
-0.068152926980289
0.125913766627416
0.257665473152699
-0.630537106295159
0.468046663682388
-0.708827869635936
0.360129293422070
0.135162730440657
0.255480687611848
-0.171751144719463
0.802340081202093
0.057202309291950
0.253112537873198
-0.514686568577524
-0.574221973655390
-0.141419520768774
0.084508524851585
0.566737354331877
0.262087656330797
-0.421566222257992
0.215393488797399
0.507295801828975
-0.091412990129915
0.648240913341210
-0.310824201490117
-0.643813224289773
-0.183621249653659
-0.060003967965707
-0.018178673059380
-0.100617085827647
0.471631366165819
0.708233918177724
0.032555968449998
0.449461917324797
-0.520482148003555
0.254436444840501
-0.111105067458944
0.108916606393985
0.288571107205055
0.085347460485264
-0.401083296232537
0.111921900079815
-0.033941050010246
0.513188092186838
0.739121379348636
-0.104742179804853
-0.003109318904235
0.165215468975838
