-0.295609003864135
-0.283002275676822
-0.161876194087479
-0.278534450949421
-0.439223968015221
-0.176590646998609
0.285656594191395
0.486931428073969
0.463749623747038
0.304128323128813
0.067176863206337
-0.488354934245078
-0.476933105887750
-0.058362401767613
0.241050382947269
-0.150540321373152
0.316562502974727
0.068700922749312
0.092387741999166
-0.240836360861880
-0.087106882387734
0.200848473609441
0.119971072015363
-0.766014908890268
-0.651364540885474
0.200044752477264
-0.092230864254808
-0.032911703586116
0.502008327498487
-0.328312697421563
0.515607795904527
0.142750387936018
0.234597220432476
-0.165121134535655
-0.278275185811288
0.527187132094635
0.018285049625041
0.584582313221229
0.140023628212912
-0.082817642452778
0.490352944941866
-0.782720655579149
-0.020658219080864
0.223675557630356
-0.229476128713622
-0.197676344059264
-0.749059889882860
0.230000541224635
-0.206139784737963
0.248111795759467
0.734838262591701
0.441954659950789
0.098081965318646
0.332819840517171
0.022275619354702
0.276656356284975
-0.156445211173357
-0.727859122268160
-0.236656617936526
-0.381133517636782
0.114519174690246
-0.503265799006580
0.226981850023456
0.084371783209637
0.123120230785284
-0.127116183792335
0.539755988118075
-0.080032642532463
-0.083872781246203
-0.594025538348527
0.108690403224275
0.636558508657406
-0.099153156621041
-0.422827133938132
-0.407422314584510
-0.620490181915849
0.342031503597519
-0.427098513806246
0.174172292053831
0.450384574803849
-0.290704512440517
-0.223734499242842
-0.253942336423983
0.250710514090138
0.234387487663927
0.100433979023030
-0.453369133605286
0.157106216497162
-0.246533233012899
-0.258422560272057
-0.246325552925758
0.132971556114284
0.413052364726819
0.200259424655707
-0.033338025587567
-0.563631888319625
-0.039483867986968
-0.487048331945235
-0.257671486815746
0.376452012288694
-0.184270409246245
-0.026053380101852
-0.174005970962235
0.825551428215544
0.396634611985227
-0.020353016717230
-0.491439679142302
-0.033073543320399
-0.294906479165802
0.501382432143722
-0.184790021206358
0.442149839223644
-0.152524521509866
-0.513707985602483
-0.055202142184944
-0.705178748216973
-0.031328206681820
0.306097746764178
0.622546156481441
-0.072414466033444
0.129762036959003
0.678735214996095
-0.233319281188965
0.076157535812884
-0.614047572356174
-0.359193720431782
-0.302935568458808
-0.271264575960741
0.213153652679016
-0.399201257503434
-0.240078150927945
0.509691729128021
-0.311031001708178
-0.311148542259563
-0.012486446425118
-0.438700199156704
0.144644411917859
0.800911902288602
-0.158848300047270
-0.321515832629003
0.293197233308187
0.076981874841344
0.311199065045518
-0.419528330859170
0.131482074365136
-0.047273464701962
0.172461258876156
-0.117623743042459
-0.535486767814335
-0.390167415010396
0.179634626680101
-0.375256129340649
-0.074771079427113
-0.104627045175783
-0.298407412076856
0.190898814198968
-0.221176122257989
-0.193247108250036
-0.607831275823610
-0.365419480242420
0.457658482470893
0.513179917232514
-0.155815557834534
-0.090088819209820
-0.041468702468916
0.447698504085749
-0.515777322701788
-0.230316096752441
0.293921918975137
-0.191401015150221
0.127343466261534
0.102821735929751
0.485641214533493
-0.537815235681327
0.095356016180859
-0.441083098079987
-0.636364746064271
0.020120215035410
-0.224022106970803
-0.040562622748554
-0.455540288539668
-0.405195153907784
0.256092616043345
-0.110251900521026
0.275527047604710
-0.215258244253261
0.673177327440417
-0.336068426409617
0.392434710514829
-0.333503982752905
-0.212774566751939
-0.719741476193701
-0.533473448327690
0.108942962604912
-0.230594873397053
0.035551344812705
-0.696474630013690
0.111555436419507
0.127444129067445
0.111144444971501
0.338267000633441
0.010560736454187
0.475413459316052
0.115824389528662
-0.536797102430547
0.302854473476141
0.378481237344467
0.198029784392149
0.057128241905442
-0.014142864272864
-0.709529552952131
0.352941857144039
-0.041900718128458
0.242604077780712
0.173081348258783
-0.076650412713527
-0.025786393777466
0.103974831339254
0.331012831518646
0.416207404389879
-0.166491067459251
0.309547671013141
-0.192389662132451
0.009105715972561
0.063851784330096
0.677060863508387
-0.583129311341767
-0.006905225851456
-0.097720727421644
-0.419614500757904
-0.154431995211433
0.187088134293710
0.618321466645658
0.452583668799395
0.178354721207693
-0.236655268651801
-0.057180901546392
0.009882926431479
-0.019986955993026
0.816807399490864
-0.073130213871107
0.065632204052996
0.296258973147929
0.354476634065236
0.247053700151270
0.202702948455431
-0.391354522295067
-0.071431644742553
0.076124843304988
0.182289133709322
-0.526225354050095
-0.389206390272482
-0.361925683992437
-0.460952313004589
-0.608320139536630
-0.156750312369463
0.558569932382521
-0.411316359666770
0.262586069472727
-0.393213206725892
0.037459449663813
0.299315637330049
-0.837660164496720
-0.037600801838880
-0.356639134617571
0.390473809171331
0.405831010230691
0.161652406400035
0.067793110134127
-0.302792598990204
-0.496078357534828
0.459065608867354
-0.321210320840937
-0.341919658957853
0.130815277992719
0.127885256184406
-0.453108885322794
-0.005347594415701
0.433111677605443
-0.454684437582683
0.156095622842652
-0.462639480436262
0.420586337512101
0.129259403487416
-0.249776591789027
0.277613086990710
0.189391148435763
-0.192846191167186
-0.685382201794199
0.019372859928889
0.062907587142787
-0.196045163911420
-0.483782667300666
0.219800834379351
0.410956516039260
-0.104876739095458
-0.354640547739128
0.316988899853070
-0.292992279219539
0.128353671019622
-0.599631907544459
-0.052596337689860
-0.209842531954783
-0.267248969243645
0.490959696929535
-0.233798992323596
0.081496829370071
0.558110561200604
0.220308252538521
0.357166732524999
0.161880229072578
0.081877324642479
0.362431074878532
-0.681334520550608
0.195526381158135
-0.038166951506760
0.576933736757759
0.260671016180678
-0.637774916797022
-0.359639671245899
0.496806198467339
0.350832038666964
-0.129991436842995
0.033767679907635
0.158515150862597
0.412103881515076
-0.429085540048722
0.692027501882998
-0.554233587374671
-0.287633833844159
0.093796669149381
-0.109729279576213
0.479682722068579
-0.421950181981228
-0.286214020583580
-0.068881543667601
0.466377590847525
-0.078532271650112
-0.136534196460650
0.486269147057265
0.268720016612425
-0.587404334927556
-0.642001221743465
-0.144107669561201
