-0.130357280124543
-0.168815001938619
0.859705465384649
-0.260758083450116
-0.478541314588186
-0.024251229179392
-0.340867722292635
0.234947645154965
-0.335041977273661
-0.298950108870313
0.198366332261054
0.177132101609917
-0.182828366936795
-0.213315819359257
0.202303698977340
0.280964470394837
-0.010800603245315
0.280532775726692
-0.095154615464966
-0.657552700323451
-0.054751883670923
-0.356843300763858
0.189236046030694
-0.487945539363290
-0.283322832125758
-0.589861176589602
-0.353924751139797
-0.562741983408819
-0.270410006727862
0.118128464678861
0.611188720856160
0.224755493762469
-0.529664367662388
0.558214323846772
-0.263464392551219
-0.229739889696383
-0.160929021648289
0.405738606328336
0.532898033055129
0.479285597294685
-0.628153919394924
-0.077079581387678
-0.316701122065272
-0.511094683270282
-0.466686096543174
-0.212153258022177
0.294282630681289
0.576366042181043
-0.374556965689778
-0.498703688979016
0.311782351693010
-0.529984112754772
-0.161375106726351
-0.362309455634111
-0.516022179833032
0.513039991678953
-0.556071683160194
0.288009642884912
-0.067943318764619
0.104522432233278
-0.636867538178442
0.214841414211716
-0.167108022245954
-0.063360987234925
-0.443360698287555
0.146504672999342
0.215119841588278
-0.066461055084934
-0.348621610071143
0.273454955302456
0.025791565408841
0.313393507740395
-0.154771014698302
-0.314896138295680
-0.500967202778483
-0.261618726162271
-0.113971772283572
-0.289891285147577
-0.071419714229545
-0.454630491934436
-0.351214676141028
0.402063830790565
-0.143047274604378
-0.362972589411114
-0.140617324711336
0.077900442471360
-0.721696273299376
-0.036458955897056
-0.340020338209835
0.263640642868379
-0.238873583661718
0.104190158662864
-0.363589312980649
-0.397607098649489
-0.182697566857550
0.099344815851014
-0.494585112112271
-0.352056095589870
-0.296311938204121
0.310994400430894
-0.082426379842460
-0.734709191097792
-0.181852553413965
0.054184350902007
-0.614175062395926
0.139371996100985
0.579770322043683
0.386683527825379
-0.099939125596122
-0.447706783737403
0.571806061620091
-0.093300894075271
-0.024204174654590
-0.601147416493690
-0.669243384203468
0.177439933491832
0.025897002305604
-0.120857132176947
0.054637124754446
0.466030420070004
-0.468196840869071
-0.134844411102283
0.131196307384190
0.041641587720268
-0.137505834124046
0.025541438434722
-0.039080890516814
-0.325252640198493
-0.498250713130924
0.764473749549305
0.200582435447938
-0.241140748649043
-0.110944345577782
-0.005726954776652
0.213973085540597
-0.370348822354459
-0.533322688204232
-0.047154441600472
0.392412724206354
0.426364269276299
-0.012922972824145
0.376526026380474
-0.211549650829717
0.194662197967710
-0.414165921335169
-0.242555039816989
-0.202029277199838
0.164249334709387
-0.047617113268489
0.231974354614729
0.296262635026334
-0.546031316547490
-0.128971470050226
-0.761846878735022
0.023836031669260
0.038699254488073
-0.416519717879904
0.057738136396462
-0.601252679872829
0.073954126223779
-0.508473282714327
0.352358179791423
-0.276318022533340
-0.068402407234691
-0.770131323041347
-0.495695964327580
-0.019409839414540
-0.111029249119689
-0.079327229594163
-0.331682622275286
0.654002018207393
0.404048848530314
0.027599004409924
-0.071864927998718
-0.370654137331626
-0.064104967829737
-0.434362161136917
-0.219954992643954
0.073942532532264
-0.597076799178169
-0.469941707345870
0.372539539109974
0.008255396350701
-0.606590186702031
0.375441869513203
0.040077385301891
-0.340213511754185
0.736813613767979
0.060799003612197
0.383401920404261
0.319942876067716
0.476127880730875
-0.538484070121434
-0.227104023413197
-0.409509034488673
0.294151285701295
0.075068799874615
-0.044380820236076
0.255444695104509
0.238733578727069
-0.225753152225792
0.646397817451189
0.128166413119479
-0.060300547413753
-0.322035169372056
-0.115608944803608
-0.255715454350192
-0.321241421981020
0.293651847555337
-0.272466988791976
0.328358522742225
-0.165813295324683
-0.437537414284339
0.212670752260504
-0.025388883694183
-0.025526114401388
-0.161046915448927
-0.271335153539580
0.406394814057886
-0.231688112963583
-0.196905203637184
-0.096997927077786
-0.158059899600495
-0.399683783150874
-0.440022673043414
0.220584819886541
0.210858708029386
0.162671447516548
0.699946093084963
-0.153138154373674
0.096672954555062
-0.263765061552318
0.346134566210337
-0.139063802476339
-0.503868377486927
0.351101094893759
-0.165903098930679
0.584343627368397
-0.038905811157497
0.600648881371370
0.140757799577639
0.068677421977451
-0.211424748734874
-0.797229511535327
-0.346982539741787
0.148968643955776
0.581289170497032
-0.277467510625023
0.623954867636512
-0.288975264227611
-0.458720366385428
0.089067746246069
-0.488269427223191
-0.138233539524866
-0.008088536333564
0.552449395299845
0.297988678343442
-0.323135173120408
0.213986239522688
-0.461497366689121
0.515627842055588
0.488442646891497
-0.476271122921994
-0.125224316981093
0.362990032904205
-0.623092094131913
-0.026076331166997
-0.381809005149218
0.395230622788139
0.229453059170876
-0.000429829506848
-0.487921770684068
-0.497737613616402
-0.369298236888106
-0.144715909997864
-0.111064787277156
-0.069902899311843
-0.166067654091931
-0.189921763526530
0.221746488339374
0.321039050545349
0.587372326824568
-0.017170367988014
0.074407218726807
0.274845317351191
0.235898457910633
0.163983459766097
0.024201204168496
0.183859659872760
0.786348188335079
-0.013882180652366
-0.334981743197206
-0.352593933033692
-0.105924275263155
-0.667409725054500
-0.403341090512822
-0.319471293202247
0.674411688884083
-0.561894403967686
0.022468423417329
-0.069347131148709
0.131354098136033
0.171511762107411
0.132154193306264
0.198485174309735
-0.727043945576390
0.306569128417417
-0.377812028526805
0.455448082925557
0.365546986036657
0.170842570180226
0.085582671274974
-0.053090879698028
-0.222537225349715
-0.517077068941095
0.675058789106214
0.477686877454461
0.000706163390510
0.687039018301611
-0.040399322244749
-0.181220196618650
-0.028507223678652
-0.536575738787949
-0.486242549394357
0.232257077051763
0.189749530129842
-0.532901129140191
-0.164189089488624
-0.201301518546108
0.512951764902824
-0.116335173308022
-0.372864516075784
-0.494081183018165
-0.136168368051333
0.521700449022723
-0.037930154582486
0.265267263337185
-0.177821177495235
-0.099369490871619
0.191357341937745
0.062309127346658
-0.136131356539994
0.372546727403886
0.362649250962996
