0.050723962054960
0.592120379452944
0.222511074042065
0.429576337373422
0.613740306512555
0.323525972095018
-0.085094533554539
0.158251394444123
-0.571914742973340
-0.176500229545888
-0.131419275345721
-0.454343011619492
0.356029668470109
0.241158616967415
-0.270592456543025
0.208949070519960
0.489864605974650
-0.145732071103430
0.302688536705602
0.161030208698573
0.284880908325703
-0.067889781494147
0.108323101634211
-0.613160900763009
-0.516835642466401
0.410017116591282
0.472560894830721
0.519686463205192
-0.239203166129370
0.411502609670389
0.181990749252136
-0.299645404782439
-0.210671248817777
-0.475445859139015
-0.032835583171647
0.778884391762654
-0.264315891483220
-0.229592500065255
0.007289185975936
-0.723412629174250
0.730680105852228
0.068133379345708
0.355265842750127
-0.469650062328292
0.048113996018740
0.110741238325207
-0.526256918230987
-0.681450273262941
-0.650478892652253
0.335549015952966
-0.458683725957611
-0.016483405177576
-0.311924130919850
0.405847713504559
0.101986925338568
-0.570089318521169
-0.054413637310673
0.764526759194829
0.423224941484066
-0.162123331392129
0.535548398360910
0.207657233523283
-0.249534995542720
-0.434107784945322
0.254650312373468
0.165087154831357
-0.171027946882539
-0.165700723350847
-0.217570545416728
0.508051133769078
-0.756604874737099
0.166767237368353
0.705888675795397
0.090827340967265
0.054763555034663
0.320074042077733
0.164686983655748
0.221170368238215
0.405814696694015
-0.348359400943470
0.406790063116676
0.042488163820544
-0.815562028696353
-0.082027834523559
0.006681736647427
-0.639491496357622
-0.065539874071107
0.395209291303454
0.386376350037975
0.069640561136551
0.123654314907950
-0.213606974958034
-0.504645270713896
-0.074221254795854
0.045296146274189
-0.449210454220095
0.397113953589658
-0.250240040982866
0.668900447610832
0.032574728010784
-0.259127475917177
0.160835889777626
-0.359430074055073
-0.113093704942916
0.000373739037670
0.595847361043255
-0.167688857385294
-0.230010979547878
0.164809476576654
-0.208923717816865
-0.608781021717293
-0.059677022722662
0.247703482128110
0.152747183711441
-0.575991125103231
-0.253243841034233
0.019538917185821
0.483365098788986
-0.370011942585138
-0.502034959088075
0.382231462345975
-0.108510233056551
-0.522485266071460
0.517840766516778
0.015332784585762
-0.066356049432179
-0.509439463481694
-0.724972290611996
-0.491593271056071
-0.141375621619728
-0.059640538188691
0.485062932106362
-0.656360095420469
0.434286625869255
0.347508003713366
-0.247931547090142
-0.239534158258806
0.351186541641026
-0.058338301278129
-0.552101777218000
-0.624615887860997
0.126723839694415
-0.243160731409876
-0.120932095257868
-0.405758030025715
0.183104714718132
-0.097949917972296
0.084671905500789
0.411136767990906
0.424139869866387
0.222427655931591
-0.225493824928212
0.160705912643365
0.356921804637006
0.589346374615869
-0.381026875306449
0.171595985348435
-0.109875658673143
-0.432761640879245
0.007996077849961
0.168820719806625
-0.097360324484902
-0.692104673360132
0.382164122893363
0.159382985961153
-0.043271400381117
0.291372425042561
0.155185562211470
0.490830688945737
0.082831434582088
0.187934394892804
0.268299255507219
-0.379184142028507
0.386297419859533
-0.300392382907593
-0.523430687522118
0.212172402521634
0.535593735206268
-0.033542999991917
0.282436927073940
0.591450328792344
-0.290375440267824
-0.228047142097429
0.015241761688399
-0.090087562983754
-0.160574122500256
0.558416293937930
0.268949851168710
0.392735772868861
0.452345231750707
-0.473227647277805
0.339710763585282
0.124485808863915
-0.166068869696809
-0.420856796595615
0.633283288558225
0.338440537780419
-0.622348414541668
-0.007330719488525
-0.156908810855835
0.142106474508011
-0.031534122285203
0.087411703744132
0.206275559627731
-0.011909382990492
-0.392899047986279
-0.597868613921270
-0.372264786548070
-0.213839777510093
-0.109512914987801
0.047782499795795
0.248648531895914
0.125993614908135
-0.111910688842036
-0.119230989473016
0.558060038899750
0.154881150070618
-0.022482847429052
0.294432657741668
0.059120101828782
-0.019580540188113
0.196782226642687
-0.452199497084774
0.022573771615792
-0.394824722333895
0.229714435192644
0.177510126278596
0.116002055882354
-0.459107351837877
0.090978987816216
-0.078731765449635
0.421108511353789
0.296846290016411
-0.325330040167233
-0.063331243001591
0.095741650298885
-0.123580282565732
-0.260602576310008
0.331369178589905
-0.475770724078410
-0.231547495911366
0.271524010737684
-0.433897444814507
0.731837165971688
0.035527578566669
0.157463300193139
-0.132059639847245
-0.225362390572382
0.413524980326249
0.269645023635579
0.375090458825144
0.060174178163978
0.549425739280285
0.572663511532071
0.075034571993586
0.049796565453898
0.324962444424720
0.085739448557336
0.218198507803618
0.016857641104962
0.370043666943986
0.517231211716369
-0.055947232805831
0.151425185415980
0.320041636468169
-0.116801904235278
-0.815460113604812
0.062455169868138
0.578561629276267
0.062540131807793
-0.231744573716836
-0.378988401709298
0.207798272950939
0.355989467905681
0.299749046803498
-0.267270262980317
0.483122512151158
0.701310424489850
-0.129300378325710
-0.151797043682446
-0.161805563194384
0.666884800962883
-0.229919087617810
0.200404626109774
0.011285576054394
0.646547586376551
-0.110722062457355
0.352990816210398
-0.155791444988031
-0.669960966323004
0.167786312033016
0.134692785095645
-0.207124625807073
0.241412845332161
0.521615490222626
-0.061359449463350
0.088263763410034
-0.397519222671202
0.257724873237478
0.262184269506636
0.275930020284305
-0.163537400214814
0.249801273013070
-0.212051545504419
0.343798400367859
0.418654727089414
0.421462958353882
0.168540207934939
-0.339266863018614
-0.122574599488574
0.223764263635291
-0.134750527200644
0.273055330630088
0.409737961580082
0.196838059466574
0.479460152457215
0.008498725796565
-0.600555922454933
0.142111076766383
-0.372973384634770
-0.629978775431056
-0.399504495306926
0.339232635309482
0.336917922323313
-0.244664082833188
0.538249257150081
0.386925749685451
0.226861388453105
-0.078771364558696
0.021896861279414
0.426824836048805
-0.406701321562941
0.636123452353689
-0.581018162431339
0.102230624050861
-0.135828311344393
0.058498048992816
-0.374976116838856
-0.259997590626915
-0.354025958086501
-0.307280275851565
-0.362975114150662
-0.778755663411379
-0.176385135954521
0.154311867024716
-0.483108205387874
0.397442033195292
-0.479327133361467
0.289299023883584
-0.416318149499044
0.123750240905830
0.265423383575450
