-0.746540652840725
-0.476426213908287
0.114682625213707
0.321469692686577
-0.205072500687578
0.009347984278811
-0.745327129765490
-0.097626617949933
-0.080466492975406
-0.294481342749922
0.265031198507616
0.739163498724874
-0.259016263797789
0.430447953026039
-0.367826430904519
-0.269317694207023
-0.263532184110828
0.193413844665978
-0.515538224845804
0.054576513610995
0.011611060112404
-0.368914505568581
-0.131447769438588
-0.109733670268184
-0.197975929353411
0.175482043168394
0.350209696686950
0.110605419171020
-0.297091459376356
0.874088254655602
0.276901839353372
-0.014761722034072
-0.539175729100929
-0.050611703483777
-0.363737994614727
0.665250361034703
-0.782905258601451
0.042025588060936
-0.167569832148278
0.132715764202666
-0.295163951291141
-0.477890367351387
-0.222485226084860
-0.226775159060110
-0.781856713553137
-0.043654562837902
0.177564298370341
-0.209860351204573
-0.195215976029466
-0.063210257222215
-0.898424548995766
0.099340911686772
-0.672228159645442
0.205790532664366
-0.122909669697706
-0.107968567199388
-0.559753402512683
0.157509083905302
-0.534672381656695
-0.002451808475064
-0.200873578617561
0.346775340501152
-0.245443621189198
0.506412174829153
-0.123868728474166
0.332751295333807
0.520699249491835
-0.374363916332181
-0.266556756740991
-0.001256225429502
0.744908441146494
-0.127808759147535
-0.191378362456811
-0.541948934118510
-0.052788808862022
0.529488882355065
-0.051555297226458
0.437009579276208
0.561355532350049
0.545700326131111
-0.009016840389149
-0.658043176098561
-0.000007476927562
-0.238417198802702
-0.007711422210505
-0.404428987629509
-0.112758012759802
-0.544682266617380
-0.256114659637701
-0.001525978698853
0.377757131765207
-0.719189262108665
-0.011917052015990
0.264497428424204
-0.431095498586620
0.197533427343541
-0.164075417252688
-0.525957885067739
0.657265808931201
-0.359702620140421
-0.180784693105568
0.354827251944037
-0.266716786879201
0.088791443316626
-0.093109515484097
0.489331546617350
0.499011529103246
-0.598419374266347
-0.156838823882803
0.031362129319574
-0.464070938080416
-0.203095256311738
-0.417994713861522
0.377731716659084
0.148583418499564
-0.166779555427697
-0.471378420693606
-0.032557226685998
-0.179364376015771
-0.294073338863489
-0.319290051424104
0.248793108877349
-0.588081894625686
0.505987022661002
-0.421369627650256
0.100246348087824
0.593480785712659
-0.195962603399894
-0.044034413013691
-0.264927457232027
-0.559084959337206
-0.231320715166211
-0.516697845412238
-0.450354411007410
0.095931379697450
-0.186808078783326
-0.030199741987299
0.384862883151194
0.021902716551962
0.274514754558713
-0.319259884522417
0.194610095263495
0.166454926426712
-0.197369082937204
-0.002392239631674
0.608768455574534
0.120541130485735
-0.445456762345660
-0.477902129600153
-0.144156942868002
0.297643690548266
-0.300364679842940
-0.583059106614313
0.391444438323128
0.063969970342057
-0.616383701889757
-0.383240391991461
-0.361319613262844
0.373515514637458
-0.054908891779611
-0.070722796033941
-0.275712886356200
-0.300439943454443
-0.357485647442931
-0.075573801336254
-0.013261626381992
-0.346855908716963
0.331598025492344
-0.529376674550841
0.023933926558810
0.165900188205562
0.167677307029518
-0.145857905844998
0.065945961554319
-0.414733847659348
0.061481178477249
0.091241467678235
0.190250950314352
-0.233284882705621
0.016061833540476
0.243298565057885
-0.409928588999105
0.053868888230327
0.403332246166440
-0.076594270042505
0.528626552087285
-0.066011594459072
-0.023052632665227
-0.221633603159691
0.471746685468692
0.062480736612089
0.514029765082869
-0.436824677602258
-0.617811020136720
-0.166075729233546
-0.155872422541840
-0.740184519417821
0.303995777792938
0.008446991399857
0.440555750181308
-0.289670754821649
-0.139092993717872
0.166664273450624
0.814922208786439
-0.132754297494832
-0.023509261321911
-0.164883012997533
-0.159533864485464
-0.316829246270600
-0.176441421580971
0.002498684135249
-0.018601802909613
-0.006253073442838
-0.346293199883518
-0.007546180650992
0.468599036739047
0.568318586373471
-0.023012961492689
-0.057941571087560
0.506655259899558
0.518873059276491
0.053751459747948
0.196319664219256
-0.023749314194732
-0.321844321664864
0.159680169787631
-0.099044977604625
0.044367414976946
0.282889740253909
-0.154865895071899
-0.381832570288369
-0.478737294668762
0.478619804582600
0.270272859864383
0.084113262258473
0.258431950009716
-0.451673007608340
0.314241185862582
0.368011171988261
-0.290710431931100
-0.297439126076780
0.421873295904144
-0.206334698466100
0.391964212623421
-0.534150659608060
-0.089380376491654
0.206796267228381
-0.147145430531003
-0.056801476293077
-0.586481267683784
0.160565562124415
0.116415443645133
-0.130293673668048
0.029015856221876
0.412971921984629
-0.071355656056352
0.636728153681456
0.068180257660144
-0.223487540082307
-0.223689839826139
0.146383258642248
-0.486123549841599
0.124378886493218
-0.503756206311011
0.229381202161506
0.091072345979225
0.433216639064295
0.160881144657827
0.187613725226877
0.805954384787392
0.065437003369810
0.126463151735786
0.117925214298412
-0.015350945553350
0.129383738312302
-0.322770944519767
-0.582020492337062
0.497537773849827
-0.402033551968657
-0.120291663846259
-0.221674520835092
-0.280895485149052
0.107663818251961
0.071649406214722
0.097665883965719
0.463868528382885
-0.606234558241281
-0.354366343406825
-0.433087774204421
0.251471923339584
0.601400564152711
0.142200316790368
0.174521512396757
-0.021480503785801
0.544403046944720
0.575150289599365
0.184103077754947
0.269470685342483
-0.304372778231012
-0.187460631928407
0.084241046533168
0.459167446368789
0.280499120304780
-0.353788732762883
0.473870552378857
0.362351995429205
0.406865915118231
-0.200990064343128
-0.165116804884381
0.049303769325346
-0.165551986850801
-0.654982650035850
0.252668691771559
-0.038716327931899
-0.796865851295958
-0.273486472210147
0.217075718014212
0.704131213827555
0.388555023900483
0.315658992092914
0.543310134741475
-0.043044666762176
0.344297470272396
-0.029220875128012
-0.114327691024650
-0.549156138035568
0.458940159842868
0.216213477222123
-0.190387947959632
0.281885160116254
-0.042061922169612
-0.072912861145879
-0.304763401811835
0.677014478741075
-0.167361464472018
-0.028406295909172
-0.458978579931257
-0.502537126903000
-0.380265280493051
0.305145798541583
0.072225704429292
0.015067467107895
-0.020375017144352
0.870624910984066
0.360880431208110
0.320243029264708
-0.207542856309724
0.622643261615246
-0.540760226932425
-0.201803904837638
0.471692538860043
0.492901827446349
