-0.366944106542893
0.347494496676067
-0.443622869694277
0.302070320761193
-0.471945581432591
0.460046702683217
-0.178803358647589
0.424278676865420
-0.682282168475429
0.424212527990450
0.084125557774862
-0.236549942606638
-0.311717653347571
0.802375268674577
0.317364935427078
0.117560162890998
-0.413953596681577
0.182811877987239
-0.353819927222384
-0.140020194263253
-0.348677545645648
-0.515389986113775
-0.206289621340360
-0.606385036086237
-0.607955426849600
-0.185328279287534
-0.084574015138598
0.564804470375971
-0.363653239227739
-0.400598579071606
-0.002632035077468
-0.033700978591263
-0.173577849766499
-0.025568039257521
-0.307513576704222
-0.405375392489478
-0.307110229749007
0.210488597425647
0.265434708937749
0.259174274469131
-0.464751585963766
0.090979391279152
-0.080534543233690
-0.402250701279423
-0.136565462225560
0.240979907591873
-0.093196569560573
-0.535633352430846
-0.348324625794935
0.137048704938571
0.409130665761067
0.062161195821691
-0.467576736796687
0.165517739080688
0.035677036242135
-0.181960592934772
-0.116967496260816
-0.502108248226698
0.009099716442403
-0.401638206649138
-0.076591114174826
-0.630073124628905
-0.132780296389264
-0.227061807499168
-0.267805655226774
-0.547876035200852
-0.063079263978200
0.153104284104594
-0.135597859700162
-0.067610920509868
0.105275885130757
0.676107866500447
-0.676698886378123
-0.346542119844804
-0.201023494760361
-0.276032060229983
-0.487624655049607
-0.181321580073394
0.312912358451782
0.352087682076732
-0.571475518204214
0.287595576182647
-0.164940177967349
-0.158884801737725
-0.687208405830377
-0.025574108844311
-0.412865618774537
-0.204280099934467
-0.168649053161050
-0.466390466761082
-0.404130366560861
0.606583037127220
-0.264351668138345
-0.202071918928951
0.285472848580251
-0.553759312178284
-0.020711506958428
0.025106742893915
-0.065941611370920
-0.384793435391786
-0.466652364108428
-0.380507346254185
0.458698917372636
0.538836350473991
-0.012493434401349
-0.252160236223067
0.070720388591235
-0.359085874063055
-0.012249011230676
0.109939203543370
-0.239611379202773
0.830428707539995
-0.111772755514659
-0.171091001986188
-0.400629384390779
-0.586991843123529
-0.130605964965438
0.478349665911304
-0.344479344307795
-0.019267963343430
-0.692948304532720
0.063784298126476
-0.217651739844413
0.390154765075432
-0.352295142477088
-0.039934336944374
-0.791110720345636
0.431408821388630
-0.361829506558514
-0.082168093428810
0.383960900888080
-0.300485579487096
-0.019977690741314
0.544767471733637
-0.591619671292357
-0.265722474649432
-0.273104358971970
-0.355089018152924
-0.473256787020997
-0.243363799964415
-0.392292630894105
-0.010330982583701
0.631264370119966
-0.214372446746783
-0.096331051163500
-0.327041645864954
-0.807633306724107
-0.159931708593248
-0.017215273669441
-0.166472578440592
0.160724538239073
-0.106170108383543
-0.325952468073137
0.341694929564355
-0.156700334540629
-0.410759412951964
-0.381114199795520
-0.208760820262066
-0.112611148802095
-0.050013715131131
-0.008483595531695
0.368947624541876
0.222217586981555
0.402742344350971
-0.099124294331705
0.061206422779933
0.018394507473014
-0.402674593220859
-0.398984011525126
0.077181710716659
-0.218012354026586
-0.397313136425253
-0.336848732860184
0.521037595049086
-0.283824344697305
0.438420255164900
-0.000023224673331
0.831819762761047
-0.318831902499730
0.308020604096338
0.377244062443328
0.520352734488376
-0.196277911171766
0.070333483494725
-0.323106621878750
0.338528024335324
-0.233191007822486
-0.283309379157631
-0.170592493859496
-0.466796266037623
0.082118831459634
0.194313492661003
0.280339453535357
-0.221247574983807
0.120823979161712
-0.048435587000721
-0.418931110076499
0.308282319112177
-0.109666908709540
0.606514589459295
-0.040516002571731
0.255302033689568
-0.354568058141186
-0.099998643939216
-0.099915397258283
0.456021172286376
0.226772832181540
-0.022857394180879
0.622048388624613
0.255200454622199
-0.502688055262116
0.036981965135225
0.186796610738489
-0.203769649997249
0.317002970389016
0.730354208221391
0.167501226448725
0.270339502505404
-0.742056572327395
-0.268259023838620
-0.342271850455554
0.146280646535262
0.589590940543314
0.348240936762465
0.494435027463021
-0.364464966410327
-0.487768726745382
0.111672874666666
0.160548121591608
-0.401566826614653
-0.671064906759655
0.226441972564940
0.354171764161149
0.056993005956220
-0.272192764497480
0.718900982513069
-0.212521926053362
0.281018310499752
0.219889219098187
0.632709830361714
0.172883449676896
-0.032852113423308
-0.438371880837197
0.552101560293497
-0.331187580070073
-0.543161169340793
-0.432713448200925
0.093497959334297
0.114012691109482
-0.683606150229221
-0.144913685274520
0.086723043037062
-0.319191016542828
-0.244466892335524
0.031151157202107
0.377843448458137
-0.196472617430687
-0.126848168392529
-0.220637140874167
0.635682393407027
0.536760423406886
0.248368607503918
0.423843778553957
0.093875492936061
0.121681226416178
-0.072879672447325
-0.528891714423888
0.122710962889058
0.248871696539202
-0.212396309688085
0.288953673932405
0.179525919824161
-0.142117024254188
-0.333234601153364
0.603407491559969
-0.076143700808107
-0.133364503607996
-0.825670212798524
0.253652552561675
0.287522855375957
0.211988170049309
-0.106754268644555
0.241134840965941
-0.149060227711141
0.746635612333414
0.128042807566148
0.073755069418763
0.472245256844135
-0.250617187714509
-0.037226257689428
0.006207778216518
0.420124477206750
0.277708027203145
0.223515860705640
0.569496948429217
-0.041994404423623
0.454555042131602
-0.517649600310344
0.173060115001435
0.361324241559887
-0.392680676849346
-0.360734851367692
-0.162598846370790
0.073451059802655
-0.016116796241663
0.142393521244538
0.127619370645906
-0.159691166081823
0.436888812001450
0.653349178127347
0.069047132693703
0.045888632257624
-0.001365931555927
0.200319879813413
0.486898153275795
0.070762228192982
0.187603705286015
-0.681704141411856
-0.122309971686966
-0.035390067447807
0.534111203615338
-0.274704667300939
0.069846949052813
-0.189561291622384
-0.162863930374537
0.096920199707152
0.139346023946388
0.388044947899108
-0.897810602378815
0.250137444557986
0.216429333484399
0.139326130238300
-0.119890248708277
0.356187214430535
0.342242892498275
-0.570392910692753
0.361613164650439
-0.365957627788673
0.716935712516204
0.131538443185438
-0.526298786053052
0.196887514664892
0.406073217202861
0.414213789839528
0.164876761324284
0.327283299927708
-0.798309058584432
0.228794458627496
0.444655245656785
0.424337472869456
-0.219831609162539
-0.450955776585198
0.086750270614775
-0.158304055521218
-0.514218614439193
0.212785361461446
-0.304288663941642
-0.000807358877361
0.057464591541434
0.125103896935824
