-0.380071429052846
0.093336687403489
0.015327562217425
-0.187452995363900
0.139399117812340
-0.075119550538363
-0.135052321588340
-0.101221974510673
-0.140420031490095
0.556147801656276
-0.615520600523342
-0.126075254408171
0.564698235376724
0.278834157738372
-0.149636811874668
0.532280098708777
0.152995272597324
-0.266516695524738
0.383255814164584
-0.028405809476038
-0.241607029212658
-0.215780105935654
-0.311627190662281
-0.806403369136899
-0.681846880006440
-0.211257573082774
-0.023194081367734
0.053003239694940
-0.104311428258335
0.159317792665676
-0.230599528755272
-0.240052719347584
-0.063578186209075
-0.299286153080015
0.766762952827790
-0.074544042759086
0.175531013088036
-0.142248834070266
0.139658726477036
-0.549336624844571
-0.179165444234632
0.161870403595054
-0.091710908245350
-0.391266101086331
-0.163015108651987
-0.753453904969414
-0.018149067959136
-0.163541429408425
0.144263132560348
-0.436612477425246
-0.534364852606824
-0.259034604724473
-0.340949761107336
-0.420428923985285
-0.058836674542514
0.115348694265926
-0.237472042069047
0.502557757930880
-0.246076751518311
-0.743331698045605
0.077114418526558
0.567831049830284
0.182142324831761
0.454821135457421
0.027198444812649
-0.045468528678577
0.151799816093315
-0.377134409785780
0.128529977191418
-0.261415677535855
-0.431586518084361
-0.118587910853176
0.558905202433702
0.544140799225302
-0.493835188246575
-0.355095834301232
0.732768643516411
-0.125058744486442
-0.117080457897564
0.135616325540049
-0.572078316311658
-0.134481845214852
-0.375516411721430
0.311943650929711
-0.092435388326836
0.107893491843018
0.050096145100701
0.175580698089757
-0.116782425748349
-0.628822473492311
0.355559893608486
-0.288222239253279
-0.140821500311151
0.232250451467831
-0.159909228453946
-0.302626477516008
-0.115559068115096
-0.816200450068579
0.043951625100280
0.049431995627654
0.209730392611741
0.145640610846653
-0.337987775023024
0.454519779937721
0.352680574539168
0.652744177707266
-0.039167965041738
0.016926059816848
0.593589200341139
-0.251784008949351
-0.114119593420830
-0.164955719858068
0.023139621027439
0.140320499150640
0.092284794421830
0.272014631994348
0.232216746858611
-0.443698348519312
-0.074520403477363
0.117630577645218
-0.545991521666575
-0.364878719104518
0.053025806234007
-0.570441467510984
-0.043821511094446
-0.002978129905184
0.043651194428446
-0.556395670332170
0.107626280091680
-0.071117936108737
-0.592308965940987
0.257829978355656
0.262507587756181
-0.126744889109049
-0.210121760125594
0.719729224777672
0.048963932704594
-0.525867467177842
-0.535203434680939
0.042978054898634
-0.506504563053919
0.579814609315987
0.123989326572342
-0.167882633839674
0.531168295778748
-0.119091347210710
0.511717296961965
0.082189037133296
-0.107799312535928
-0.181279490572718
-0.157510504844841
0.156995527774522
-0.038079072112007
0.055833258347952
0.322622927864261
0.469482459720188
0.133192605115617
-0.640284301863726
-0.084072261978884
-0.569745108239220
0.522010316799433
-0.150305706350497
-0.179531379747113
-0.340893989097277
0.498125286937988
0.121520845131251
0.229154594645480
0.297209343153955
0.266141902402396
-0.357999255423000
0.276627340533194
-0.282000588716021
0.184338382274779
0.029593556102588
-0.604104697752778
-0.406458701759394
-0.258444343570007
0.449119676890176
0.209872074365597
-0.126714661265054
0.241126142890407
-0.191434376521894
0.368881728918262
-0.211504966111994
-0.436456840750977
-0.554785485426638
-0.551548135978417
-0.094728860376251
-0.889770407165632
-0.266603852756534
-0.224746744512390
0.182098408693148
-0.063516166489118
0.473295482395500
-0.196835362688001
0.097129712037731
0.197461663375170
0.263779203908940
0.021585548440940
-0.434301305169679
-0.347799639148847
0.741410777099809
0.126815316233923
-0.266707207707585
0.055770407821220
-0.076726685510679
-0.315078423126812
-0.198482629526986
0.328207811206706
-0.139307728632921
-0.342112868632912
-0.492888968971519
0.770657603791239
-0.085317614221774
-0.214010125009720
0.453809370729708
0.167983117984322
-0.058286741276352
-0.126997510198472
0.514936241625997
-0.328968007605846
-0.060386451932584
0.226728416001083
0.681473841864528
0.390680975437870
0.372541440445929
0.497023034954234
-0.491677757060417
0.201653269025408
-0.429614377868971
0.025027323579252
-0.390895354450355
0.244706030237167
-0.086160732789666
0.497990169029638
-0.347295334599725
0.317117880522213
-0.230625077722749
0.726383802769632
-0.094024460592729
-0.067994585882662
-0.153192859099738
0.170328595920799
0.144373826731229
-0.061048286836663
0.438343906991225
-0.400862313023908
-0.273898348708333
-0.138349368422826
0.251580790221342
-0.578613930310294
0.643965673144641
0.413831028957482
0.445770566261114
-0.442087650602863
0.386526666894561
-0.075802726067153
0.039490369065207
0.018069357664829
-0.118057089612764
-0.062149171088165
0.585510090619544
-0.255700658395358
-0.056950783524332
0.228856090510938
0.242830702449644
-0.540763369063848
0.112038988520562
-0.696262618591375
0.519899693432597
-0.258870140262421
0.352683162780192
-0.438898258431030
-0.066205839697357
0.413788644534180
-0.114949240602248
0.219976366878904
0.079993851840903
-0.851801283324585
-0.169473425685642
-0.038541450130325
-0.349626277724071
-0.283946495464427
0.334272448466315
-0.281749968057484
-0.567473288365078
0.130036993287111
0.442334049487568
0.449452988539822
0.131531210436241
0.350072588544732
0.325363741601525
-0.162456074146926
-0.575378785404249
0.146310881587434
0.406403009545867
-0.410735895405330
0.615025072746806
0.553885536059713
0.208607931820759
0.511626313198304
0.320384131637397
0.171412111237067
-0.579678640823841
0.342226967891740
0.073109365088708
0.343593090028321
-0.004591982007356
-0.642458610155183
0.228574874456781
-0.454049662704839
-0.124211923624152
-0.666312733225852
0.008480655843837
0.349277024401066
0.003687054026099
-0.350515222993547
0.425956527541211
-0.059296243129175
0.212245751484927
-0.363380861189651
-0.539257263119460
-0.094657529475384
-0.031177180252729
0.463399919337470
-0.047745066880974
0.345626491643095
0.165025653161990
0.242383922937581
-0.103905524405426
0.469855466429146
0.380469945344114
0.320356972427270
-0.372500817794988
-0.649865521534897
0.492289807447072
0.225933313435283
0.445732204210075
0.335056008030402
-0.555830648177685
-0.424656296677351
-0.149662950941486
-0.187053241433247
0.053825874908908
-0.622751750218978
0.146338379461029
0.367619849161356
-0.109973535340914
0.186841359150267
-0.053281751719553
-0.613969157073435
-0.426089070985759
0.410024199088002
-0.055547814313229
-0.394741438279083
-0.563854410932633
-0.038336226521440
0.568411493391891
0.292153397272260
-0.158358834780339
0.172935283495397
0.181464746501227
-0.010012591587348
0.780037707830854
-0.168319716344920
-0.276981278896315
-0.786615497033873
-0.024266976272032
