-0.090049719635280
-0.117717470452790
0.523716406072381
-0.655323031170483
-0.511054362197912
-0.434580778573951
-0.453087285404179
-0.230427102916169
-0.522671146043615
-0.336247935854074
0.137910386704948
-0.229470897939309
-0.342310250739771
0.457579814030365
0.303343030200268
0.040860002288197
0.020642432466065
-0.459695429734407
-0.306298122861643
-0.212501959469207
-0.107748965108020
0.499088608814671
-0.462661080464073
-0.343252489674282
-0.239071332640523
-0.310700120011724
0.014478638296992
-0.047768719172337
-0.225670434942467
0.251804643494510
0.074624125811622
-0.416514525900668
-0.490139764490033
-0.021552655056985
-0.195647086080192
-0.451095852254793
-0.340120576204031
-0.335892240478593
0.332522517914637
-0.153369255076885
-0.328530111626518
0.387576655519053
-0.428373241469122
0.285777363190773
-0.274656504821888
-0.643411853556049
-0.529561928818218
0.215561100432923
-0.061941856576977
0.276633907365840
0.572741331703725
-0.382561085326570
-0.017708145076609
0.164236156642744
0.314605731917956
0.568353233193260
-0.193522147816127
0.567836465214619
0.598397168189578
0.082336559269544
-0.660735589459863
-0.121885555550963
-0.233742255366599
0.478035601446981
0.003818852202630
0.195089795891467
-0.180084081720792
0.895040180246202
-0.080698719748074
0.262442765060295
-0.056944624200171
-0.103350193164758
-0.245596856049981
-0.077256050516782
-0.261724085011177
-0.360132788430704
-0.689312404626355
-0.144048312797361
0.019211474520634
0.346657249659942
-0.498992574360221
0.127160599231198
-0.430107133530900
0.111276220483144
-0.131305337921017
-0.275836212948506
-0.091613259018749
-0.532469904665955
-0.112567166185847
0.272052352291017
0.330333573656607
0.485292049600689
-0.138136807781482
-0.398505043840869
0.603863527331855
-0.049569582680472
-0.072995773648645
-0.472126985138830
0.250334626741444
0.322335462616843
-0.217310797740654
0.555521214380174
0.355213618570638
0.543231100688952
-0.111807528787841
0.093854750247069
-0.039993521954396
0.046325764707561
-0.263151276758349
-0.048884499798642
-0.546301505307416
-0.027596761481929
-0.449129888015218
0.602472132470319
-0.432173449421163
-0.344191842545831
-0.433452215806989
0.001505829456877
-0.144184440715725
0.697613019210506
-0.031212003533471
-0.144159271801962
-0.812833608667547
-0.328003321913637
-0.343376287860312
-0.022488017994953
-0.282395061231951
-0.246563532130772
-0.400977402842192
-0.264347177177912
0.421946204986623
-0.106989714711932
-0.021339029298738
0.672202196984877
0.154423628262889
-0.479350174329229
-0.329705191807013
0.284494620257438
-0.002738710463387
-0.339909035847243
-0.394187199879143
-0.437588688588327
0.400547883378779
0.212178587169336
-0.429677641331806
0.559180629650224
0.144524666670198
0.053116564245680
-0.112259076277425
-0.136695788422751
-0.168778388782415
-0.310521732049185
-0.536655867961622
-0.160391366044555
0.479364990462406
0.146464134334229
-0.333349481473856
-0.154995210278289
0.595621584911303
0.142983574788521
-0.404171691949537
-0.522303694697493
-0.163168510958978
0.001463892971196
-0.430354241576908
-0.388789963838731
0.256947060345120
-0.547241306516388
-0.057805675659709
-0.191525365459263
-0.516741076604668
0.508467547536335
-0.279042913516853
0.318765370826190
0.218070918122918
0.158853612743978
-0.074910628289805
0.129392587699215
0.132493973278553
-0.228203779638291
-0.191191224225412
0.397450109819403
-0.498310154829254
0.438080064269258
-0.269477550136769
-0.435372838724216
0.065654546176764
0.088477781458331
0.017104981087227
0.015027814064939
0.496205805083785
-0.211753704210492
-0.265965022848675
0.619452284781181
-0.218089033632425
0.200136648005557
0.122131133229970
-0.050470056358930
-0.103015431821117
-0.742753292006261
0.747949487516198
-0.036890859962530
0.264399826443680
0.136314853806901
-0.460490106595218
-0.277062529632820
-0.075448079729353
-0.336029727393800
0.707297685738154
0.580830037505899
-0.069398038990035
-0.037002909352764
0.838735518700385
0.015854173477942
-0.053699877388718
-0.001365243655234
0.375593693881086
0.065094168323818
-0.485975859974981
0.368853404486214
0.253797476924522
0.160297280403133
-0.333953136636741
-0.660127236400960
-0.178232832964083
-0.650805503476292
-0.009582618165963
0.145854015577059
0.099944242168269
-0.253366768162184
-0.278637711907092
0.178493757147724
-0.112410130446543
-0.016210392562880
0.481373211101132
0.447919957170294
0.483737514321971
-0.003530499016706
-0.367815445176078
-0.425920289862456
0.475659160602400
-0.201120989388817
0.070831636542496
0.059447767111487
0.146577240834310
0.434903417679724
0.220644208534715
0.078161224238778
0.217921822065097
-0.275309830047088
0.009953271448570
0.070807460745665
-0.477728031314143
0.471868631426627
0.214749453125104
-0.643184385849642
-0.759731648379197
0.135878761887331
-0.327722696311834
-0.180169874896439
0.303881018369326
-0.367519514631305
-0.128338361047067
0.373728726534578
-0.176390682858929
0.033895975615924
-0.642245986435988
0.304498820887389
-0.363662854228595
-0.542493015484225
-0.269744284306314
-0.339771660009903
-0.153614745169036
0.471323575507812
-0.451439496803649
0.345176020868022
-0.123987963859374
-0.338713997583775
0.568186023702407
-0.045476415080963
-0.255868921113614
-0.367676024181714
0.080715026261855
0.630896720638643
-0.152311634334769
-0.434740807398502
-0.082851688201382
0.061908385345378
-0.747414954318221
0.537789013253142
-0.085990187124727
0.345983171689488
-0.081660381795746
-0.346221089186525
0.052554557925127
0.707004493029013
0.178885178030335
-0.006743704122540
-0.304111914854290
-0.074419871055008
-0.415497418116417
-0.208852739952211
-0.280922013726216
0.097411920883469
0.154059894487581
-0.196948990734226
-0.383706399454480
-0.014328419312391
-0.203178638115452
0.019840773604000
-0.266992829154902
-0.792518821160191
0.413890209099174
-0.377359634758163
-0.515776693706949
0.011013467528589
0.290467810405989
0.358496910439305
0.044009419754694
0.281491017437916
0.373248377690189
-0.270978947791041
0.661969366332619
-0.209437964078546
-0.050716102314783
0.545879484782525
0.383542011336754
-0.003636198277251
0.224235478908881
-0.197637336896591
-0.547535053798038
0.299747722619247
-0.689167207004946
-0.125635749543190
0.470556272162707
-0.362826796943207
0.508204844626888
-0.088227256524819
0.375870742040312
-0.166425733392863
-0.649678336539930
0.016314904681113
0.023286655836503
0.258369594759621
-0.242394241297921
0.112006350231530
-0.642304018246780
-0.231004643715778
0.263755158662759
-0.307334440501184
0.147388436470765
-0.335258345388435
-0.248578107657218
0.014179668418267
0.535231830370411
-0.293173498554181
0.129214205254589
-0.570982564233087
0.477756992348498
0.420434479948580
0.108477326217218
-0.939490493958478
0.069960240390688
-0.093328367843240
-0.058568411429330
0.279409862988957
0.428897398332548
0.315909898892592
