0.283231356359237
0.275288069210233
0.238932613728335
-0.247500766715334
-0.111278671972211
0.684565726664795
-0.115215530464870
-0.231904432123120
-0.507215923962861
0.472437264795559
0.470758629938932
0.008724903374257
-0.551406819829382
-0.084704528502733
0.167772108942056
0.264437910555905
0.055676017208451
-0.140719183881920
-0.071981177419525
-0.241048513450453
-0.524620796571909
0.421452620609627
-0.542871706383731
-0.197628329230467
-0.341075879184576
-0.421434446218533
0.211162746305178
0.277359996522180
-0.659930150194660
-0.533561978940011
0.221665870755560
-0.012290064440410
0.428537947125336
0.137403183487263
-0.143683041477193
0.323421938972434
0.068019069020183
-0.003901103082135
0.241598575844948
-0.691746701141990
0.434321653747140
0.097875087993114
0.241276113923924
-0.192721306829699
0.181984175391704
0.058311112669878
0.133473058317834
-0.743499841967917
-0.161325594570289
-0.495689726402478
0.591135509620448
0.037721222424356
0.132975869796762
-0.356817437290754
0.207916496239719
0.538685960912493
-0.043790990240478
0.666913914379774
0.171448601791692
0.629368798290084
-0.391320691166312
-0.094642776397456
-0.058259413946789
0.128015504820719
-0.564679277281469
0.340370884397251
-0.278033044975136
-0.087373903176803
-0.471904323412323
0.520550067687591
0.084898463682480
-0.689642991850575
-0.050535124108733
0.081766647145916
0.634787928351633
-0.394636734410582
-0.414917286721120
-0.095667174321144
-0.275779335865835
-0.730559468010100
-0.138534549907766
-0.383726624523708
0.339830175866967
-0.308271157885566
0.047949572344332
0.437753546163020
-0.461726447565243
0.460400514106530
-0.393934450380218
0.035263210398287
0.033136513900732
0.662040609828755
0.409349909827854
-0.361162490304677
-0.199657732949776
0.345567373557446
-0.334282498439145
0.332297602152237
-0.163283426265714
0.303773973805163
-0.264040023743563
-0.728591519656254
-0.082085095517807
-0.347883355434625
-0.148612668199103
-0.210262816082509
0.295144718123528
0.548861780329316
-0.182786958743389
0.218916119498592
-0.396318043871693
-0.410980470119056
0.444265697011856
0.086078700720140
-0.377246359371683
0.385854709407597
0.437436692049128
-0.123858251485426
-0.142310247445250
-0.373158219835950
-0.166718902425737
-0.040877214619519
-0.580935422486584
0.064198629417488
-0.371519282798794
0.314283795893102
0.264227164589601
-0.110663256464246
-0.254975676574422
-0.741019454296615
0.018797939884411
0.260239453056045
-0.038320019578116
-0.463570242002017
-0.022011800431476
-0.015212829466773
0.021912985047964
0.278450263457265
0.222189076961260
-0.685550545011648
-0.626779748477583
0.184898983803300
0.291721647193875
0.365941324716400
0.112197281070428
-0.404976138381553
-0.114155217501029
-0.138488013196251
0.440156683119166
0.085204325542059
-0.305881919375923
0.573671259425961
0.231955990737175
-0.006013590637151
0.378976503999696
-0.192877355177532
0.349232589062669
-0.485932944305507
-0.619483074865063
-0.143014856108814
0.072983598524107
0.166939266455839
0.587597073468723
-0.041964738535781
0.559300761747383
-0.030068849976230
-0.700116431824170
0.334860591482285
-0.377927858949158
0.179382732663202
0.080307106671903
-0.034661707348437
0.345809148952196
0.240234150053732
0.502418171639679
0.166460814978766
-0.271956005366004
0.533572015487829
-0.585026974058275
0.500565439360475
0.647398001408647
-0.178743920819530
0.005233533665288
0.335893803730662
-0.449705067846122
0.252407282126194
0.149731763156454
-0.392315792327071
0.469512959456973
-0.068695791657968
-0.353323007464365
-0.612904866846766
-0.265227624120763
-0.407343588024146
0.397364665181476
-0.240331792539891
-0.195152448339397
-0.463684544956343
-0.158992239763256
0.139566679694520
0.191376300095536
-0.422994431927809
0.609301474785565
0.062476459268182
0.866191318214937
0.193846248285204
-0.297844363166833
-0.192970423279324
0.444396364370894
0.011718385390145
-0.022371253732731
0.123523844108452
-0.128665988418289
0.237980342005667
-0.255557227855394
-0.667864434309161
0.202224218640665
0.185122316497370
0.239295021972763
0.313193220457879
-0.011560410017837
0.192098029393178
-0.190650780382086
0.773851413378254
-0.278732096849843
0.198088622382263
-0.461548991332033
-0.358492205943180
-0.633403089306846
-0.041192585497212
-0.422058990667716
0.354117789349052
-0.304053386901300
-0.231578366260646
0.278224477056162
-0.411568512284276
-0.318094303155671
-0.236390920717348
0.466881561890727
-0.048565629708181
-0.402773834354254
0.196295199360908
-0.398362517024010
0.402660699226985
-0.043447384255712
0.317907233926496
0.020695255710277
-0.156292976402022
-0.249731754492291
-0.627079887192475
-0.018258718573188
0.601830721902691
-0.520060214980781
-0.268828110751689
-0.107710574772129
-0.354986835749009
-0.080772910920061
-0.012392118459489
0.041380462209290
-0.122998214783289
0.336604022724055
0.488743026985950
-0.018081993567505
-0.282077254463814
0.025887354019227
0.149675722285213
0.313940089333451
0.295446614326816
0.207433986349139
-0.260423044183871
-0.591900554788190
-0.402307237700686
-0.129020970910750
-0.193800086320250
-0.509668461278901
-0.258739059185175
0.273586551847330
-0.462220401491056
-0.046302459903656
-0.336949756611758
-0.334781858630297
0.098074672904771
0.605653830009442
0.232809344289219
0.507214400210170
0.438440417748614
0.397150637304472
0.227306695852137
0.294925147556499
0.387602936438283
-0.019414380557191
-0.184614935155981
0.383231484473999
0.008382491346453
-0.599410486227811
-0.197774105049507
-0.268383488489832
0.716340067229330
0.082395671575273
0.027016404516948
0.545647499082229
0.251640809526203
0.191821018031065
0.325837662153293
0.232006331798688
0.225655671702438
0.612530677112944
0.392259811678972
0.512488560744833
0.554398689892196
-0.069643837196339
-0.232537600125730
0.622117405776085
-0.471088832814503
0.055050081780403
-0.262966729517700
-0.252377263949904
0.494989085733871
0.095341670386242
0.001060552697213
0.098031312859239
-0.326039180805358
0.569087162454792
0.585786969041752
0.087276938824214
0.393856114200068
0.489257125557313
0.022919391970483
-0.148121970197893
0.426538111841266
-0.315437050140922
0.224876696436423
-0.093218445728388
-0.316945524631531
-0.625878256124661
0.538820951970687
0.125005146765056
-0.570996437607935
0.063290334577616
-0.175131293012809
-0.265979133703242
0.820856449795981
-0.139141343397833
-0.037747399710825
-0.197647693085119
-0.324242215608774
-0.200281328914917
-0.231047630557828
0.308194913790496
-0.081334446059971
0.701929455002182
0.159589970958079
-0.230401805221636
0.122511745270719
-0.101419683347392
-0.074858644009088
-0.072400655601044
-0.061164270632510
-0.812238634723774
0.385521958703598
0.194041400464211
0.585652260175382
0.393516767777602
-0.084108751429261
-0.010504542250933
0.174607075422597
0.030301162240682
0.130393172164133
0.574727280253885
-0.097076452099107
-0.050222190018307
-0.306295361852674
0.655348122241550
0.278056604295644
0.224213203076974
0.025621028941821
