-0.759139055467546
-0.288831281095208
-0.200554004555607
-0.512159506911298
-0.232220216895960
-0.313145953024883
0.495685221485091
-0.571468971445629
-0.025716312546638
0.082371264653210
-0.411486963933519
0.018825707905203
-0.119757079590927
-0.544648210925467
-0.277925708174273
0.534457798983451
-0.305895286418079
0.394999065171660
0.432073341429154
0.100203468752708
-0.186580553801982
0.073683983576025
0.114722033774434
-0.284561316561601
-0.320338077897949
-0.269454778061761
-0.030184536511361
-0.280336374443981
-0.188334201675617
0.020415670156825
-0.087299975256238
0.684174353588931
-0.288893477442604
0.076821283334799
0.275085426297753
-0.779312197502523
-0.261970578435470
-0.753502462908491
-0.160197416688279
-0.153335104005717
-0.191409236126842
0.059249364710351
0.456387453709642
0.163439634417425
-0.055569117687839
-0.221732539405735
-0.080396118324554
0.510612004291531
-0.023722738422017
0.024732066846677
-0.198992916397123
-0.751433937784041
-0.253612467838106
-0.149388768285722
-0.641484212902668
0.427205144388769
-0.332659717820900
0.179126481136399
-0.306832313081067
-0.232798404166911
-0.517455957556051
0.243436082872603
-0.075258308537283
-0.682822452439896
-0.212601436834032
0.258275822179001
-0.039839577850231
0.036784004400355
-0.412025920925818
0.437386587682839
0.227492831035588
0.087813656937219
-0.370426609640408
0.065753521772186
-0.207190901256762
-0.516775900355717
-0.313847102510038
-0.685965906037681
0.427932599294616
0.404189539651185
-0.374521570817394
0.112981635224905
-0.019185428707048
0.329154104215018
-0.100895424107807
0.182850108350490
0.148452581175172
0.402461639711378
-0.177751327482085
0.599666966965862
-0.039443041199994
-0.033471499922835
-0.328260335237033
0.342394624005686
0.411911397245018
-0.142215486036397
-0.057605550313752
0.551924966490941
0.486766993475039
-0.141952437874509
-0.182629837251879
0.524415950994239
-0.076952647935616
0.564428504485105
-0.289972191144279
0.423357820113249
-0.069219347880281
-0.087488786661463
-0.487025526444669
-0.758673051445013
-0.033813758277289
0.001426461942806
-0.292819690771665
0.256304840035092
-0.106592398934036
-0.404414492944680
-0.151276132134918
0.294223532321354
-0.191394259921353
0.287380153104134
-0.174865607857229
0.595679328742889
0.261935214429387
-0.297194911895937
-0.417855525400627
-0.104205520033697
-0.205750670361310
-0.093528437428231
-0.394904262432662
0.386826266271711
0.350680932477728
0.290992197954400
-0.084378730062621
-0.290800655392902
0.108769648838085
0.162150877191469
-0.444523976796956
0.096681171762941
0.221923051559689
-0.137740464285466
-0.205603768049346
0.612815189325074
-0.116511250679347
-0.252308996925360
-0.269152957293442
0.801712657034233
-0.091958706694979
-0.281416580012649
-0.048980056991848
-0.052011851148043
0.107005191770347
-0.340781547235895
-0.290149987850167
-0.435874550055531
-0.761581472115832
-0.201622254867765
-0.379884934253894
0.262300703123539
-0.609872105175163
-0.093544737460246
-0.083440667829712
0.233272409068719
-0.619009212076857
-0.255543871274446
-0.041990886506540
-0.642715347454198
0.333593052561841
-0.111100917251226
-0.355959346178768
-0.280559330582110
0.480645224982557
-0.225927118658709
-0.336296742411027
-0.191483015282264
0.395686411579141
0.441529869885668
-0.170766709857349
0.326396254035749
0.264022950913531
0.124432406056694
-0.024113944627314
0.047712088098105
0.592500000624627
0.181278847155512
0.040066769887802
-0.593207964292342
0.581061338680474
-0.252153099894397
-0.033862072269478
0.094974451170063
-0.160687659221545
0.042045286564490
-0.140508644628703
-0.430958102471810
0.260991314561884
-0.046354366211212
-0.011997332312010
0.377568568408922
0.044066621242233
0.823549567617155
0.255045577082855
0.025791607101042
-0.492180178851183
-0.134810786752289
-0.660824001955724
-0.008592295157010
-0.289166423167852
0.182472724954591
0.886070646350446
0.153795110143384
0.097220938650618
-0.217706321568023
0.459962196872635
0.059291942179959
-0.692490723686957
-0.225064190833805
0.044829120953104
0.397002560186383
0.093466611841305
-0.565721580544370
-0.429198425522544
0.112364763657832
-0.038837712190062
0.171155075032020
-0.095297314262340
0.262893850023708
0.118171762322946
0.471456538924393
-0.016067187559699
0.270971659862815
0.249359650984566
0.767454210100286
-0.465234751473344
-0.048337781551070
0.496955717235086
-0.463479988093799
0.383214716847283
0.477004739833757
0.142079777984867
0.000841770127850
0.065334531687148
-0.202536073021678
0.194284429208353
-0.486129180293592
-0.018472061764017
0.121603062557725
-0.780443758273461
0.291013863663634
0.015669763717066
0.031768785932537
0.415025485620842
-0.166032948585742
-0.594205116420461
-0.100199217294047
0.163151858802300
0.703857827429388
0.441740723999623
-0.158772338412629
-0.305633766193443
-0.515468587947710
-0.363412841387713
-0.491040022549197
0.252938979472242
0.333628350302773
-0.182327775839005
0.151533139006511
0.041633477553203
-0.162838023768212
0.683891703347642
0.278016584544393
-0.438640036589794
-0.029190293063771
0.331890737097073
-0.541023561590378
0.421511403094402
0.437998393225581
0.296901796917072
0.482739415092229
-0.223708739480336
0.484658931090802
0.338773199715567
-0.191510976769539
0.527287543559177
-0.394511015627886
-0.397132769000678
-0.025120138191256
0.175161996265400
-0.495924035401798
-0.503888298919605
-0.067037597584508
-0.119509178934597
-0.307332238889688
-0.760746145882090
0.074407262857136
0.368499049300193
-0.064621900498098
0.410289914872339
0.072067371924616
-0.086797544292124
-0.070785581319079
-0.103239921311289
-0.013628450741029
-0.567492600227289
-0.583745979619617
0.602362221048714
-0.419439435661253
0.296578801963257
-0.380263406650069
0.366209719390114
0.482785389595401
0.280138961990069
-0.109472166666681
0.579198994770244
-0.289206201320554
0.574784784710596
0.118185495577272
0.621876072184001
0.071696514217997
0.259397028069135
0.166148819086714
0.268443070516743
-0.746431203826327
-0.359741312779522
-0.334000642184029
-0.603181189221063
0.519240647019611
-0.112009782898043
-0.280792308925433
-0.201807281339176
-0.411272307192732
-0.365941856595323
0.401454108159904
0.019415470096978
-0.349735317309578
0.217341730100396
-0.165023106238262
-0.663112897562096
-0.335518318199107
-0.472136141147371
0.303495889291839
-0.063494545736029
-0.167872842259886
-0.240800475903089
-0.122355102609431
0.354539065756866
0.166315397454494
-0.068757938469767
-0.498101154997367
-0.203867295107567
-0.076693306503179
0.665357433591160
-0.001520403099639
-0.315639345071699
-0.259135431513515
-0.538431243732131
-0.069558873019324
0.459264791127270
0.392513920665074
0.315102239576575
0.219626416844893
0.183439291566574
0.259826435834707
0.611932020871023
-0.151992910940622
0.407022236032316
-0.283726757186433
-0.701980072955259
0.200421250558005
-0.195309973048769
0.700996568252429
-0.240596958498908
0.160607386021618
0.380334765806187
0.132464404682973
-0.040477714822298
-0.285386933774654
