-0.614200822050266
0.108718738822665
-0.490763704965291
0.197256658155393
-0.259234662645023
-0.237880436595918
0.173047439415083
0.747641686378573
-0.378140229317265
0.354919031235890
0.195646413052336
-0.315764205261472
-0.018178187739643
0.311354092131051
-0.073829981104986
-0.086433170727522
-0.209273543386962
-0.064836455356629
-0.636009559409540
0.129178148882881
-0.766566052438741
-0.037732019312896
-0.053168803663999
0.037552398446692
-0.402129808146350
-0.137157439565851
0.759400807864714
0.068818162241722
-0.148039412843959
-0.052361103945739
-0.283144351710611
-0.013699527708533
-0.680534521848785
0.017093660252229
0.386589553067127
-0.460395737839263
-0.210246796989068
-0.149164235944389
0.480581481702759
-0.196681380741073
-0.314312630606316
-0.330716646444060
-0.002011215320455
0.072518280524758
-0.565010803209743
-0.363507125854815
0.307416685694794
-0.018855256661570
-0.294096404810985
-0.384317729222700
-0.240224412312807
0.556767324691256
-0.246586905989201
0.307639641126272
-0.823509658852584
0.056069511519885
-0.349546252619131
0.014783666227925
-0.231170070103478
-0.521769865531790
-0.260410171945366
0.442092264712413
-0.424963629851284
-0.097122403410255
-0.292322826270304
0.171821853453116
0.661870968583303
-0.390422552070509
-0.538506831128183
-0.218701528208672
-0.191251227354858
0.001674104916477
-0.466654922905512
0.219494158984595
0.477510534944845
0.245496796558225
-0.169578063009247
-0.530722243142485
0.387324592118125
-0.404831597136350
-0.098199098749596
0.715988256390208
0.416023629039084
-0.016576909436394
-0.068067493643523
-0.361189082190114
-0.287334629815432
0.454824014615940
-0.501254102836082
0.043316320894324
0.420040033500746
-0.036048972339515
-0.295202834489350
-0.309471806799401
-0.208523714770460
0.013050181899575
-0.207203193213407
0.354299270185997
0.466102889317735
0.453387738444325
-0.072432476292280
0.315656285860029
-0.007446107100057
0.445476875074013
-0.138149262653990
-0.182715159572275
0.116684987836546
-0.334481990094926
-0.223716265106604
0.478338105547356
0.047677627774991
0.024269335656654
-0.741014602898670
-0.261072197437058
0.202330500867217
0.408728317362692
-0.327360982202248
-0.543044948522443
0.337990894427557
0.288568674704754
-0.200403231123772
0.017238834239907
-0.132593997397109
0.377589961195063
-0.345238986356292
0.526924828813258
0.116856236108234
-0.258812796421330
-0.108267007947521
0.206139615275660
0.190942177560012
0.164505227610003
-0.566508745339868
-0.645429854059328
-0.408160473591790
0.014743364056369
-0.131762340583377
0.226764324426330
-0.098989992657370
0.155597093077118
-0.176556170197502
-0.684217997065657
-0.105715278357907
-0.099946581275045
-0.310113868415392
0.419989833972528
-0.188061753928622
0.577605114449295
-0.005306284868544
-0.258686262428378
0.248540576266047
0.071955773379253
-0.024133500389712
0.775755710326230
-0.402177684079301
-0.010905902253620
-0.011882229972449
0.241725099221848
-0.260611897321940
-0.007232364207520
-0.486339702231817
-0.320079227619221
0.019416133995596
0.397153147653043
-0.280137019974696
-0.033594253215348
0.104864709785930
-0.302213945484389
-0.278830751925005
-0.121751143389254
0.533123263699096
0.134276756349090
-0.674631147850418
-0.269352813880918
0.188013335352338
-0.064218130941889
-0.482018501130795
-0.271503103112167
0.430676600465324
-0.465320584371161
-0.266782663967166
0.241528436276379
-0.442770266984931
-0.614011858686305
-0.232893027581895
-0.387590112863547
0.435267499960491
-0.325129546646947
-0.564965154675725
0.021219168327429
-0.415503408802084
-0.558035389591510
-0.407548760416629
-0.093415331282716
0.284954802517665
-0.274147272483279
0.305023271900199
-0.242606050365129
0.048964458870115
-0.364694899556094
0.028954366900387
-0.620611458104605
-0.455024484672431
0.003698246756408
0.216587079023108
0.763200059570864
-0.006325219136486
-0.510276710781433
-0.194159959343386
0.563105546744722
0.387541450602177
-0.160721317080812
0.529033059415766
0.035174705773581
-0.076080130152840
0.346141955806805
0.028357473777901
-0.146969764123891
0.460724575877918
-0.058159565235888
-0.019248596874930
0.217572571520056
0.331899886443300
-0.858555984833116
-0.039660476790489
0.033413921932184
0.008830593472348
-0.415207695510108
-0.444997338445584
-0.321025717818865
-0.584984795098702
-0.143585639127626
-0.545166452121066
-0.048911568335571
-0.379772336812586
0.585444526975350
0.075349793329199
0.473125503717906
-0.447500523949947
0.154863713642528
-0.014840344896758
0.145118973200816
0.610482001376575
-0.064354792698032
0.148523974614062
0.047699672272762
0.030241005892916
-0.371472276824651
0.273614222747124
0.481811997289963
0.043623909342880
0.492955248998997
0.170217803544455
-0.714007804143125
0.083157315254011
-0.031902034217735
-0.162050636818789
0.202505770311034
-0.413246059814173
0.237655982133944
-0.469516160410410
0.542750638368500
-0.280382349870648
-0.178779913134918
-0.569185481629010
0.274211397922421
-0.208663020619604
0.055373726388235
0.187371917842127
0.450995927216830
0.108718924392030
-0.354037925930877
-0.085443248210435
0.197836580495782
0.158890397982273
0.482370480080184
0.545812783688266
0.089564930206265
-0.485861839997444
-0.182997241310167
-0.087225469603721
0.724736968891726
0.180094139922077
-0.062040363666751
0.190042740700581
-0.066405443106049
-0.006751577743665
0.856071568542815
0.590855777998059
0.106008078505898
0.209132276619721
-0.068131834258926
0.336958569936713
0.216531160149102
-0.479343402845118
-0.553545513772914
0.287123286305841
-0.344359075807640
-0.584630175698384
-0.528413632147278
-0.587089862558050
-0.221696713775436
-0.456834288068457
0.340235251395826
-0.351193485733011
0.020115070278531
0.222999738304754
-0.035662771392500
0.507908659581895
0.171064865524614
0.285870455911850
0.177400491038096
0.463233517049951
-0.297784896269860
0.677090937378612
0.194094686591365
0.374959360826103
-0.160674289380858
0.028995017862856
-0.596044765911887
0.061479197945793
-0.331767462947470
0.580842200833670
-0.656533948400048
-0.264552986266180
-0.059218034500629
0.030239796867526
-0.145829703726541
0.453502810715117
-0.554023842997180
-0.041134427576209
0.618795518473758
-0.002854413252079
0.520422731156197
-0.004329634879497
0.456773356876814
-0.191227055891847
-0.306309640073356
-0.222313115218735
-0.422642322469349
0.740623016583287
-0.487743807106950
-0.264786937976902
-0.097849951513381
-0.038390916338769
0.189480350399154
0.362229100863057
0.259168355751731
-0.111616946211210
-0.375149324356615
-0.798517032845800
-0.287458015904403
-0.179837224773790
-0.098705870656245
-0.491095367140447
-0.468675193696593
-0.464117453292222
0.592714480297167
-0.183629275216532
0.466507903111966
-0.144107143553035
0.413477558168797
-0.335178406603955
-0.548729701297210
-0.133174746486857
-0.594229650591142
-0.093887544470484
-0.230628774532306
0.109143370943455
0.227735438330064
0.362970138980538
0.310508650533862
-0.169871663780370
0.140867619650047
0.482100955114296
0.127724521528381
0.324876032617236
-0.467747130118633
0.033352136444763
0.418238621101273
0.346417921572996
-0.252560538739300
0.104268135460397
0.040663201391406
