-0.121080348716653
0.726766764664241
0.215116359162509
-0.094845638144338
-0.131265884528502
0.051053372853994
0.425089695925371
0.626379192122018
-0.197476856852664
-0.763188537247150
0.441435131304360
-0.344074992322590
-0.198427701014870
-0.072142543426194
-0.064614028148557
-0.121022607661493
0.001860706706059
-0.340562025227360
-0.651491114229124
0.143958396033008
-0.075167130936512
-0.711462962782148
-0.461272924152107
-0.261108939961072
-0.203095721792115
0.482698255013369
-0.138831232391315
0.794581201863378
-0.210478984517105
0.454488731615047
-0.087350091380097
0.536273356830177
-0.265055843598754
0.426776620809470
0.124018074500109
0.487376298644171
-0.487289403752484
-0.016122418597399
-0.440633277201692
-0.195290442973815
-0.397603528659920
-0.281027522364220
-0.395178761044709
-0.025030986551295
-0.053026044765451
0.294291870429892
-0.173556694101579
-0.002246746515782
-0.051992528455506
0.161560586096267
-0.242628623621965
-0.502141213305074
-0.154736526206657
0.401482813943193
0.251951548938308
-0.274884297862687
-0.505266116338382
0.157081744769340
-0.215869032456584
-0.306409644786343
-0.531533268267210
-0.473338183912037
0.189427545408949
-0.105416463613001
-0.170456375861053
0.641003329036417
-0.102460804207024
-0.265145094504151
-0.047820753594628
-0.070589664365163
0.696933275801072
-0.495949207320585
-0.429521554083159
-0.268049321678133
-0.537808005722210
0.074846127421655
-0.306862170933640
-0.042168860124605
0.039725918816459
-0.294652846647172
-0.415670517653095
-0.252097204240790
-0.726329421173558
-0.010420690669898
-0.621166352386513
0.497624940446779
0.183869898538133
-0.031785660808499
0.029411268635201
0.016294921689726
-0.396476924673865
-0.097017356836419
-0.091084641813812
0.338028882493350
0.174956403263390
-0.634506375833195
-0.410237290788223
0.419938118398823
0.281017612424769
0.037950413600117
-0.184400095426523
-0.573457178148157
-0.030734590490374
0.470423686896296
-0.530679184696941
-0.101606880898768
0.197546700950623
-0.454053812271229
-0.601994090458317
0.361359170449349
0.120665792620760
-0.082682979374189
-0.233192800923520
0.020059946977740
-0.076371138940055
0.245272420455654
-0.144767617637273
-0.404489218969927
-0.505373091359707
-0.038558632547248
-0.368418513219155
0.215863525502880
-0.455492136503808
0.341573781468567
-0.538956172033752
-0.610902696376856
-0.004199648453616
0.371030465820492
-0.118457683484174
0.508467894675890
0.138773103305401
0.083422616218315
-0.214813011781366
-0.106414426255520
-0.431492313960890
-0.309367624198839
-0.095182745374566
-0.155892336703840
-0.448348550157389
-0.193990620827876
-0.182851077099046
-0.256397470005326
0.460160322072259
-0.292865849061746
-0.295379820164245
-0.146367914250174
-0.022102492624138
0.620777956051355
-0.130706805321581
-0.216225132081667
-0.454590496022119
0.291896804507954
-0.121993427597633
-0.771639866576647
0.276741175949588
-0.014363724342411
-0.469666872032058
-0.066394671146036
-0.247142093958823
0.439517969292485
-0.098653642655221
0.198852405253290
-0.182096280775331
-0.728203354638321
-0.504879638825095
-0.449424712298187
0.530433052205468
0.378935814041514
-0.624407253894068
0.104424548383190
-0.112756030566242
-0.280756987548598
-0.219174091039321
0.497027099516544
-0.286366029049117
0.051486485881479
-0.623512500680942
0.383968018953097
0.091028825171485
-0.554620154344091
-0.245594534749265
-0.011943153924213
-0.178825608201824
0.109631676500055
-0.054010244592586
0.226612729491158
0.282320341198192
-0.757674862146597
-0.355617582188573
0.863109069958188
0.055570740148144
0.180771803147001
-0.270668553155567
0.240229436415400
-0.349298270223873
-0.091380200081292
0.486389490818288
0.228039717022382
0.056059758045682
-0.331902591266662
-0.038371743489891
-0.337198481596826
-0.525878200040591
-0.124046728317333
0.141901649328252
0.117065027500627
0.023551633046573
0.175779958942135
-0.434967641402270
0.485719845749273
0.705719996741640
-0.115927241304243
0.327347520728788
-0.016906681908417
0.491602761040187
-0.299556076808533
0.095314358052197
0.002587771187496
-0.421097312228959
0.144240410965570
0.064529641619317
0.015488167567465
0.265237890022784
0.019131875731146
0.402852782524632
-0.001113659136499
-0.539632975466125
-0.020593333062961
-0.484739543500263
-0.486037977757284
0.144155261516887
0.052008616051202
0.233355748907412
-0.406559522034202
0.163505175251940
-0.532459923070011
0.677807343318951
0.372486853282252
0.083428607785586
-0.031821047754547
0.835491015869314
-0.322139833397413
0.249718218971471
-0.127573746876458
-0.133567133527262
-0.005430662190572
0.364316228785812
-0.713851890168836
-0.588057827260452
-0.249879936820911
0.453192482270324
-0.249382798780575
-0.099755030323936
-0.682800623753088
-0.299506689525667
0.116932256480214
-0.582455519923202
0.012706691966549
0.279910386712011
-0.169299159232096
0.240128663578559
-0.009631867210522
-0.648868861980444
0.021768568358943
0.472206518163700
0.194683012182554
0.007421925724925
-0.010635395596874
-0.401956894099318
0.277323057653725
-0.107723765561995
-0.445802163778648
-0.462789331910907
-0.368654267940771
-0.126644889446910
-0.670477504170037
-0.366645179598825
-0.008926640135825
-0.043553534964828
0.315589477765865
0.050364712548229
-0.181031698611788
0.283203599655339
-0.464962315092999
0.511096743015604
-0.110489618714802
0.625954643805349
0.408676009586617
0.080254906449544
0.491864940098444
-0.091918795705712
0.432909857012808
0.100260778359877
-0.432810030500013
0.552861623396866
0.268166904694238
0.006379244777661
-0.475437478046024
-0.377904481122330
0.214492709070246
-0.216716114512319
0.191241585575366
-0.542614325978489
0.291370135890960
-0.407115169760247
-0.124106358016482
-0.117857462625169
0.539064398150128
0.044362894189183
-0.277432971282343
0.387653950976750
0.806235014981514
-0.329757408930790
-0.584777067815341
-0.127850832421699
-0.302476570775273
0.183300583785952
-0.509611460738195
0.434806489652968
0.105666335675041
-0.035129748971963
-0.242328537858233
0.367288881670746
0.061518732511465
0.088858198855104
-0.153096136847839
-0.438959901903246
-0.690790031854324
-0.214008303072638
-0.294246804870898
0.713438629901450
0.138787540319543
0.721222794590289
-0.255661772994890
-0.364696077787393
-0.097265359617568
0.207161174158740
0.099405481460171
-0.684235279793021
-0.286936880664884
0.487571777114024
0.455359922824485
0.008634504374938
0.245601206836703
-0.153830845651606
0.418142507454017
-0.618904072317706
0.250513120211376
-0.357457072036758
-0.037812947134205
-0.328805354522180
-0.274916689939130
0.375532819123130
0.145059448817678
0.186303514012272
-0.569186591337600
0.572799976494619
0.149435912270907
-0.171348664736478
-0.086572101058463
-0.193067551898087
-0.025487234747755
-0.221934012448792
0.176019940994173
-0.049887230932923
0.432685500561756
0.277129280452993
0.491087130967705
-0.159872341428007
0.523100348203866
-0.304962724843781
-0.477572000804751
-0.251797618075044
0.217502677988832
-0.027166155547699
-0.190954193175347
-0.674971379717710
0.099292481308418
0.438331396446043
0.487814728705397
0.051565873947221
-0.261787303839630
-0.463577086149825
0.076539178972358
0.087824433440367
-0.266683686664842
-0.088649800934652
0.078231768308072
-0.843161630901181
-0.098026206075318
-0.006621661254704
-0.134514721739635
