0.500000000000000
0.500000000000000
0.500000000000000
0.500000000000000
-0.111260466978157
-0.450484433951210
-0.111260466978157
0.311744900929367
-0.450484433951210
0.311744900929367
-0.450484433951210
-0.111260466978157
0.311744900929367
-0.111260466978157
0.311744900929367
-0.450484433951210
0.311744900929367
-0.111260466978157
0.311744900929367
-0.450484433951210
-0.450484433951210
0.311744900929367
-0.450484433951210
-0.111260466978157
-0.111260466978157
-0.450484433951210
-0.111260466978157
0.311744900929367
0.000000000000000
0.000000000000000
0.000000000000000
0.000000000000000
0.487463956090912
-0.216941869558779
-0.487463956090912
-0.390915741234015
-0.216941869558779
0.390915741234015
0.216941869558779
-0.487463956090912
-0.390915741234015
-0.487463956090912
0.390915741234015
-0.216941869558779
0.390915741234015
0.487463956090912
-0.390915741234015
0.216941869558779
0.216941869558779
-0.390915741234015
-0.216941869558779
0.487463956090912
-0.487463956090912
0.216941869558779
0.487463956090912
0.390915741234015
