0.324733217133726
0.000000000000000
0.633906517598105
-0.105501900369344
-0.324733217133726
-0.000000000000000
-0.000526988464340
-0.608620018572714
0.050681483415357
-0.000000000000000
0.093626123986623
-0.276845561008939
-0.050681483415357
0.000000000000000
-0.255269376238357
0.215383652570861
0.050681483415357
-0.000000000000000
-0.348895500224980
0.492229213579800
0.324733217133727
0.000000000000000
-0.634433506062445
-0.503118118203370
-0.822155201155109
-0.000000000000000
-0.000000000000000
0.000000000000000
0.000000000000000
1.000000000000000
-0.000000000000000
0.000000000000000
-0.291589657165974
0.377964473009227
-0.432958019226144
-0.257382781513337
0.291589657165975
-0.377964473009227
-0.408612771414369
-0.359560377376934
-0.433483076618926
-0.377964473009227
-0.227954493308738
0.727526013214587
0.433483076618926
0.377964473009227
-0.646445738212489
0.370434882231265
-0.433483076618925
-0.377964473009227
-0.418491244903752
-0.357091130983322
-0.291589657165975
0.377964473009227
0.024345247811774
-0.102177595863598
-0.425680258358853
0.377964473009227
-0.000000000000000
0.000000000000000
0.000000000000000
0.000000000000000
0.000000000000000
0.000000000000000
