-0.297423258848979
-0.490043684414758
-0.050442710154520
0.000108889480912
0.368896098652918
-0.475031152431240
-0.113379722984901
0.555267132980415
0.314191712894503
-0.305605899526929
0.330917711080392
-0.000365166834434
-0.588247165964183
0.115764905713432
-0.208444346473739
0.135957254540764
0.368467853941065
-0.475009332502812
-0.113379022721278
-0.555562211048734
-0.611574439705793
-0.478443983130146
0.289149443348595
0.559874937485687
-0.588388264591910
0.115447141092640
-0.208196636390487
-0.135389720180108
0.199791612101656
0.305921298785897
-0.418435861696356
-0.000009492409329
-0.611924100133260
-0.478463044899817
0.289235421652320
-0.559432603937672
-0.114166226375354
-0.305884899787720
-0.749835037112267
-0.000177629173712
-0.488043296115814
-0.058373369020425
-0.265978974219062
0.068891205861664
-0.050267116168918
0.489807289272543
-0.675236204332836
-0.000204046516950
0.168195259669207
-0.464114180384442
-0.200353529278127
-0.542952284457691
-0.488113390683416
-0.058736409083227
-0.265793120232139
-0.068867777875570
0.000150811067409
0.000614271476234
-0.000299328650843
-0.000473096858198
0.168459799417267
-0.464173632153087
-0.200419312691108
0.542946798741668
0.247611670827537
-0.489301813005176
-0.625043271551800
0.000072020546768
0.000076392043431
0.000146194073418
-0.000114247307510
-0.000050926585481
