0.577350269189626
0.816496580927726
0.000000000000000
0.000000000000000
0.000000000000000
-0.577350269189626
0.816496580927726
0.000000000000000
0.000000000000000
0.000000000000000
0.577350269189626
0.000000000000000
0.816496580927726
0.000000000000000
0.000000000000000
-0.577350269189626
0.000000000000000
0.816496580927726
0.000000000000000
0.000000000000000
0.577350269189626
0.000000000000000
0.000000000000000
0.816496580927726
0.000000000000000
-0.577350269189626
0.000000000000000
0.000000000000000
0.816496580927726
0.000000000000000
0.000000000000000
0.408248290463863
0.408248290463863
0.408248290463863
0.707106781186547
0.000000000000000
-0.408248290463863
0.408248290463863
-0.408248290463863
0.707106781186547
0.000000000000000
0.408248290463863
-0.408248290463863
-0.408248290463863
0.707106781186547
0.000000000000000
-0.408248290463863
-0.408248290463863
0.408248290463863
0.707106781186547
0.000000000000000
0.000000000000000
0.000000000000000
0.000000000000000
0.000000000000000
0.000000000000000
0.000000000000000
0.000000000000000
0.000000000000000
0.000000000000000
0.000000000000000
0.000000000000000
0.000000000000000
0.000000000000000
0.000000000000000
0.000000000000000
0.000000000000000
0.000000000000000
0.000000000000000
0.000000000000000
0.000000000000000
0.000000000000000
0.000000000000000
0.000000000000000
0.000000000000000
0.000000000000000
0.000000000000000
0.000000000000000
0.000000000000000
0.000000000000000
0.000000000000000
0.000000000000000
0.000000000000000
0.000000000000000
0.000000000000000
0.000000000000000
0.000000000000000
0.000000000000000
0.000000000000000
0.000000000000000
0.000000000000000
0.000000000000000
0.000000000000000
0.000000000000000
0.000000000000000
0.000000000000000
0.000000000000000
0.000000000000000
0.000000000000000
0.000000000000000
