0.447213595499958
0.447213595499958
0.447213595499958
0.447213595499958
0.447213595499958
0.447213595499958
0.185779241589235
-0.063645130517191
-0.292862623379412
-0.063645130517191
0.447213595499958
-0.292862623379412
-0.429098302587086
-0.063645130517191
-0.429098302587086
0.447213595499958
-0.429098302587086
0.185779241589235
0.376220017144474
0.185779241589235
0.447213595499958
-0.063645130517191
0.376220017144474
-0.429098302587086
0.376220017144474
0.447213595499958
0.376220017144474
-0.292862623379412
0.185779241589235
-0.292862623379412
0.447213595499958
0.376220017144474
-0.292862623379412
0.185779241589235
-0.292862623379412
0.447213595499958
-0.063645130517191
0.376220017144474
-0.429098302587086
0.376220017144474
0.447213595499958
-0.429098302587086
0.185779241589235
0.376220017144474
0.185779241589235
0.447213595499958
-0.292862623379412
-0.429098302587086
-0.063645130517191
-0.429098302587086
0.447213595499958
0.185779241589235
-0.063645130517191
-0.292862623379412
-0.063645130517191
0.000000000000000
0.000000000000000
0.000000000000000
0.000000000000000
0.000000000000000
0.000000000000000
-0.406799795224295
-0.442661605926525
-0.337981484444531
0.442661605926525
0.000000000000000
-0.337981484444531
0.125994629714452
0.442661605926525
-0.125994629714452
0.000000000000000
0.125994629714452
0.406799795224295
-0.241781923848354
-0.406799795224295
0.000000000000000
0.442661605926525
-0.241781923848354
-0.125994629714452
0.241781923848354
0.000000000000000
0.241781923848354
-0.337981484444531
0.406799795224295
0.337981484444531
0.000000000000000
-0.241781923848354
0.337981484444531
-0.406799795224295
-0.337981484444531
0.000000000000000
-0.442661605926525
0.241781923848354
0.125994629714452
-0.241781923848354
0.000000000000000
-0.125994629714452
-0.406799795224295
0.241781923848354
0.406799795224295
0.000000000000000
0.337981484444531
-0.125994629714452
-0.442661605926525
0.125994629714452
0.000000000000000
0.406799795224295
0.442661605926525
0.337981484444531
-0.442661605926525
