-0.128993565738505
0.509194923083715
-0.177518151968120
-0.002546992048763
-0.617253900707337
-0.204860213268858
-0.456168410166289
0.490894236014113
-0.300074201545301
-0.038115896440269
0.008527449930829
0.292704569452226
-0.133602895775091
0.442868267246330
0.195295010270896
-0.129936574538128
-0.663545272324188
-0.450733058512975
-0.087245142913889
-0.245854811802204
-0.202881151396416
-0.556046981421129
0.139728790202427
0.221642748705333
0.180360337524666
-0.278949944471111
-0.239318162098220
-0.472731763224228
-0.523859110566319
0.175637039547925
0.357638472246737
-0.075655007303576
-0.101884143276575
-0.305183569994319
-0.170561900794086
0.347332165226306
-0.091764827690359
0.853615724601186
-0.064150263587782
-0.018702232376689
-0.102838879365211
-0.152719688428217
-0.164638207059467
0.009610852478989
-0.679575032186050
0.145227218321148
-0.261950169149349
0.471523698609276
-0.392866582802163
-0.043535611896451
0.249148522033287
0.357808178496875
0.052113510482752
-0.452912965290718
-0.176180541728253
0.181318096355404
-0.101859637248916
0.320975465769319
0.014760477125561
-0.266306775798839
0.207855571328617
-0.027954462693088
0.089873328764107
0.490620686404772
-0.137070665171302
-0.080490102962860
-0.456412245239675
-0.066596772402289
-0.188828336140886
-0.403219680491409
-0.074532715622702
0.241622368191862
-0.074647564681447
-0.535435611146418
-0.553108573052480
-0.146665600978139
-0.355178039656868
-0.031396488198823
-0.288917984217011
0.198710808082194
0.732379011317560
0.003513810860995
-0.017089831950938
-0.073225014018199
0.080163398905511
0.382055054907486
-0.257763856181199
-0.136334944557918
0.260929871663870
-0.192566359616664
-0.175806069560702
0.164439465236397
-0.263798127804388
-0.310219866535587
0.714134694117764
0.298160647187341
-0.110676855765301
0.095228140468394
0.070718812083228
0.150319863107661
-0.426318898144085
0.472858508597382
0.187123201348468
-0.155291249689910
-0.112281310985473
-0.618477201302083
0.132617822960573
0.329937845231268
-0.022494391805795
0.149166180247020
0.530263870982684
-0.014814775385857
-0.533851768476190
0.045989821974604
0.050007410578478
-0.326036963375848
-0.266667727439884
-0.047389133357722
0.701579858937744
-0.332737336819294
