0.303039764080626
0.157342407660510
-0.345315902816671
-0.425869982709024
0.115967626088833
-0.059178071356385
0.332515969080209
-0.002955131601619
0.122228371880616
0.331464173266719
-0.401776398625285
-0.305677916751056
0.557350119193925
-0.194447710675444
0.422770639150488
0.402507209287692
-0.259345285754018
0.250751048588894
-0.203664503639676
0.193985531083338
0.335316917706059
0.040815755593366
-0.070085876266751
0.341035230281710
-0.394883292180237
-0.062314162206943
0.157780266538194
0.259091189546123
0.215056401327659
-0.583340325312581
-0.264710241453891
0.028659485393536
0.122931421055458
0.082463123391245
0.269326325713703
0.206933184218169
-0.169643131315680
-0.508923324662297
-0.024452684919941
0.433538436503283
-0.435202769153151
0.056046157912553
-0.145676886799070
0.422170955090483
0.045623911315101
0.185903021422504
-0.005096318825359
0.399864345507502
-0.182982457366263
-0.026039645531139
-0.067993915406411
-0.213383085683042
-0.195421963698475
-0.268878848764932
-0.511256692061970
0.465047065382185
-0.478315096139914
0.478593760379260
0.000872331282431
-0.562898609031442
-0.273332233581653
0.566802215422092
-0.142729597904299
-0.347250381072517
-0.180065644505381
0.437072469847641
-0.018847452742463
-0.281250597184794
0.700418899215086
0.006162560698082
0.355900272451229
0.009391619040378
0.158802904689740
-0.164823051656356
-0.197013828205141
-0.172325994723082
-0.446633453958772
-0.385463685091398
-0.274029477014513
-0.419392616885610
0.258728137459780
0.620356192418538
0.307640648295906
-0.180299517361501
-0.172667388284015
-0.542593570320588
-0.375229644022587
-0.208482213486729
-0.014513410609538
-0.196668138133660
-0.200657531866566
0.754734211685713
-0.131607318427375
0.263605686694760
-0.371433078140202
-0.478003479964193
-0.164433964613700
0.250983747954203
0.175737828317372
-0.362547822418790
0.221869241573596
0.235556091987402
0.091795287224208
-0.701764031033992
-0.017720132985700
-0.164664597425848
0.159962779341461
0.772743762658534
0.269988015395388
0.220528875443144
0.583382142721224
-0.169044616286495
-0.096283396079113
0.424037353471191
0.141373708956738
-0.021799451086024
0.047055095711943
0.038689269290153
0.062096398659718
-0.031560781262486
