-0.375692837644252
-0.283776386699523
-0.461190311673831
-0.438427917697634
-0.048350646291729
-0.238108138645134
-0.499318151353585
0.653662164851248
0.313197227281429
0.123062718176482
-0.177285219371104
-0.197132979719035
-0.764891074749414
0.287631963546228
-0.073315347657786
-0.264995683672974
-0.491760372430227
0.047267558040826
-0.387492617681669
-0.382396005791994
-0.040155482809546
0.160679708378239
-0.027029219049579
-0.507307274023409
0.479683974552522
-0.206520601150031
-0.510265380071408
-0.320096842880677
0.410912858390850
0.291571484625961
-0.292336980680362
0.370015796433949
0.019689286076705
0.308156271615064
-0.108212164564129
-0.212832789367338
0.836597479693523
0.066809330513823
-0.010666586321294
-0.078740510166790
-0.326135804721712
-0.253680071807847
0.588092893131652
-0.287934589743755
-0.226156608918564
-0.407804506449498
-0.359468250708146
0.097324968593327
-0.130763647698336
0.197990324458730
-0.041654985424775
-0.616996033608184
0.099194836042233
-0.132841007577169
0.386808838611097
-0.284287626216758
0.137540846296516
-0.051342388352129
-0.184362719190974
0.431892069661427
-0.067791034298433
-0.313536174321011
-0.011355549947878
0.014062412815590
-0.115309232730215
-0.359972564906679
0.371674928368898
0.055585435192386
-0.659679067426468
-0.214196811192154
-0.481822843805460
-0.139415388170128
0.304879349383023
-0.160527203381802
-0.027608377751145
0.028461878628172
0.179444576453696
0.081021269299880
-0.203960329347042
-0.268886667427005
-0.155864357524718
0.144509589641472
0.085087580310459
0.396753677442579
-0.216131441674835
0.083538803351488
-0.312816262019363
-0.367166448614354
-0.370867175623218
-0.110232297006757
-0.529245264703469
0.136261555123183
0.024388982802103
0.249212218753570
0.350731079375620
0.018266730652577
-0.044718028289746
-0.361589904037372
-0.381712793072685
-0.248732579171179
-0.441354337804967
0.086567759562151
-0.613877372235021
0.079073062058832
-0.291862923397395
0.453874832631659
-0.115311442927492
0.036151631661266
-0.077131465162049
-0.132190143866819
-0.543669676075985
-0.038374447838833
-0.045187696823343
0.079864418732363
0.209537345383880
0.097089274180699
0.234156776651995
0.062947807890505
-0.569690420996176
0.495924677845295
0.492257820781976
-0.148376832146302
-0.143780958363887
0.326808644290030
-0.220596985184033
0.236521767775732
-0.181345079484539
0.534688272283321
-0.324867012507933
-0.443675488906356
-0.444901664111073
0.030195251425111
0.066595803058111
0.029045268168349
-0.824226092412691
-0.209999971869564
-0.168587707457204
-0.171942161279826
0.103055048425446
-0.368001033263456
