-0.502297593610175
0.274320820137029
0.355674983003678
-0.464363880959668
-0.434471183745123
0.299024235925624
-0.150607117469002
-0.488409152345390
-0.058334293020376
-0.144651872338798
-0.011772022034099
0.030804865288453
-0.123724405735825
0.240766489056722
-0.725385841385957
0.179714958281000
-0.064242122708563
-0.010390535554272
0.334366335227211
-0.398310505075928
0.098688577016845
-0.222326967248222
0.377660750801029
-0.428938415929259
-0.255042164246150
-0.183433837742166
-0.240998468741457
0.367207260802362
0.369862561918433
0.444889881863260
-0.105552622388030
-0.249495306193285
-0.478411271617401
-0.299903954900191
-0.029528016211705
0.100931384169553
-0.324715240134520
-0.368207092014749
0.314137580650865
-0.566182028130008
-0.057033094558201
0.519620066127571
-0.153730117335788
0.094718834936782
0.274599591414735
0.208215568175881
-0.100114018901400
-0.289512859967897
-0.502515097884776
0.351993222003806
-0.540440024780875
-0.053351004812301
0.190635359999323
-0.144679191845873
-0.214099252975833
0.427364839609220
0.069729851572635
-0.005364542193783
-0.491225142053506
0.199791334247815
-0.252344888859972
-0.047978848182723
0.677857328221452
-0.206064056921807
0.125528180234213
0.258291265622851
-0.337590072876980
0.087152929878272
-0.052125501480126
0.165767966685571
0.063286010065753
0.205773458361375
-0.304551302693636
-0.049416508144497
0.000419079547370
0.561336963429910
0.363466947041665
0.107654995433372
0.306970147845302
-0.268335183444696
-0.041172214113241
0.463900906488061
-0.226012056392831
0.195018334487209
0.305677652740072
-0.318827407414681
-0.528575214495400
-0.380194970925313
0.220031186109899
0.344979425108632
-0.587525190169803
0.085698645310000
-0.173086548304724
0.301526186448846
0.275248742578923
0.135035867567847
0.343172890589923
-0.326897809129074
-0.112960952661797
-0.427879186629841
-0.266719054851339
-0.294770885014064
0.005002288834998
-0.584129712589003
-0.328112225438355
-0.050725078524630
-0.368365474175251
0.362022094742046
0.049019807465483
-0.240463724059150
0.135061721868551
-0.145849521208811
0.545606142755504
0.525296490207252
-0.074809448214535
-0.316622828013037
-0.409077500280313
-0.375192664027330
0.078173708549140
0.268160459539122
-0.088004559197811
-0.501946361073884
0.048107347317525
0.561616012655955
-0.156665364289277
0.507253052145199
0.106606367808674
0.287719297947467
-0.020497002225674
0.423528567922975
0.600702828070638
-0.202525570490172
0.100958969275145
-0.051340432496716
0.040258692742239
-0.233669375667121
0.814742598144955
0.036985783095013
0.233552687973083
-0.084883216012434
