-0.098783930091944
0.079097244945384
-0.069537441693880
0.388100255872317
0.249234731357091
-0.545196352359454
-0.362180300334684
0.214390796260163
-0.324467772124123
-0.339684994375458
-0.101647396509189
0.505063342998665
0.038869290440790
0.156187260743408
-0.086868825582471
-0.489577534330459
0.010869029727278
-0.194385357819667
-0.128545229921388
0.313390809033885
-0.070803882365210
0.038431979993768
-0.247885634743153
0.680030498178692
-0.302562899063517
-0.182410230862333
0.340016047814145
-0.461667464221461
-0.243625167366684
0.382700222185503
-0.468052561934949
-0.144268509106465
0.534933163793249
0.153779035250901
0.218694626149461
-0.060771238809630
-0.558656651560070
0.258641217592536
-0.513745838917084
0.159668374718599
-0.404919786232910
-0.138619285669886
0.153114485495760
0.353320581304821
-0.107568954574723
-0.079617203628938
-0.829294449206390
-0.433024846863641
0.196944242337607
0.097465095581942
-0.083304083791196
0.150549127747765
0.668391487132219
0.068519215028474
0.594526933429270
-0.273653957521395
0.311111501135799
0.015828067700575
0.230328170003982
-0.747848815185276
-0.429940319200395
-0.328421737077359
0.135048145483625
0.254906260378554
0.073437825314163
-0.394170314271748
-0.016026562396247
-0.109291505336691
-0.419104499327108
0.266006440270638
-0.282558711853423
0.259245450453381
-0.004125060060351
-0.025485855952155
0.037367006906907
-0.149060914653434
-0.049423989446723
-0.316727752157279
0.519979402768351
0.609141371093303
-0.177884492603159
0.015212428684901
-0.496571312954219
-0.116303795665693
0.113902462312323
-0.429446579867526
-0.086161170456870
0.372484688612161
0.604964499264491
-0.067471108266364
-0.328541780723824
-0.553679291817011
-0.067720491856853
-0.386301854585476
0.198385260724884
0.312100214808496
0.318957385292839
-0.145210622870761
-0.228038622225105
0.325343853428467
-0.022711943241719
-0.372571431536788
-0.257897628527337
0.465259823851751
-0.099311986667642
-0.047079678447508
0.185682772578019
0.373329058338547
0.008647972224279
-0.475752681813360
-0.209223214604480
0.334152131618083
0.196062905210495
0.118475983080916
0.346375986339521
-0.625327079583372
0.394573322839769
0.069270657790550
0.002488650970698
0.324726685930620
-0.085413417859897
-0.002046752674273
-0.176764523544294
0.109380709492667
0.140090479383102
-0.289660541996410
-0.174546155653300
-0.163546852344649
0.038121653052341
0.151395603965443
-0.251466219312026
0.151342485634291
0.162078943884237
-0.211521782028137
-0.242059591132704
0.353236775448599
0.097309698401747
0.415463980108244
0.310204144908323
0.464327298311529
-0.455151391926240
0.388270133575224
-0.094930582921452
-0.281298842530767
-0.374116200267186
0.299938435722993
-0.389214756927912
0.757036973423257
-0.190194587477201
0.012624584182628
