0.525845055100914
-0.339151050892285
-0.296824193389807
0.149042671205880
-0.575705741878850
0.125664028534201
0.103107232366669
0.074123040082092
0.037217718232687
0.418051249044771
0.431402504217447
-0.495971011492098
0.244468529823813
0.364822146258366
0.130218546940038
0.701772626005316
0.096391112214018
0.087597286257137
-0.232527363184765
0.299008740793093
0.072590904396070
-0.261948177849312
0.030215947048128
0.811849517465751
0.123975105787805
-0.526004451228327
-0.080928988662632
-0.205386613418091
0.245040210882972
-0.363783201330091
-0.456527529371932
0.487929214620955
0.375579281006368
-0.113996937981986
-0.497544642291222
-0.064354398634128
0.259334808708817
-0.456095617772785
-0.041069265920135
0.301954731539329
-0.129954461133080
-0.390137820278243
-0.067094711658093
0.040843441458914
0.158752482017106
-0.077399037928282
-0.496143184666528
-0.203545242155546
0.334961835370663
0.206383806435597
0.441968805122226
0.227605058696115
-0.385495747273804
0.052792148641531
-0.229143789529820
0.262487537969308
-0.052463240842451
0.154818263098881
-0.174622061809051
-0.001561497855792
-0.333567700199796
-0.530348242130061
-0.070792520272053
-0.459529207722070
-0.436861033813791
-0.001124282179440
0.749763563116612
-0.221665725020433
0.442599753789089
-0.290944349825319
-0.041260482012555
-0.182121043710992
-0.279356580637227
0.369961419372825
-0.292740291709440
0.484195410210192
0.309450104229227
0.654523415048650
0.318069416358360
-0.373026222398348
-0.225287333427644
-0.276515936621073
-0.155624592463490
-0.123568569526346
0.002114447450998
-0.120095380595185
0.205293246457858
-0.789530792925818
-0.009556004896540
-0.334533723901980
0.361427015741890
0.219114595812848
-0.039681802809946
-0.237349508732752
-0.348622397582581
-0.106207835928177
0.105040327633766
0.027268499308979
0.333980048974632
-0.460950788703290
-0.247584378756460
-0.017420937296463
0.001729452028948
-0.349710953950222
0.258513031436128
0.485043431859458
0.009026170243406
-0.181609404773114
0.365945417897502
-0.282765990298783
0.222815484348554
-0.194844263235304
0.215520749809872
-0.008751296801101
-0.133285863489754
0.464873835681742
-0.017650259994161
-0.458089764196717
0.394444929374239
0.214161532877609
-0.455196433740292
-0.070642299157447
0.513096035053719
0.565150873690255
-0.068373260051242
-0.297848836562188
-0.479024744224665
-0.217134203394510
0.063134666582113
-0.426983692299465
-0.210395268250420
0.436786195995831
0.398852850897700
0.355125672465209
0.169447526752506
-0.480886774041486
0.250498195154164
-0.311790323829229
0.535631461917253
0.442457002638105
-0.044745746922653
-0.322989978414667
-0.065346418060082
0.231798485288387
0.190030773173006
0.058290759577480
-0.206042505572682
-0.192868654551072
0.067798376249087
0.143276727101256
-0.034178015428692
0.475957922690692
-0.607309455003818
-0.064180576370782
0.252731215465958
-0.030703204815046
0.001733505609850
0.003877347557564
0.010247288073820
0.003476793503202
