-0.107499501490438
0.132047108836212
-0.513770576205939
-0.547511936625209
-0.072640322904391
0.793762890415299
-0.033931972605086
-0.381942318063925
-0.018885937246141
-0.139003093319945
-0.433765626258748
0.116976011245139
-0.188356809437033
0.122269475652415
0.027652656181507
0.250381727133498
0.249549722897687
-0.469888562403732
-0.151602301688700
0.226029158897124
0.001823341036286
-0.101507982594121
-0.707322527836802
0.425956019124750
0.127189986344557
0.422796636405622
-0.217222936641374
0.190814606556188
0.192053139454948
-0.573693630160787
-0.006250978885258
-0.242256541733291
0.210317226183234
0.553675649007084
0.562545180634688
-0.249367637482729
0.741923918396151
-0.119422580483322
-0.243704218712735
0.202267921019632
0.331762072567204
0.178730191860852
0.249122901155041
0.035399988683626
0.198519339033456
0.426239576741943
-0.021856776954227
-0.045369044530642
0.164089543865221
-0.461803686982128
0.270093851950151
0.691633662291654
0.115489863409368
0.520557875952527
0.017436638413755
0.171690972180125
-0.458489176118879
-0.624859153498065
0.149814871823196
-0.365225332671288
-0.154616020299466
0.035378310642578
0.336843013108444
-0.387839995086028
-0.558024961662196
-0.194139234139567
0.052062101175887
-0.127055589771860
0.411417649427628
-0.163466907251672
-0.167740626706339
-0.184076309544675
0.534958309082167
0.278326176493544
-0.054872466233987
0.192221226325298
-0.104811483365819
0.148294438212664
-0.349991433422928
0.264320065014028
-0.177429760913354
0.314122736514858
0.118186563781906
-0.156571040010234
0.059873964373442
0.036326619984921
0.137680151760906
0.605574579339441
0.046765980525505
-0.113217491618977
0.126066776135491
0.238902712709527
-0.231548735992784
-0.076140961279931
-0.266178550636221
0.508101592791401
0.336146701907401
0.421177449276888
0.019468161438628
0.445016770075530
-0.393001312192835
-0.375914087606438
-0.425141760074089
0.130805279885942
0.294192550621579
0.067347203138898
0.313909708165078
-0.202292914994292
0.358760832210405
-0.138076481779675
-0.242937592189344
-0.149512846621311
-0.096768321465919
-0.501888603083102
0.170320736719372
0.167424517493768
0.451103695449937
0.070730038134161
0.193029149653173
-0.015396397155377
0.005450151203940
-0.188009632083766
0.078610197083883
-0.311049797740505
0.366728788346790
-0.211924038141822
-0.225209379406474
0.242929229260105
0.014676834658091
0.774856797256652
-0.160759985820271
-0.213460041846814
-0.210339223740052
0.668271331273897
0.115575113453908
-0.334970417182658
-0.226693068805973
0.012231967370159
0.017268595023472
0.005194994326115
0.169408302594142
-0.417867242532694
-0.091367221130841
-0.041790415360486
-0.024905240738125
-0.257304464085693
0.389801535074853
-0.012449413276746
0.351076795774078
0.240845589308514
0.252732634290219
-0.623427963800891
0.471164782031883
0.105142078269847
0.248763223840149
-0.586960521486699
0.140222290394980
0.087266827989064
-0.342515671112638
-0.286713664055003
-0.542991338973449
0.100783680483291
0.099021604816843
0.643893383466048
-0.091182786300899
-0.359602607772003
-0.334012608118249
0.323257765508149
0.068642106304402
-0.691152921350108
