0.499633520794087
0.246520734918690
0.189143403020648
-0.346896630135152
0.267504004987651
0.585318593559699
-0.119634976230652
0.065267441617464
-0.273837433247079
-0.117500871343327
-0.011853335626816
-0.227502797657862
0.477301167555408
0.245158642581191
-0.013953912073666
-0.217796903357527
-0.315879008940191
-0.065181074467883
0.410846213549503
0.259577546949285
-0.480251289049133
-0.058297501032351
-0.171052376929043
0.229730318301641
-0.623879831769539
0.188284410279532
0.082167097624173
-0.306668519874721
0.378300156982933
-0.500224683168108
-0.485403022299080
-0.202424565531185
0.047169649938263
0.307899451416629
0.348782799514358
0.215044008678748
0.105874855956141
-0.325035791788035
0.453204326805301
-0.189908536491464
0.199315665014093
0.582705900732075
0.095774237995182
0.596588757847002
0.123147093727169
0.161591430551195
-0.323106677295454
-0.362082855645251
-0.171089736578284
-0.590873791493761
-0.148688840606206
-0.223037097479380
0.067410300601425
-0.040692733529794
-0.687196272392600
-0.637489126236474
-0.092691970179456
0.009537374493135
-0.140587992879853
0.461398292140348
-0.096324524951896
-0.002705628719151
-0.504158414466684
-0.216659363361229
-0.225493380589657
0.160913740317005
-0.282277435912895
0.214494722843002
-0.736652409759378
0.226900827454712
0.087102080914800
0.234393800190047
-0.031146085414599
-0.051613734003810
0.368043036515897
0.086036076132192
0.072928176074275
-0.116961657985723
0.174401138895330
0.281094687463993
0.341771269570435
0.530419887056292
0.714311834084376
-0.102443874445466
-0.243635139727884
0.033368511874410
-0.417244934191816
0.430291791003968
0.075107040044328
0.309716152309171
-0.261876800511848
0.393917836691155
0.371931282801336
0.433017360906562
0.021183679189783
0.271000302279738
0.130895087728939
-0.692893863657757
-0.237128116078890
0.181883923674476
-0.290937036496017
-0.635822398027685
0.298339993819409
-0.170097632829496
0.074208061669546
-0.280197518296399
-0.287825697089596
0.007352905636036
0.357761534246605
0.072783649804348
0.382959664982849
-0.326836116369300
-0.453745419053774
0.035009372464192
0.099124729345635
0.310709881037510
-0.328473071318787
-0.034232235754561
0.539251108580959
-0.091284823990124
-0.633176978401851
0.044032704757910
-0.374589117233641
-0.216659311358515
-0.072997809435428
0.331118799202018
0.214405765280091
-0.191689385879447
-0.164855318769087
0.144704711153270
-0.242013628359796
0.338438450899588
-0.332383150167013
0.168975522709615
0.218724227559569
0.510213686545454
0.001984638749007
0.302280595638258
0.065603237842403
-0.306117673131552
0.043972567140448
0.410615492285089
-0.318845938326593
-0.064372375140857
0.275547235725896
0.482844873803543
-0.098178045765015
0.075343067402876
0.588969637506193
0.208350909832839
0.051129365884057
0.017178926187950
-0.369946385740526
0.041103244767328
0.335884415099372
0.519725841685334
-0.370616893269351
-0.398022524272072
0.178409317140926
0.447950214496779
-0.301259929784029
0.859026352569655
-0.083460809769866
-0.138007599051724
-0.097332630011476
-0.021405424029257
-0.076326509062713
-0.041469733132533
-0.096155150415279
-0.067107658249659
