0.151030426131900
-0.629901440230139
0.165317897890907
-0.402859386627600
0.217316955593691
0.431497999636845
-0.266204352725244
0.389292234345356
-0.449965964065014
-0.304191974379813
0.327754400210050
-0.263881931476939
-0.577518160062318
-0.175879213300404
0.376704145693190
0.394165930832717
0.271070676395178
0.325199460379070
-0.201849874626757
0.247982661087882
0.692737057248338
-0.263493652156533
0.021614585956464
-0.043748887008035
-0.361903227157063
-0.237609175033279
-0.395704832865300
0.400656214340286
-0.162801045289705
-0.245896892544416
0.151604541025148
-0.210442412691556
0.137660685031013
-0.578274349033786
-0.001802630014197
0.253187249466334
-0.105263639232611
-0.050849347430194
0.144753578843833
-0.003111285282508
0.191942389768732
-0.156229748861159
0.777475394550565
-0.357748598820001
0.339020895063583
-0.339900075656357
-0.269945085052794
0.029355193932844
0.144136853227081
-0.141667940102025
0.182861876690569
-0.631085348447696
-0.402714902283810
0.255709670713430
-0.179922786298014
-0.344380265605763
-0.288021911637285
0.391123944444795
-0.138195249599847
0.442753569371898
-0.121390413487604
-0.338942542249619
-0.350620929961754
-0.529264325168246
-0.238651144573344
-0.325934492757345
-0.334105276364195
0.267958934446888
-0.223400060514975
-0.031989548347356
0.167736594687694
-0.437535034769928
-0.213155513727487
-0.039318138112204
-0.211142635656803
-0.218059087227177
0.101197842334971
0.059619557226541
-0.377455145892446
0.409131261707203
-0.587364305599138
-0.522716055626384
-0.218277860837337
-0.094918267715239
0.356156398993135
0.572790648054069
-0.539844991198716
0.233876335402765
0.391718430948498
0.415134664384074
0.095698030165938
-0.198027065342338
-0.371891388147936
-0.361754214216752
0.161305568301129
-0.339164381397302
0.066400891256243
0.215945257856180
-0.348799244018924
-0.093055500089497
-0.056590141297834
-0.482295291417126
0.141180883212173
-0.155250112811541
0.191652841355862
-0.183661492326825
0.188193683741485
-0.527499100679352
-0.366077989501392
0.285908454356848
-0.112086804253150
-0.177174182128923
-0.376627345009010
0.099999947593624
0.348610204229476
0.477080859259872
0.099189689546622
-0.321137167455187
0.268235460503954
0.356287268380077
-0.157490600408403
-0.633998106728757
-0.041927725178085
0.388329319725402
0.007786809541626
0.413836859658495
0.142414598814467
-0.583395652244544
-0.511551678542090
-0.328159072555274
0.211668728403934
0.004435577788308
0.046571865812687
0.150182510599193
-0.147702803264182
-0.180035526615935
0.255771908179368
-0.637705403015523
-0.380402285648807
0.347396725205108
0.306315859381074
0.106937039073232
-0.022837630982185
-0.308923510354293
0.327312772601635
-0.549756303993075
-0.212391342637817
-0.193869089211975
-0.063403526809698
-0.203449536212603
0.463363138627477
-0.271036587688839
0.177652512983831
-0.256119766863732
-0.158266259464688
0.212381191429319
0.413641999557442
0.095488585960486
-0.639876613246580
-0.156977187660121
-0.470110979724979
-0.430021069772393
-0.273637198190692
-0.230838763078298
-0.393419397161566
0.529659665234055
-0.312760776837452
-0.484268475495418
0.104742264554797
-0.070344866672353
0.189654225270531
-0.219526067334122
0.040045608179726
0.061858198769328
0.329664235526503
0.000000000000000
0.000000000000000
0.000000000000000
0.000000000000000
0.000000000000000
