0.447213595499958
0.447213595499958
0.447213595499958
0.447213595499958
0.447213595499958
0.447213595499958
0.427345150237603
0.163385473090533
-0.223606797749979
0.033420313844833
0.447213595499958
0.369505213003334
-0.327830763288991
-0.223606797749979
-0.442218589137334
0.447213595499958
0.278833116046801
-0.402925526848167
0.447213595499958
-0.099514386948612
0.447213595499958
0.163385473090533
0.033420313844833
-0.223606797749979
0.427345150237603
0.447213595499958
0.033420313844833
0.427345150237603
-0.223606797749979
0.163385473090533
0.447213595499958
-0.099514386948612
0.278833116046801
0.447213595499958
-0.402925526848168
0.447213595499958
-0.223606797749979
-0.223606797749979
-0.223606797749979
-0.223606797749979
0.447213595499958
-0.327830763288991
-0.442218589137334
-0.223606797749979
0.369505213003334
0.447213595499958
-0.402925526848168
-0.099514386948612
0.447213595499958
0.278833116046801
0.447213595499958
-0.442218589137334
0.369505213003334
-0.223606797749979
-0.327830763288991
0.447213595499958
-0.442218589137334
0.369505213003334
-0.223606797749979
-0.327830763288991
0.447213595499958
-0.402925526848168
-0.099514386948612
0.447213595499958
0.278833116046801
0.447213595499958
-0.327830763288991
-0.442218589137334
-0.223606797749979
0.369505213003334
0.447213595499958
-0.223606797749979
-0.223606797749979
-0.223606797749979
-0.223606797749979
0.447213595499958
-0.099514386948612
0.278833116046801
0.447213595499958
-0.402925526848168
0.447213595499958
0.033420313844833
0.427345150237603
-0.223606797749979
0.163385473090533
0.447213595499958
0.163385473090533
0.033420313844833
-0.223606797749979
0.427345150237603
0.447213595499958
0.278833116046801
-0.402925526848167
0.447213595499958
-0.099514386948612
0.447213595499958
0.369505213003334
-0.327830763288991
-0.223606797749979
-0.442218589137334
0.447213595499958
0.427345150237603
0.163385473090533
-0.223606797749979
0.033420313844833
0.000000000000000
0.000000000000000
0.000000000000000
0.000000000000000
0.000000000000000
0.000000000000000
-0.131818521340518
-0.416299396087699
0.387298334620742
0.445963095583606
0.000000000000000
-0.251924388583878
-0.304182495619583
-0.387298334620742
0.066653727738109
0.000000000000000
-0.349645668349590
0.194038706999729
0.000000000000000
-0.436001016960101
0.000000000000000
-0.416299396087699
0.445963095583606
0.387298334620742
-0.131818521340518
0.000000000000000
-0.445963095583606
0.131818521340518
-0.387298334620742
0.416299396087699
0.000000000000000
-0.436001016960101
-0.349645668349590
0.000000000000000
0.194038706999729
0.000000000000000
-0.387298334620742
-0.387298334620742
0.387298334620742
-0.387298334620742
0.000000000000000
-0.304182495619583
0.066653727738109
-0.387298334620742
-0.251924388583878
0.000000000000000
-0.194038706999729
0.436001016960101
0.000000000000000
0.349645668349590
0.000000000000000
-0.066653727738109
0.251924388583877
0.387298334620742
0.304182495619583
0.000000000000000
0.066653727738109
-0.251924388583878
-0.387298334620742
-0.304182495619583
0.000000000000000
0.194038706999729
-0.436001016960101
0.000000000000000
-0.349645668349590
0.000000000000000
0.304182495619583
-0.066653727738109
0.387298334620742
0.251924388583878
0.000000000000000
0.387298334620742
0.387298334620742
-0.387298334620742
0.387298334620742
0.000000000000000
0.436001016960101
0.349645668349590
-0.000000000000000
-0.194038706999729
0.000000000000000
0.445963095583606
-0.131818521340518
0.387298334620742
-0.416299396087699
0.000000000000000
0.416299396087699
-0.445963095583606
-0.387298334620742
0.131818521340518
0.000000000000000
0.349645668349590
-0.194038706999729
0.000000000000000
0.436001016960101
0.000000000000000
0.251924388583877
0.304182495619583
0.387298334620742
-0.066653727738109
0.000000000000000
0.131818521340518
0.416299396087699
-0.387298334620742
-0.445963095583606
