-0.020693151212038
-0.449863639720193
-0.034611366650397
0.242358065676478
-0.544637415147225
-0.246115604454468
-0.545428725336420
-0.119322387807951
0.427811290175144
0.103703826581330
-0.631973028792853
-0.109764982886482
-0.096597817049519
-0.333379070510951
0.206794596081435
-0.257774476138710
-0.002500010905240
0.202904909702628
0.707878067793459
-0.238083072266182
-0.135312847131254
0.370663907921771
0.051411277406668
0.014673656235896
0.354507981542732
-0.190073648738311
0.007910356114811
0.800253374357645
0.274561641093729
0.013594069324445
-0.442413323848363
-0.131115638529598
0.107080262170713
0.436151887428887
0.629326509742444
0.002411501082458
0.763248588099220
0.295204676426169
0.250199744122150
0.032675694527916
-0.040103327981848
-0.386096227555100
0.492937495356654
-0.018879650874007
0.101363819682618
-0.332269113271145
-0.009002624277657
0.153052445628588
0.430921077483643
-0.004068598123278
-0.291065502048678
0.361951113403712
-0.171470235620531
-0.672950834421696
0.070391657595226
-0.088170055990235
0.433528142791838
-0.288407849163310
-0.009141533356501
-0.259167255739603
-0.445413232413146
0.321581541656801
-0.215316258742806
-0.158104499346618
0.132621780557987
-0.178395367436601
0.187040638689247
-0.226205651242131
0.570177227169020
0.056829794495000
-0.296789114463154
-0.179426888916857
-0.050715959831426
-0.267044042145990
0.851354014888373
-0.269841308979590
-0.243071753474715
-0.346507659095036
-0.137722434478273
0.393104369494014
-0.797291836578064
0.096534468423933
-0.081025687391104
0.199864374832030
-0.195691790200058
-0.232347445023551
-0.009762795033730
0.372856230777704
-0.129248254154691
-0.415936100115119
-0.060898208571782
-0.223715033675188
-0.306639982826797
-0.595611627011653
-0.434839084427520
-0.172232071186616
0.338034860365612
-0.176939278912242
-0.594453744680865
-0.423991663395192
-0.148772139470888
0.172886572561320
0.196976720972827
-0.064957318374016
0.127336757977390
0.003669505214864
-0.519247711755389
-0.200114759194483
-0.132705334701928
0.297617568240308
-0.368928656152393
0.078151307627328
0.643050531675087
-0.085005352723801
0.251367066889253
-0.361423282897360
-0.466698980604835
0.171858962907171
0.017706223973158
0.046523823509800
-0.325519108995070
-0.121901849300342
0.289112655113457
-0.316775041532309
-0.658726403754941
-0.249831042597460
-0.266789633139020
-0.544176864646078
0.130048520777083
-0.525710663809920
-0.151853866599666
0.112414340922779
0.336458137309960
-0.317626288914292
0.264629906786985
-0.098113343597062
-0.242547495200276
0.188167026278657
-0.747467781667510
0.300682823098657
-0.135894552401502
-0.507206927346544
0.111968293984959
0.064639111532754
-0.037143409612479
-0.672761010912228
-0.471151734043780
0.419929908485096
-0.134435811756607
0.151820904310870
-0.413011697776445
0.363212388522621
-0.236210476544600
0.105750777844409
-0.601538103227422
-0.149869341584699
-0.198803817825567
0.613866769013173
0.040079795766400
-0.014374589250181
-0.390942023658162
0.045019060042225
-0.354066229331538
0.309652513657300
0.240436776189531
-0.024856756554140
-0.046973119763043
0.484124340419447
-0.431563706757281
-0.043324926140080
-0.483592827972339
-0.277682466599721
0.079644681456583
0.090319511434653
-0.095552571391075
0.692412755933977
-0.404188387702087
0.061374260097024
0.088853215559386
-0.247586318493128
0.073533299431739
-0.109460800615274
0.262145608103467
0.400034635702391
-0.041209647700874
0.093591287739819
-0.330485460204713
-0.218240726314430
-0.108645183083448
-0.109178175101429
-0.058330032993952
-0.400297342884219
0.319097342895712
0.033027912543626
-0.008834633676188
-0.357381245333070
0.469304324967999
-0.441247588940567
0.130468655925996
-0.189772436859916
0.363780697466425
-0.226737938817300
0.571991281528237
-0.285576851337052
-0.296491073367652
-0.145930017761648
0.388335443986679
-0.091214131630897
-0.139170179688638
-0.311871878256683
-0.362823686747262
-0.607695284118774
-0.271524660732962
0.204705411648339
0.193092040607813
0.055090594815127
-0.502904265979152
-0.336134299286281
-0.481390100017234
-0.092603098530763
0.207880019215886
-0.056211080565645
-0.328159701128566
-0.134323639271517
0.617725491054091
0.016283646977617
0.263290423719964
0.026367108980542
0.059611300362952
-0.084842144170610
-0.462846563225696
-0.140316950008078
-0.500490089610656
-0.109243662439492
-0.279634446044108
0.137799599872239
-0.291475113628866
-0.257618830430119
0.254170504482106
-0.187840458648834
-0.449167901973581
-0.138830757669162
-0.574239877157471
-0.218973282570385
0.135879044659479
-0.426628704494246
-0.287924924669194
-0.135706411080494
0.101983790478166
-0.121024526367034
0.018048855047504
-0.146444817065454
0.012099550514775
-0.334118257329869
0.397572130058172
0.283730950022901
-0.494786950204912
-0.603209270571646
0.395581328096305
0.207556648801048
-0.560529550159361
0.209499425787477
0.271902954513967
0.350591735037307
-0.170898629544383
-0.006976677743703
0.137644564836486
-0.103438453476252
-0.363459769200055
-0.460501360957848
0.122416933705024
-0.348450517595634
0.199810930618442
0.324842379440731
-0.581120593408535
0.217610753468790
-0.450033966686746
0.067415520297004
0.022379132555466
-0.079959554650042
0.051373029132300
0.238547985616465
0.086184366777913
-0.255839458566088
0.380222380703982
-0.079842996036658
0.490456325333241
-0.008507867188823
0.641177687142240
0.148594658878834
0.002400893921642
-0.204257706266046
-0.362582466628834
0.217124446968486
-0.163350434420875
-0.529093094270345
-0.145946115103871
0.137371151801851
-0.378377281973738
-0.492847933164284
0.065636799292324
-0.037194913627198
-0.161103128786862
0.195890192512633
0.194746313306669
-0.368527630256399
0.048278443678944
0.342028858124503
0.110875238913440
0.035368229591263
