-0.143558346616403
-0.084034835313866
-0.551135526432681
0.463748377262255
0.179172907933632
-0.266645689445656
0.115892573921956
0.219987682404748
-0.113412273859026
0.505815806066495
-0.395687196179096
-0.337724931731504
-0.375979307732087
0.204167989258531
-0.045579060283932
-0.090469339183204
-0.338197721814172
-0.166195698598680
0.626648535231170
-0.558006101234213
-0.217678414797402
0.316689892933551
-0.666141158677734
-0.019117801300009
-0.000117565319265
-0.315858735256840
-0.051002049191820
-0.013728355688117
-0.069555217505370
0.595738150928768
-0.730944422716439
0.432314382757885
-0.193240364815790
-0.002719068509761
0.278376035685209
-0.297230165928912
-0.032357926686335
-0.342882389359865
-0.199117892484306
-0.293256344097819
-0.034781450964900
0.017300913164977
-0.111167428939941
-0.765040466521638
-0.031696063100242
-0.015375260642117
-0.402450491120048
0.074834279575462
0.094231574688562
-0.112276918869604
-0.323222048184107
0.510695648026212
0.163557177405300
-0.488088265811856
0.213711520826703
-0.598831783486232
-0.342665053668908
-0.381210907926012
0.226659667555387
0.103705253968990
-0.040288777849484
-0.487487015875378
0.172304635113174
-0.539662287329616
-0.613049957271724
-0.347081827332647
-0.708156800609031
-0.012369244999678
-0.408836772302195
0.224192738786963
-0.004575742857061
0.334712921968676
0.711119610910101
0.155858267450359
-0.175816940860239
-0.607106934053031
0.278721861608304
-0.136295208728872
0.165417578570314
0.108317329968015
-0.382901729852364
0.234625094707096
-0.420035296125833
0.623074460544966
-0.206903349269605
-0.209444892142138
-0.395847404633533
0.218690467798760
0.154895246026793
-0.208818585286245
-0.520782778373908
0.061910955400733
0.006008939278746
-0.221221542608581
-0.245113826205234
-0.348765554947602
-0.432291498591917
0.425751881774945
0.082500587987755
-0.244128898710583
-0.319140320040744
0.548209443785000
0.430328580673767
0.371897369289677
-0.092712746682067
-0.212794874541728
0.412482721662069
0.249190422054691
-0.191955007674625
-0.150566991132014
-0.510054919526985
0.473409487584431
0.033161368964425
0.268148947073865
-0.456028139387781
-0.233066517077451
-0.121821569549942
0.365172517176923
0.520834689512376
0.248056307677438
-0.099274627994793
-0.088354352857035
0.297193813054010
0.508044368152348
-0.134786411809883
-0.270915084484580
-0.258013912704231
0.305359199723365
0.047389829401370
-0.593651500410824
-0.373331327173061
0.144386077252229
-0.039330504917850
-0.463890157766474
-0.450149849927749
-0.379499848920823
0.170871077097304
0.665857755528667
-0.522008383885931
-0.165063567621899
-0.148908140061798
0.096842939918939
-0.260442486069274
-0.189276590261460
-0.662124519855504
-0.261286822971256
-0.086322151627414
-0.659916064374646
-0.260381242690306
0.290298431405040
-0.192975681256053
-0.420272795617393
0.414478114981587
-0.304965499410003
0.461041418557889
-0.091899404182789
-0.692123211193836
0.058407798643263
0.551527792142297
0.306819409661438
-0.174159189981311
-0.344728558935264
0.244320605115149
0.243857058061009
0.391261121340987
0.019568224545053
-0.721870953927465
-0.276066185811670
-0.005368711963146
-0.025307748194350
-0.576091610200346
-0.154402123246169
0.099711785336544
-0.375166004192354
-0.194518700918779
-0.262414455060057
0.063257166143323
0.016421964114523
0.189703529904632
0.191409164399643
0.089399001543500
0.438151203631382
-0.429490942434363
0.018875292871018
0.153057724331814
-0.392474897606713
-0.018972227907306
-0.022083771919980
0.334200530030664
0.520699079985630
-0.175644395846911
0.028333980070135
-0.154119669386849
-0.328932142522184
-0.019470004974351
-0.222856292422083
-0.761179008566673
-0.010042546389798
0.134521985050761
-0.141902129278050
-0.459067686101780
-0.081740445786367
0.292750441938549
0.300584431386019
-0.079766618560333
-0.645899585651346
-0.106539509748929
0.561037346071642
0.145810962955377
0.214827036220992
-0.122936329786129
0.458630325401439
-0.178127530949114
0.244742979133966
0.083546893061158
0.482750864846835
0.091129001042518
-0.251942765919318
-0.067967955630027
0.084156535865850
0.016979782202735
0.040940348600847
-0.046267954774150
0.235669775382521
-0.065827882839219
-0.309273082164079
0.168466152573562
-0.084595651231574
0.145295440541875
-0.090484191932706
-0.151191779259911
0.347672179417444
-0.233846179985575
0.343770530215523
0.102248292906644
0.021673267236512
0.284386628711479
0.514562449758464
0.206199742440894
0.327757467810742
0.129006880699524
-0.115768325735314
0.166168286749355
-0.315334041588763
-0.183805231368852
-0.325790869253037
0.132107798554853
0.239672888619469
0.096940518817340
-0.702553692778239
0.150359948039053
-0.010900998939725
-0.436898495406405
0.212565717574994
-0.597582663703887
0.581127459200285
-0.167985810420222
-0.130009882286180
-0.190738913889233
-0.156858081671118
-0.090136303638338
0.135584656645172
0.087661128389485
-0.300875280849949
-0.375248860670346
0.235812061879995
0.014736414841726
0.446122211068960
0.308299590277229
-0.559522278770620
-0.058289296011322
-0.330584243410750
0.026964193747751
0.187969135916014
0.293290283144596
-0.282268362429158
-0.314821645377646
-0.142209402239718
-0.484523980374808
0.175820170799814
-0.120535157563389
-0.331210071854130
-0.463770294158522
-0.003983823665167
-0.527645567335593
-0.273654227230020
-0.364178258831289
0.079287351036516
-0.370987885072434
0.246354951101464
-0.426481741077625
0.079023677295571
-0.285829792286699
-0.379117449076481
-0.082706704494921
-0.115949389982278
-0.167097180414618
0.195420579390406
-0.061573937122347
0.018203668804098
0.010160922016901
-0.062698548401282
0.640314809342303
0.041119927196882
0.103221892361817
-0.041958352494071
-0.131575964983377
-0.084000179186289
0.497899712404219
-0.250367745163488
0.383517806301026
-0.095844965479427
0.249918276309617
0.282388114396981
-0.101496567965590
-0.230916302864922
0.058501570844523
-0.162372358565294
0.156134430659130
-0.057444908055381
