0.555771857197606
-0.398391551121524
-0.324253665994449
0.182052214508991
0.299116724715886
0.191453448611484
-0.435036291177430
0.086654836112400
0.289333386606191
0.392791694244131
0.288362958287036
-0.545663338838359
0.273297439794542
-0.087157681756796
-0.087053380539183
0.570288163995197
0.327479202313180
0.079549869928063
0.090464599960589
0.119916255746432
-0.418490807029932
-0.211832740942479
0.267261299142731
-0.365075686327621
0.351881753894411
0.433505005220121
0.190399261950237
0.154001275064769
-0.226099127240376
-0.105964676346164
-0.197567163054866
0.037387926332149
0.241471502645645
-0.486388586241972
-0.174137393717875
0.411287392475527
-0.204936005756490
-0.036479450711614
0.308546277067819
-0.330902553093336
-0.297913185398442
0.051371909575952
-0.069970670351176
-0.270665835953293
0.288813101600564
-0.608123022239199
-0.212807714503321
-0.611994942126465
-0.050942889506328
-0.110555697369381
-0.159066333917701
0.151916701749767
-0.578160369332652
-0.456787277500155
-0.039235695528998
-0.048927219812971
-0.717619610778247
0.505194555771706
0.210325106023127
0.333794899829157
-0.244022332546628
0.420864837816557
-0.111697214050904
-0.148296737125374
-0.039822543426173
0.002379965004928
0.200229034253173
-0.594433472018446
-0.058276575676095
0.000711016793025
-0.247806273892175
0.611330106066466
0.035595267339329
0.593154085571791
0.153675910533408
-0.453390637991572
0.187663094285562
-0.086236573355020
0.167722730194678
-0.438543088807867
-0.047810513840330
0.124570687717019
0.588387242411221
-0.397068223710002
0.148547176824997
-0.101634185449480
-0.269185196962401
-0.310764084942409
-0.499769204281509
-0.444090202261299
0.532126002784543
-0.093318688220677
-0.007671465380301
0.178189698755535
0.364858506628589
-0.126467378278714
-0.124537448738504
-0.334898837103007
0.623833020606906
-0.372582942395742
-0.080382695049141
-0.589181926381936
-0.429284608271596
0.090863135747234
0.401528650211867
0.078163746735239
0.379621734305250
-0.010641263837263
-0.081639007679072
0.219621814268919
-0.376752160189207
-0.328622773963931
-0.196421016208976
0.015680929893014
-0.086151502008730
-0.583569996249071
0.271470930117337
-0.303720896232422
0.460655252575006
0.060558840515943
0.135943236375015
-0.134459669310693
-0.397033327053788
-0.192391757029700
-0.694905218731303
0.422520004254047
-0.029482983440962
-0.008392378952404
-0.059652941788981
0.149342366594768
-0.331133389189463
-0.703314377120727
-0.054602945574646
0.079836021561322
-0.349739807127703
0.354914774015538
0.092095910911034
0.368147989434256
-0.310969895319993
-0.383895622600832
0.450115237078826
0.511019647708563
0.285154795911472
-0.160428995484343
-0.367747667509554
-0.212735133077475
-0.520664422297778
0.217925920133176
-0.454397260998065
0.385940042598069
-0.340321177323460
-0.280087899870457
0.560308536677435
-0.164200754591426
-0.185579451496029
0.100537183468293
0.398649921572711
0.218051799964158
-0.275270303001493
-0.274615304860471
0.332272654890798
-0.168040291682757
-0.535583845328044
-0.584950897582717
0.473899517923340
0.134841985173012
-0.113623877683723
0.317268674840323
-0.014856084762347
0.415541440994996
0.541148103696282
-0.180224851834563
-0.442396563348810
0.017905550959158
0.084989544701957
-0.233423106869564
-0.050860135968409
-0.680559253314615
-0.014346807233102
-0.093767016501848
0.629380522063742
-0.229356104824202
-0.138975682677564
-0.233845692775801
0.126153617612095
-0.173410164023071
0.109271546637678
-0.201028535273296
0.469109390615365
0.385973131910289
-0.340259041413945
0.240020832349829
-0.409843242478894
0.245133906740899
-0.536942715695832
-0.266003343079246
-0.356341361979058
-0.124580587506383
0.600104983456984
-0.246941136710759
-0.177096126791746
0.698379230563936
-0.054561672566417
0.011836114491214
0.246175144455588
0.543960778096384
-0.055308267828587
-0.600970944022523
-0.136234679940455
-0.261460260038166
0.184238002898520
-0.143633791183558
-0.111863975163417
0.227937921834565
-0.276586630621686
-0.499359434172391
-0.206946527973086
-0.027587308695768
-0.166911660093814
0.293851111914698
-0.073189861647755
0.149490677050523
0.007209854773486
0.050120370963140
0.203673132411970
0.397166501915541
-0.102653325834945
0.152731633357055
0.584390248874983
-0.440629111972382
-0.009566475997674
-0.124296401964799
-0.032440982129354
0.735184494416335
0.214627773084407
0.151005340781123
-0.365332558185556
-0.065667552578204
0.155029664356230
0.059460566460975
0.137090276173031
-0.372998645912151
0.311445718507698
-0.201841936444974
-0.485460043996946
-0.032060013681239
0.271160016556873
0.586980612022325
0.157685579548960
0.110908672017566
-0.129164403306580
-0.203592836919918
0.393039491528984
0.106432183712432
-0.386922217433664
0.262573605735938
-0.253595615168133
0.364779869117331
0.213394599011479
-0.480982481327751
-0.316250969675925
0.293248666292820
0.259647991963331
-0.094433745100479
-0.256922635025583
-0.093448576391906
-0.326139896354085
0.297585201040789
0.020280479485613
-0.297604637957218
-0.683852901900153
-0.272261052519880
0.151544305792872
0.433496157836373
0.205183806700482
-0.288949265116451
0.256730831025398
-0.179269467658819
-0.544670368610190
-0.474984151176453
0.012407871979073
0.136121787212063
-0.306868794621621
-0.405916165799231
0.003617854440477
-0.063825054992315
0.125295533173359
-0.008454173233864
0.028702768933506
0.515003679172183
0.416231913007709
0.471005474732949
0.035936502497289
0.627848061422546
-0.063998192674789
0.001295251606967
0.282395386157212
0.137733221417558
-0.235355188214403
0.331534348302240
0.529042820960428
-0.052952050631968
-0.312826500580249
0.277274079662922
-0.168852653556202
0.019681963443053
0.014889934663513
0.388872142962928
0.128020619017909
-0.354607125587708
-0.153590279023475
0.010071027109017
-0.172730033520537
0.110474073255018
-0.463683560005846
-0.311549395275627
-0.320024444741039
0.378336755113118
-0.090130321447593
-0.282212936750908
0.095251229711860
-0.580625185849408
-0.290280326193531
-0.425375770442316
-0.144329501024165
-0.006739531195217
0.057480683980719
0.052722121902240
0.029228842184770
0.027849317242276
