-0.133479115359775
-0.163013748683225
-0.194573890626788
0.457542450798323
0.565876090606559
-0.339514808346482
-0.195848328212651
-0.336815420590140
-0.014780254436060
-0.005596648937984
0.084996427052691
-0.413248970501673
0.122275342614189
0.214279054612929
0.095307820461500
-0.043008675134208
-0.687767454583399
-0.144145202676108
-0.239028844323791
-0.031800864347767
-0.111320521518850
0.110003929037006
-0.023962310982051
0.054924469189665
-0.356832564693110
-0.262588195911308
0.080286774250575
0.006767051322925
-0.415700733637069
-0.166429115608407
-0.122849942936934
-0.348567919763639
0.352919509676743
-0.691700227974652
-0.354856042012789
-0.461758539804330
0.304131494906162
0.347545437450477
-0.560195866705634
-0.115131968321759
-0.124248771136909
0.044159447400842
0.302973089518806
-0.353654814097829
0.529200774185164
-0.509388684181061
-0.040292642919367
-0.309843193701500
0.294148337862060
0.367933997656973
-0.390017728402691
0.236677476392324
0.180360870886873
0.482295779151825
-0.103591484404920
-0.090690980635297
0.226087257392146
-0.193839323323776
0.135186231164514
0.289729760331300
-0.480299130794252
-0.109241913518682
0.737648511905538
0.020154587083671
-0.200204782233048
-0.369538363690560
0.539154366857067
-0.065029024766200
-0.074898789334967
0.279490014546850
-0.097521015757537
0.104370516142415
0.311156187033894
-0.076672803730122
0.069442630199096
-0.096885258586065
-0.126912249182997
0.010992284376599
0.411901940819392
0.136808764682504
-0.248408833332143
-0.116512529712925
0.501797174668118
-0.418435768935867
0.032847404246437
-0.446434710033699
-0.633078224602993
-0.181206644516054
-0.205336389239162
-0.281292300623893
-0.314374378093049
-0.541206692666201
0.330946403140038
-0.011950218505978
-0.290857089767731
-0.231745432551196
-0.059877063555473
-0.404586727950764
-0.116617428915840
0.032580432967287
-0.653972080436206
-0.040562541547026
-0.282911399853616
-0.350333143840661
-0.182316043361579
-0.171472702810937
0.135782270485240
0.657255521717600
0.004213410741741
-0.367045980770616
-0.171908201266875
-0.215903889943106
-0.630837966992952
0.473043463146389
-0.071921303211524
-0.240785735062598
0.089416737802033
0.393359763769806
0.634218763983732
0.201118050311313
-0.141814102561369
0.040107453604452
0.376791408954157
0.372281381902632
0.141453640542325
-0.059317211108717
-0.249197708388579
-0.049027212562292
0.354372064522214
-0.051088745263601
-0.410078767406298
-0.005349868256931
-0.077733600686242
0.028793070808231
-0.296704394249730
-0.292580187570977
-0.596621554777466
-0.189160532184468
0.185888538232549
0.080995123664281
-0.032147096118426
0.231623572882242
0.058444130554659
-0.212183548248027
-0.292684018718761
-0.008068053003717
-0.032614209873663
-0.203341063737367
0.119846146524723
-0.235802601010482
-0.508859216683822
0.094063571289193
-0.154574626798947
-0.285711292118914
-0.157904339257412
-0.190510234555799
0.412052986823667
0.496451658881402
0.014709813105698
0.259240503076119
-0.406491906115436
0.020399173375854
-0.074864833443043
-0.105915929393983
-0.076094354169870
-0.296010631284387
-0.311161979438940
0.141421523114771
-0.255390979120710
-0.039794208584546
-0.438394526023088
-0.091151546184094
-0.255225322539497
-0.054181056216206
0.490920078207621
-0.088516170642442
0.230141511020438
-0.735994316064386
0.218043774037001
-0.127317354974189
-0.622276571629999
0.049375060414206
-0.238990917657747
0.046595903955168
-0.299299721002690
-0.178413691435211
0.233516990238606
0.183353463873570
-0.033892240178019
-0.623577274265120
-0.521409441142139
-0.455435626536731
0.249499451579630
-0.192443007974460
0.175230559815624
-0.172422188211069
-0.051299837609800
-0.380490057182149
-0.398299198422876
0.316997980908243
-0.592477126704423
-0.085248556298462
0.323795674738550
0.220643878430064
0.263386342782673
-0.078864512442447
-0.123292725476551
0.197981546225271
0.598170024198666
0.211813667138347
-0.112159983384164
-0.429788018261871
-0.229683078226123
0.244056405619551
-0.218846881025618
0.006065947601310
0.198446824009961
0.049405274519022
0.528938162324801
-0.193368147001976
-0.287943686791647
0.077684806003638
0.005739414856789
0.188530162637516
0.772418264313172
-0.483024354804153
0.666397094020805
0.022968352521602
-0.167361636045615
-0.062805033553829
0.009946117621263
-0.482771708578649
0.339530478651426
0.081300866649523
-0.182021360493092
-0.215121885068816
-0.334588653857608
0.357217978672236
0.049661148637982
0.666618942579185
0.575869841915773
0.240070041246882
0.005826705605264
0.005852315496035
0.602264595374809
0.257315639390812
-0.390388532770613
0.473992637383921
-0.033868194930558
-0.042090850746812
-0.717560304570993
0.286940314547344
-0.263075700252265
0.416476482324042
-0.068538230175503
-0.403847342348196
-0.311821626236968
-0.680377692217053
-0.028267980987295
0.003412399421510
0.290509804285419
-0.115327637698303
-0.041237078939461
0.055770318727868
0.178820762370902
-0.035248455157622
-0.107176491207385
0.187672405089059
0.443411447374193
-0.043088017761768
-0.097837002301432
-0.020496882018101
-0.002851606050770
-0.558658218964067
-0.404468747502123
-0.346629090490601
0.367900784114802
0.404715558176820
0.040237641521816
0.009040532098261
0.217095396170189
-0.609964489474474
0.068813669410725
0.019589496949847
-0.302809059933071
0.315916501280422
0.749969948021473
0.086302648380559
0.271846395551194
-0.239291861715603
-0.187979201468519
-0.335620660984982
-0.150795513509691
-0.028749271643466
0.034960609029224
-0.262499294650359
-0.234011641508659
0.463778730561597
-0.249623876624264
0.289362362388076
-0.353073842877301
0.526303726813054
0.311487448217695
0.099523226222411
-0.602902332106257
-0.648899681042230
-0.110942345321938
0.181025440447091
0.331693491433519
-0.458078670126444
-0.443998024790279
0.331422127303622
-0.268853824146624
0.170925868310051
0.297114673227253
0.147572157841779
-0.079742840268178
-0.223223187966162
-0.172191535261733
-0.371710631072261
-0.185140458800737
0.116977038337714
-0.111900786161768
0.586571365864822
-0.097208641029199
0.080476089025964
0.412664153209395
-0.095689475789616
-0.153213733881109
0.744955189056916
0.217365951945306
0.119473161933767
0.465435121921756
-0.185240379921839
0.148990745237085
0.175246352226396
0.241095544853274
0.009063079706239
0.202182389786065
0.505605337871593
0.040926633982110
0.409348707467207
-0.033977883310154
-0.061437483158492
-0.350375988901040
-0.316377061512176
-0.039167923064255
-0.382982877408623
0.283172135675301
0.090122961717567
0.027761784045006
-0.611221451487984
0.074922109276161
0.100026643572524
0.536399846746061
0.787005718939820
0.258660998109849
-0.063127402783195
-0.193398271210195
-0.275893474271829
-0.103194317291230
0.382037829698327
-0.669075819520744
-0.079830655289235
-0.355336989391443
0.183181435377580
0.319435111357922
0.204796593663250
-0.527611007162647
0.160105715967365
0.297464723241729
-0.492521890374318
0.616161832495486
0.162917313292069
-0.271946771398318
0.022497446137970
-0.234792911226822
0.177869977848511
-0.761695980176903
0.469153839023500
0.652390428549362
-0.333577115346069
-0.175742730051657
0.025221503262471
-0.182613552518383
0.158477537249455
-0.254099116870811
-0.535548517341015
0.106974871917953
-0.303470906811722
-0.045196446168993
0.333009293241730
0.244872594554409
0.627137499376590
0.495512852553849
-0.243192076969828
0.166768117408576
-0.353760204887837
-0.715241082250431
0.071257776271085
-0.308889661431854
-0.265856326764661
-0.279829954983361
-0.357344899313396
0.343992688416768
-0.285948431355910
-0.111081684495031
0.161394611943169
0.412909674672362
-0.207632070402287
0.117506203155293
0.308443999376568
0.182284265527604
0.433816483083840
-0.362071966387035
-0.510238749453861
0.114541625727590
0.099976293427583
-0.440080007260239
0.113549719653885
-0.404605431230651
0.033195467720735
0.371585106193835
-0.250959716226159
-0.157660342657594
-0.225006539384512
-0.098059024538403
0.589030580959104
0.392867416495885
-0.046807193748866
-0.011891180108183
0.333616709854842
-0.134783328896148
-0.286808276889820
0.454903033237902
-0.089595451105040
0.581028033375062
-0.009194246154636
-0.374137002479716
-0.225889887392810
0.158641507405976
-0.314788852313417
0.152594492930862
0.473012391394665
-0.520774081061288
-0.282909081685422
0.488508671302258
0.437789331370847
0.361253852358756
-0.011499842932898
-0.191790470323483
0.096488865141395
-0.175745386974050
0.105474148033648
-0.436740247117383
0.155848077764551
0.465554518778037
0.046594035713587
-0.005540709098892
0.216538943727422
