-0.131822983103050
-0.162635494945074
-0.193958977134239
0.460762413524031
0.563651470105059
-0.339780935636667
-0.195662902674641
-0.337230417067613
-0.014310725157012
-0.005426840605256
0.083535889370774
-0.411204894989024
0.122017695794585
0.212487470450109
0.094284909285002
-0.042718026469167
-0.688700146750952
-0.144534133342549
-0.235412480937342
-0.035038679548730
-0.110455709060214
0.109936754951458
-0.024230323987326
0.055906638507154
-0.354156369528771
-0.260908410357267
0.077544906195123
0.007366508235201
-0.417058687513245
-0.166389945329920
-0.123128560907863
-0.346777143485398
0.360275253751591
-0.690074059342045
-0.355873240137749
-0.457077441616272
0.295481222482814
0.353262171452254
-0.561940660857484
-0.119366623424408
-0.123103333327160
0.045112691314101
0.303753121223166
-0.353344443408364
0.529584862407446
-0.509632934342002
-0.039159024331817
-0.308337921435535
0.292373728079120
0.369810770206632
-0.369804629937166
0.236792393188842
0.156589450638476
0.472444358382961
-0.113491818525974
-0.091528872130884
0.227128959846140
-0.194395118570902
0.132262310643768
0.290719992053204
-0.475997582186982
-0.110869476748749
0.740988575275702
0.014581602802460
-0.201768681279426
-0.370701702041625
0.540207871282117
-0.067440778317972
-0.075480086620974
0.280937538994295
-0.097201418043494
0.105232920822652
0.312410021819963
-0.076852671080599
0.070597644210000
-0.093374488670459
-0.117091317460350
0.017311735527133
0.419435345931874
0.138581686145559
-0.245352223970046
-0.117192659607835
0.507590114050026
-0.418479838141515
0.032737697730902
-0.445706286102711
-0.631521847070204
-0.177465326494977
-0.209560742392464
-0.281109430918531
-0.313779205963418
-0.548136348909308
0.324118640526865
-0.010059476467622
-0.290959386039106
-0.233166329209700
-0.060454397408566
-0.404587940832679
-0.119524527944362
0.033355089114813
-0.654539238717571
-0.040456670533711
-0.281902101058619
-0.354531660200717
-0.179800942469638
-0.174999371583761
0.143911924830586
0.652413537604659
0.005596518522273
-0.365830338872546
-0.173972926275127
-0.221915964389856
-0.626088483208713
0.469836320453923
-0.078288426270484
-0.240344826417889
0.085782224944417
0.392210035034030
0.631563374488023
0.200923133676460
-0.143637073459233
0.039638750247166
0.376483464740283
0.374965692579223
0.139465450830942
-0.060731992983301
-0.250781732879416
-0.049505825801437
0.353736517716119
-0.051786962268927
-0.409190522962682
-0.004975411716612
-0.078827504795443
0.027242553047883
-0.295244887622691
-0.292121829489055
-0.596219584187734
-0.188344362041595
0.185320114370185
0.081260122080220
-0.031505942367759
0.227196465270447
0.059480539086233
-0.215527487274440
-0.295608922423722
-0.009649203535146
-0.028631600212292
-0.202887695929145
0.119250063648238
-0.234936555232484
-0.511917812628083
0.131543750638231
-0.161545675373313
-0.265000946335340
-0.147058708245996
-0.193070807288688
0.410632070113663
0.495882375107001
0.015038678977923
0.260022022506576
-0.407744934898042
0.020465793065752
-0.077135658659253
-0.106732749746795
-0.071924071000354
-0.261273060568494
-0.306322296269793
0.140191797262105
-0.261744955185039
-0.019020392156839
-0.436707391207571
-0.091248099667192
-0.254303422841662
-0.054100943811085
0.491855469217909
-0.087687141076054
0.226193242063499
-0.735878013960825
0.217980455699622
-0.127252183576294
-0.622949577832250
0.048492186820856
-0.238746021995977
0.046709867991209
-0.300928030191999
-0.178839645994558
0.234636120321232
0.182548903396776
-0.035113824805193
-0.620816835800290
-0.519538885173654
-0.456291385858896
0.252020289981313
-0.192376321174390
0.175936147035800
-0.170626418362469
-0.055026087054766
-0.380692834048009
-0.398134468874016
0.316866811122291
-0.594644978682167
-0.083925293078401
0.324001268126280
0.218057948969116
0.264436265838589
-0.079652580616666
-0.123357202878049
0.198800609740441
0.596060236736025
0.214632276681939
-0.111304975559841
-0.431195648966752
-0.230287244276401
0.244069360170802
-0.217849768234967
0.012241726626008
0.202417265119722
0.050386434002174
0.527312899841936
-0.183624666112748
-0.285548157657847
0.076026108586108
0.006474592754997
0.188891055085910
0.773075255529000
-0.437373474011854
0.660012579233356
0.055429577543813
-0.109424943199361
-0.107909600433681
0.010918851560507
-0.482778866724473
0.340348398533982
0.082211876640830
-0.180988535852741
-0.214829777083403
-0.334649303506326
0.356994764303296
0.049848828877681
0.666508953958099
0.575204218790777
0.243407301906537
0.005983313462710
0.007135930878736
0.603994762174545
0.259242614763780
-0.389752211380580
0.473510915587680
-0.037114591524498
-0.040333825293354
-0.719480487380444
0.288027109224786
-0.263780303855487
0.414621351318574
-0.066868156085894
-0.401706920793777
-0.315890890812874
-0.679886138768153
-0.028887755778244
0.000769098270726
0.284624922621456
-0.117335943161128
-0.037971735870654
0.060342267641339
0.179099495343326
-0.039157420195513
-0.110072058484830
0.189701235315994
0.444275657441936
-0.043984321552110
-0.096332485980897
-0.024519716415406
-0.004169197251815
-0.558731077854458
-0.403922108407258
-0.349153211309730
0.367904911295180
0.403288067976128
0.037965449180652
0.009029772645638
0.261462898106277
-0.612908615279440
0.082471162101646
0.063151639849754
-0.302919358162290
0.312283113155763
0.749460090788181
0.086051963779950
0.273236168903253
-0.242816580017559
-0.187833043743695
-0.333598827750700
-0.150467354442613
-0.020909695839860
0.038728516253880
-0.264232860896294
-0.234542421191725
0.462526793135459
-0.245802830169240
0.287062855891136
-0.356008308603648
0.526412567609753
0.309812877254859
0.097831321507688
-0.601315591880417
-0.651724640542402
-0.110241571613710
0.184075232741546
0.327737890024373
-0.451604043198867
-0.441450154854927
0.321787975352454
-0.271359603458262
0.176799090167256
0.298167097591507
0.151574397633364
-0.080369183726359
-0.228645345764413
-0.183025823666434
-0.364530868666720
-0.188363715554906
0.122075676907042
-0.108386206156915
0.581960770833176
-0.102315363838995
0.079714054764013
0.412682208982407
-0.096733086766020
-0.154238761202553
0.743694043588715
0.215706745330666
0.120895643799147
0.463402808915175
-0.185135281931845
0.149296277958366
0.177923856650244
0.247537321023933
0.012361201955355
0.198460262150759
0.506642967873942
0.035378969408491
0.414681928749176
-0.031744463020610
-0.058875592771556
-0.352048109348425
-0.310325870821262
-0.037207507125284
-0.390298168647513
0.287584263612317
0.095292954937838
0.031559190167234
-0.611189827647457
0.076184997888698
0.099298829680835
0.534597118785860
0.785803449348805
0.262291186168317
-0.061935927365779
-0.193999308062762
-0.274594954959973
-0.105855686618664
0.383028451025816
-0.669794341121587
-0.084220654394316
-0.353240833723604
0.181343940388415
0.319379046200652
0.202900934174367
-0.529561019643766
0.162093894829002
0.291713945906473
-0.486773652297642
0.622591959986574
0.159079412805587
-0.273937677986787
0.024006496990445
-0.235626787519459
0.177227682737727
-0.761703173966903
0.469904535902813
0.647752085305638
-0.339485688703104
-0.150538414998056
0.077803900657179
-0.197835957603913
0.158571507876274
-0.255370380914594
-0.532459362097749
0.109969254556545
-0.307250481821601
-0.047435037903702
0.333587871103463
0.243558189902655
0.628433101812611
0.492981390920454
-0.286508406745010
0.205669150982928
-0.344707151693760
-0.705692046115824
0.090365649145071
-0.307565437183343
-0.270020550647751
-0.280475597876629
-0.357064736795038
0.343179413708545
-0.288327371199395
-0.109963446201124
0.162095931395100
0.413486547099000
-0.208450679351145
0.117059658948194
0.309448437888449
0.181902325398479
0.431417294115753
-0.362177497978348
-0.512792131056173
0.115828800660992
0.098514568679092
-0.440728480271682
0.112573759482098
-0.405167954418741
0.034496533842957
0.369388442427918
-0.253707329244917
-0.155675310155041
-0.226163496261820
-0.097336995963711
0.588900675904655
0.392809470911080
-0.047837073126552
-0.014741626565323
0.333011313163882
-0.134891248621538
-0.285740292563460
0.453810809661056
-0.093308076715317
0.581690610768547
-0.010667140463057
-0.374301988034676
-0.224222734096240
0.155825760058794
-0.313778806498927
0.152812071139955
0.473431560725964
-0.520954073862404
-0.292100128616190
0.486321876350150
0.437222019264243
0.362575883037104
-0.010289226915428
-0.192328427120175
0.093253879791425
-0.176211581646532
0.104746468952846
-0.437728596824890
0.194285223365155
0.480981878338465
0.069861238682269
-0.043602690950965
0.265565432090619
