-0.157056137787053
-0.340480976777666
-0.340696022140902
0.318771758069802
0.000704085815187
-0.051778340400253
-0.284639041616578
0.816003676236307
0.022018143615082
0.315843429884432
-0.195459902640932
0.058005795006472
-0.136852254129743
-0.165264001833586
0.551172918451911
-0.425486186166156
-0.159252125625151
-0.039169052724206
-0.268130061182371
-0.058388281886481
-0.156920410876170
0.114903508340300
-0.184684885407281
0.295388938351065
0.174173126882349
-0.127672989198168
-0.195585188284749
-0.094906700216119
0.076753698732102
0.591116842038188
-0.379276089591684
0.402193360325468
-0.096003523075041
-0.176386041594377
-0.442849874299462
-0.003894744276514
0.275898007298993
0.274513609957445
0.047057345147587
0.097795647710568
-0.030838724976874
-0.023874536278138
-0.006511332384627
0.182999602448629
-0.279918451464129
-0.078400668670017
0.108851766655043
-0.383814275915503
0.316556987799005
-0.392853673057847
-0.068996346820400
-0.585897025325646
-0.451764388798136
0.014207723487739
0.146834124043526
-0.168899558520001
-0.083834890465835
0.115086510680263
0.297208155741006
-0.053020764907321
-0.113589720788227
-0.398102301752041
-0.294107135077943
0.478329059964723
-0.470095458803059
-0.277745872193392
-0.037838773306965
-0.409812104486998
0.073905045902487
0.081748184581161
-0.159120080232440
-0.422496958408071
0.336282953320958
-0.592647701788701
0.050902039003799
-0.046497467794247
0.365434637824543
-0.101979555191270
0.066720809691329
0.166048980890630
-0.172848221661917
0.305257395865999
0.240667060913653
0.163562405533168
0.236376489499851
-0.044365193948021
0.001164767072414
0.123081543921758
-0.180691280160651
0.398816532591894
-0.399285892441071
0.088069456341615
-0.508909176053624
-0.571921731144554
0.032108008122195
-0.164151881705835
-0.507572752246338
0.244504369684737
0.391226869666374
-0.333634945165862
-0.413276719904157
0.515440493203733
0.290771536427966
-0.148808137001621
-0.241650867920453
-0.360711326555532
0.334724754953452
-0.050052733897291
0.270682621742376
-0.418460473868362
-0.399332028214831
0.257632592772719
0.235418076211303
-0.210994242850105
0.049096323894723
-0.313030258322685
0.010908450295328
0.256246345130692
-0.225370903338058
-0.312915270598238
-0.197159615196414
0.028286066909581
-0.069113665470286
0.059070267330603
-0.209558989320883
-0.117759668226363
-0.353649578794848
0.066249648931706
0.190332909588999
-0.633268419982020
-0.575821576893046
-0.126307347285814
0.351442091624295
-0.129833996245434
-0.650588137452018
-0.303593062916358
-0.171661565544645
-0.172749035261467
0.616834211823495
0.345516411494656
-0.162473339779660
0.316279273274926
-0.294960822662438
0.077180608039271
0.313468940689232
-0.325673060415230
0.165019735197529
-0.089657724588043
0.303613874022304
-0.248566647983096
-0.460725426696757
-0.665484210508148
-0.029792985550210
-0.086996321029800
0.162139744666434
-0.114033556310355
-0.145012424910119
-0.164748508005293
0.242025995496460
0.537689864854399
-0.448790254350276
0.536304995591261
-0.017364074291744
-0.350904284965734
-0.015743876385803
-0.011209100393067
-0.192855883484182
0.086082073727920
0.603564889293102
0.201068407812844
-0.031896027549376
-0.310380108408044
-0.540428967617285
-0.216175899822999
-0.549274533736241
-0.029553263765215
0.341796480683496
0.489873399312216
0.149297000855564
-0.016233443823523
-0.184972124643069
-0.684944989519922
-0.528096296452415
-0.164389794110957
-0.174681064065385
-0.082053033869220
-0.160780771354738
-0.571210745624082
0.287748507766572
0.256510217753703
-0.072288025095075
0.432098905545903
0.153566010222223
0.543208657718852
0.038621848067803
-0.236232607879071
-0.052361697735305
0.259812830565180
0.605413594708601
-0.420050407535577
-0.169042122832783
-0.304482454976676
0.013044037024557
0.030340829050377
0.216648582115315
-0.157919391480215
-0.382875208137945
0.604859252174460
-0.084093418231147
-0.028506761192148
-0.325471095508191
-0.634354022794711
0.037103790785779
-0.268224782791691
0.030548300200291
-0.062132988761673
0.179336113744756
0.657828673102325
-0.502944590990773
-0.298409789159443
-0.025324004331831
0.041388615353463
0.012331237795125
0.237325244923970
-0.450632379102864
-0.311262419325165
-0.027757297972488
0.628834634344510
0.246949822705607
-0.074095053106275
-0.015486510045182
-0.021256757458964
0.157677711214108
0.668725725564907
-0.074554982857418
0.317437147384475
0.474540925070614
-0.082397736372127
-0.518593423823121
-0.200081000485442
0.159655021749593
-0.261270383493990
-0.007170034954206
0.227463138013357
-0.068212324072117
0.149219945408692
-0.229230038939318
0.252813939651624
0.652545741117902
0.209891884585480
0.254239616390920
0.280442920943628
-0.666026077103717
-0.350790962921801
0.082656400255847
-0.013257754115400
-0.096901384570882
-0.444551712342861
0.465779137850828
-0.621555855829169
-0.329352415246917
0.240443616386037
-0.041306495205633
0.216217872880424
0.605298246988847
-0.463893066453791
-0.013207105546885
-0.058343977820819
0.436381214317305
0.220775081920757
-0.794957892009134
0.010462324307964
-0.271194284467981
0.062022429714442
0.356746946765931
-0.097709665379883
0.711158238642275
0.198417878134335
-0.001830628052519
-0.576131203358765
-0.435786461192844
0.198962555989540
0.448148569650011
0.351392382208313
-0.162293590427814
0.086026424666084
-0.297328016090317
0.293186695647649
-0.494216331903658
0.009913694840168
0.310759877436105
-0.587362226752895
0.539181532396146
-0.137755834585651
-0.329842953997470
0.055993901549415
-0.095209919656637
-0.125141456833760
0.318130000010389
0.404050948317654
-0.505391284409517
-0.050080045290460
0.047130361826246
-0.448120336006912
0.529502887051348
-0.136150983907072
0.195931476622811
-0.339967993362770
0.154320344745076
-0.364622188346382
0.126119757422293
0.419620857696993
0.282458020072325
0.611936563720082
-0.419088298860442
-0.441993528083543
0.188042775523675
0.341191962985358
0.593827803000769
0.191396174255467
0.017522317117897
0.715692695548300
-0.373568917514904
-0.182883769712314
-0.325044713261000
-0.206659126619156
-0.079864136309905
-0.276377514832414
0.218617702937597
-0.269139556956092
-0.083347959623084
0.444163894801129
0.332507215102063
-0.269194519792142
0.063369933963289
-0.179001852941078
-0.281421509893317
0.406723582051127
-0.102847229087295
-0.333459152574140
0.670346816515557
-0.226203976535930
0.058673171117544
-0.053962591427756
0.008692269326779
0.493377663421334
-0.160822884766207
-0.547696679267548
0.138691127287236
-0.288645609603917
-0.529487361226651
-0.357906282453344
0.219274677733393
-0.169841218295920
0.449601675489659
-0.197786680716963
-0.368051052854622
0.189035238503436
-0.745595614572084
-0.376721022602067
0.509851871956331
0.202862015072671
-0.294044364647766
-0.005605833954313
-0.178394701441999
-0.197908277266300
0.214659106076987
0.049252190492951
0.030103831495961
-0.016260187423423
-0.362733102032143
-0.207147586253446
0.386398262966209
-0.024615939731211
0.155757203619475
0.627656080946915
0.129604528574089
0.483603388593624
-0.070302301596047
0.181064033900150
-0.594039086775989
-0.496305576465070
0.001795648225340
0.145307357832075
-0.290484353636753
-0.527933216647779
-0.125196255806289
0.065764850299916
-0.093727489374354
-0.051187172131819
0.015924529302606
-0.022936760901234
-0.562776184624239
-0.401699141196349
0.335081752489578
-0.028726265682222
0.498719812211881
0.308894674657859
0.118831919222231
0.167921013832028
-0.542070307632298
0.420445171301428
-0.172318980350982
-0.203653795613043
0.093641340789025
-0.395862847411158
-0.298232394592831
0.058662539225903
-0.070219335044261
-0.090148909856505
-0.451280938052094
0.230471683728122
-0.246714673049726
-0.166183934681879
-0.523942546261151
0.193974914517193
0.070500246744893
-0.286208739453288
0.144826685791717
-0.121349634729869
-0.564251622490129
-0.052920109652306
-0.346723340161971
-0.012243458784079
-0.225811920324514
0.367213426052027
0.272495970185345
0.161246416714638
-0.489029515102045
-0.116897977762894
-0.310774437610435
0.179817626354481
-0.214470904640594
0.301198606553450
-0.255633009963324
-0.231018425558397
0.024380205238363
-0.342703381886724
-0.431778310628975
-0.687637876746525
-0.408441368315849
0.310616469465456
-0.051517269968274
0.358812724518645
0.244992743947544
0.247747790483586
-0.384168314936787
0.346202005309338
0.293434131123753
-0.049854147610665
-0.239923205882503
-0.027217188444594
-0.321942330420421
-0.077866348307391
0.145684146710678
-0.314653233202630
0.592070691162697
-0.007501983165342
0.235091104343348
0.482930986096880
0.093888682860169
0.269517251821662
0.464868279177439
0.162865258654057
-0.341109522417950
0.516038336159832
0.001462877071193
-0.352530436490789
0.355853809379387
0.066978873205739
