0.345334446349884
-0.542763583569997
-0.164211294189587
-0.140195604260488
0.103119622190262
0.135503918119002
-0.055235245246891
-0.056298392255616
-0.069312408209752
-0.675373637157413
-0.090370425013171
-0.172634957658852
0.279064687997427
0.202078573576854
-0.278261729859172
0.178557416764722
0.099537173135052
-0.129596186781423
-0.012131769409876
0.240905029376149
-0.557106790233149
-0.065431098737261
0.045836983482525
-0.664197117512522
-0.145543155321581
-0.097662187632429
0.035696196554754
0.154053016409533
-0.640285309479251
0.115953996780082
0.666343162495047
0.082894759003554
0.200165000557342
-0.045956274863155
-0.277309745445115
0.454239060061804
0.229341904935055
0.341924933888034
0.166441516852393
-0.348865526779099
-0.764052626479380
-0.051962543089433
0.133308727643408
0.045243762293168
-0.144280599029574
-0.594431454571499
0.279525822512333
-0.415215885248095
0.498004878088699
-0.141489488533764
-0.311919729582304
0.053718206292013
0.488739195685072
0.128263839620511
0.093363762283152
0.212032340980926
-0.398486977181065
0.125975503994280
0.376288287158249
0.053619043129125
0.220318328067293
0.451002740969965
-0.551470899436553
0.300719986677054
0.252634224477400
0.302748581293170
0.105231527072962
-0.145283981238449
0.291279995880782
-0.236843912719250
-0.279639122310217
0.053704694581940
0.324705596836947
-0.415831035836192
-0.380680693146914
0.208574525433540
0.320675584936840
0.002014400479754
0.572611717655237
-0.553919396150800
-0.098247512612609
-0.062242422620294
0.290585660670271
0.131006776648035
-0.031929842115133
0.178878897364938
-0.485963681881352
0.006891306232261
0.145320509717062
0.307699962955215
0.009202776686213
0.497590463118365
-0.252281276901658
0.664010091108246
0.151675824441837
0.190143963676032
-0.340976615788864
-0.192755602585351
-0.008667238808670
0.712983042830028
0.359446228191350
-0.381651730230842
0.455145179414249
0.425718657589775
-0.119689351715249
0.056586401296186
-0.011171285036348
-0.486012892502499
0.631755238115281
-0.215291208040676
0.089864472856866
-0.273258148742068
0.651500914266397
-0.204327324248642
-0.344822306742736
0.249963408033658
-0.638957551575803
0.120649108319819
0.142518844151820
0.199765764880787
0.348144139645418
-0.358175364168205
-0.324513563296097
-0.052190265195771
-0.262474541088798
0.384323415090146
0.320663411725957
-0.314395692726841
-0.303196560352024
0.579566926042339
-0.312481134823280
-0.084313967650438
-0.062566484541337
-0.257803561718089
-0.267299546737060
-0.103465282178112
0.302901743099872
0.638810204485430
-0.144847000772430
-0.050416066624157
-0.314441155222046
0.301574924090168
-0.116911978591285
0.380514189239164
-0.162182675158618
-0.247182153236357
0.176923229799465
0.183845581731911
-0.178628567643689
0.334488716982815
-0.101431098255663
-0.268311342481919
-0.173151626174453
0.313745665366633
0.080811205237357
0.059993967642193
0.336389632824967
-0.334403470877508
-0.358880323323282
-0.407930971117354
0.174315511520817
0.222780360820055
0.011114154863133
-0.359033834354048
-0.154969341503821
0.266371680782461
-0.358519515329893
0.198048696186503
0.102284676082030
-0.344866895779350
0.629941268453559
-0.223183015098012
0.228580022456510
-0.096605451508776
-0.151759145985968
-0.227289442539689
0.116765575417402
0.546596043103704
0.287570312077603
-0.458379174970179
0.375224360330665
-0.046951853617314
-0.366647391041368
0.158308517922390
-0.112230798417553
-0.131726954265449
0.105945332420063
-0.031382267154744
0.319813631635369
-0.131557936463423
0.059249187460168
-0.021158856376783
-0.214564923702693
0.414803221533504
0.126585294355507
-0.143958997379545
-0.080064913842558
0.416769412856085
0.415795316348642
-0.387078827079531
0.529403575162797
0.065865077863094
-0.508509932182784
-0.211346162009290
-0.256261161923154
-0.199164665282898
-0.443987324499022
0.085535068317625
0.260249620392484
0.241498351912653
-0.088305744270455
-0.409366497773747
-0.722750785491661
0.149382605923254
0.062097912441150
-0.499416658107665
0.044447149926459
0.208005904827777
0.445008116765076
0.202974355381529
0.363788220000349
0.161911475640335
0.068722334258573
-0.207732936952891
0.338931181671082
0.608300467946395
0.499927615663203
0.375311802154662
-0.344319468734994
0.097344781239055
0.205332456962988
0.354645745816830
0.592887347698542
0.580708260982974
-0.002284882146566
0.225922377541091
-0.131718327738789
0.017363790472314
0.322976238318821
-0.229059970058687
-0.385631495780792
0.415969434392960
0.231367694057982
0.355604137539469
-0.164834662811562
0.529611772248026
0.258574215712950
0.178100132536404
0.037729367417350
0.366049273290930
-0.438958952568790
0.277193517225583
-0.400491355755683
0.106635398167980
-0.569738778017822
-0.188334610356381
-0.804146868545224
-0.003795868740848
0.159454109596556
0.419129910780251
0.291227058674976
0.258213207063181
0.133224767974827
0.197263268096889
-0.112961275744959
0.023956964344423
0.318066672185313
0.237524181177060
-0.029144800125620
0.618900185632099
0.164063726131862
-0.201006652988068
-0.509182268722313
-0.114231036037668
0.300667015161977
-0.334960302644879
0.409457506137706
-0.255323488441537
0.256179241496816
0.253130067414584
0.475134726490547
-0.169583290408991
0.060427568853730
0.102696098005417
0.322767550430126
0.140397780455042
-0.166057438116931
-0.015677780857609
0.141510021240363
-0.246021760423834
-0.348850692603597
0.181708762874581
0.246181103067517
-0.414974984630642
-0.498258744968072
0.135403588273956
-0.537042211392236
-0.558224193191450
0.104744108135485
0.081108965979063
-0.338098433199249
-0.326271496693504
0.002026440639979
0.234248937784000
-0.118487703431621
-0.019963101938862
-0.314756695027354
0.692970270372748
0.012789633688954
0.394184524282675
-0.417406990469158
0.528824865583649
-0.151232526662849
0.005559524336962
0.137347305590657
0.090219934419700
0.025594160002824
0.010434112813997
-0.330250766683026
0.317773134374607
0.341504264031387
-0.484196933476694
-0.004947379766170
-0.463855908513784
-0.563553349195848
0.386509254342481
-0.222452525401295
0.008062437179195
0.643205818934467
-0.057823645396577
0.100474718670778
0.127224131224728
-0.246254740255764
-0.330339246490323
-0.169445203231028
-0.047174925790024
0.243932434629846
-0.391246668267521
0.280849125821700
0.091251655601314
0.003760398516527
0.105739303758416
-0.213091164489308
-0.436327035741061
0.274658420068315
-0.446339069307679
0.202346572783438
0.052695784322147
0.224868725924143
0.146608918087906
-0.234971180414165
-0.086201610386063
-0.483942508771319
0.174717357033033
0.069138707027321
0.164905587665385
0.374483861973335
0.265939017676734
0.066183621200269
0.460371050646686
0.043631215158365
0.245446688706290
-0.155772112757830
0.001376221816280
-0.697972564100346
-0.087005668537766
0.329631069390487
0.312599121370631
0.092451468071091
0.017542762657356
0.289656509024803
-0.073797786066663
0.787384564101661
0.032814686897969
0.207417801116040
0.066675625509176
0.375357556072701
-0.243461577202876
0.391855208925657
-0.328301051438055
0.397358135458128
0.342856899227064
0.433469141315453
0.241132762500309
0.322384551745920
-0.664899200379018
0.322582969443264
0.219172112978667
-0.221569732261707
0.294497553109740
-0.252377783632959
-0.021662180893526
-0.080499246643541
-0.048773955513167
0.842466410919718
-0.405033327393558
-0.038872850249527
-0.496986638927662
0.240458284513943
0.076389090347473
0.402712818738822
0.139159761300535
-0.237914235799700
-0.715571597356006
0.129420824213614
-0.280020122647780
-0.688589024244098
0.028469469033021
-0.268470518638649
0.080238547691476
0.052049096379602
-0.413711234031504
0.176874185185462
0.417641583582351
0.298623506162962
0.182041231356613
0.154835456270475
-0.110880569225804
0.310339493450530
0.421202792816921
0.309806425286936
0.677119580466622
0.096549191175259
0.345690303852319
0.040250150859418
-0.047583059299264
0.731040076725785
-0.100177157940766
-0.178574984540841
0.521768406816560
0.656194404565745
0.281870531127737
0.103522584673254
-0.105469235411747
-0.479620060776815
-0.607666300884063
0.005236686969255
0.065582569069135
-0.218185637737278
0.235076812298992
-0.109077679250059
-0.443844006621346
-0.195152483722027
-0.024134567026665
-0.314502623415810
0.167060611827251
-0.355518420905745
-0.081782569516513
-0.654252732194691
0.201998770034717
0.073550796980803
-0.236344924920043
0.017898515203200
0.340618551067590
-0.313801142395431
0.012098662018348
-0.201461537662159
-0.636967088953175
-0.072904973677398
-0.119728220228976
-0.162706076144786
0.205096613360613
0.305735674431938
-0.713245108024571
-0.089229771081245
0.236934082764630
0.104006505479989
0.108268545652697
0.136167051783992
-0.118039871422856
0.005329352182426
0.092144448303993
0.038540018796918
-0.021744513812843
-0.364479226695439
0.412173134159353
0.403116447138798
-0.632976669834907
-0.101443503168849
-0.176595380674131
