-0.093089339712299
0.520919328446766
0.001328610306438
0.212546047489276
-0.355176500787200
-0.037916094348473
0.330831541794043
0.291800366837570
-0.326549925230342
-0.048897787672447
-0.027750218868744
0.573883906359880
-0.253769056626791
0.626399855640518
-0.158646963520742
-0.154545064979561
-0.344074825291513
-0.602213059209536
0.064339912810363
-0.243653921004624
-0.213884325200156
0.240779912499212
0.162782370510051
-0.288801980636168
0.308915791002785
-0.032669427244342
-0.069852702273119
0.324354245697068
0.232552399121087
0.328140881856217
-0.388602715804406
0.596280836476433
0.331024464603616
0.315245636972083
0.174056035173765
-0.193802163144248
-0.688910068703790
-0.251152198443251
0.478309152626857
0.254305439822252
-0.484251769531322
0.192963187606694
-0.052915508212411
-0.082775153042866
0.298817152846197
-0.341594429782381
0.286024984453817
0.435537017394502
-0.227393259259013
0.291851581678059
-0.248801128532201
0.142072486442184
-0.047057400181104
-0.336211084845416
0.319633977371980
-0.534735526598407
0.160374417133943
-0.392100917080193
0.439913324579241
-0.313709074484487
-0.678992139815665
-0.336012364006407
0.152123627599406
-0.154698520760279
-0.225442404039115
-0.082235559493306
-0.069078858297807
-0.183719459110935
-0.168129075463819
0.002246223488945
-0.053019170695369
0.084116035374158
-0.441141257831135
-0.463044928121324
-0.018453587916113
-0.509169457839939
-0.544704182664090
0.344690153616945
0.017990158690482
0.316978551185829
-0.169463624134168
-0.218035664772915
-0.109249041773362
-0.185956941209787
0.260612019372501
-0.510791088863068
0.063903988806320
-0.352875669754452
0.259522186748554
-0.177840942869901
-0.044368412110962
-0.091617731485655
0.396076836847529
-0.756718108018681
-0.389695928775070
-0.009983878396930
-0.154609086612644
-0.482532790501225
-0.143173911415010
0.119922846267726
-0.395941513683368
-0.201960131813860
0.056226876162113
0.102794366484854
-0.009143582284537
-0.159156045079144
0.433595146095345
0.171754929531171
0.328679953164228
0.362696788570373
-0.372084719704720
0.255220018309555
0.194124829796691
-0.221673775922795
0.213134714780855
-0.229710097470275
0.496169802884031
0.274011635746238
-0.160327928239839
0.163795171668886
-0.637690209571748
-0.154260830390210
0.316200028146793
0.359238875852290
-0.071962915541997
-0.375686602494443
0.017111237677372
0.481061068128959
0.169492504044589
-0.571523270831606
-0.118705479731510
-0.275575423574303
0.105018253474767
-0.291309806317712
0.321102521666962
-0.238741911810872
0.119769098647125
-0.160873761492750
0.312306342787413
0.219189518356626
-0.338065234642605
-0.313025908949005
-0.446884803586868
0.189859724676688
0.331956855287060
-0.202013842551928
-0.036284144748408
0.800322741185193
0.493242845652576
-0.028848885474274
-0.262480251961139
0.188072110663416
0.106712811488249
0.523542979549815
0.072573665000696
-0.132921639664574
0.565490524140774
-0.493407500695111
-0.057275761866865
0.264466964869420
-0.604731807911028
-0.029206391040054
0.042390262532231
0.238024817098249
-0.110983320480838
-0.177223449589432
0.191017176832983
0.033733553792053
-0.530094056665097
0.049098062747868
-0.364410583100548
0.581211464335496
0.427105662437108
0.149249864787287
-0.160885014977247
-0.404993647737937
0.344119232377841
0.200586366314681
0.354424725164468
0.541223287909253
-0.342042592745166
-0.166612634607783
0.217848251022177
-0.435149115028188
0.244445143424114
-0.093476833703710
0.185419619029700
-0.328695643466308
-0.234976315282538
0.587569467605819
-0.529618907569055
0.281539492884532
-0.413101381930952
-0.354171495937202
0.172517593097250
-0.183557261367809
0.467796784563871
0.203695134787336
-0.057761017902305
-0.642357451206938
-0.054242866471057
0.307227565527927
-0.650140558374425
0.199975000959947
-0.145494148497567
-0.203333325096984
-0.576385630016620
0.188611011911293
0.086441789843004
-0.506825684753135
-0.168036387779331
0.598898274075592
0.157174388000650
-0.134379351820696
-0.342222057102675
-0.444265182559451
-0.003618158546266
-0.573923530294530
0.258529856330682
0.287540049810272
-0.154487645357114
0.266254623674315
-0.294189919482805
-0.266747086458299
-0.540433237361126
-0.199400254072705
-0.027836027690373
-0.482350792726326
-0.309014122497137
-0.144896312389506
-0.465546255262256
-0.054865188241786
0.261849363767803
0.238111191496037
0.320487737834100
-0.179896705714075
-0.536249553068074
-0.299366924128422
0.346254465135044
-0.090063877185268
-0.084644177166060
-0.272660163543982
-0.195227504909371
0.399121293865107
-0.519355087065441
-0.584845051033221
-0.359733961357323
0.214247138854899
-0.419062501476195
0.044408175226102
0.224269289891955
0.009430992123319
-0.292975443426091
-0.219529714007300
0.059407502117855
0.299232539417965
0.340150692111406
0.402615641361639
0.072197631627296
0.242912438000139
-0.005743811903773
-0.360398511533140
0.714088377410224
-0.002555259154910
0.226044377234250
-0.209311093414755
0.494265086115537
0.168059935817812
-0.627033361471381
-0.132538626521254
0.135882145216026
0.068276619754248
0.326192913960504
0.345131161122414
0.074441872992446
0.102787566272605
-0.174445852946635
-0.145625654028351
-0.040021350083460
-0.259827117218832
-0.565379558387037
-0.121738854814385
-0.101866515788898
0.055238316829596
0.530489878913930
0.175764526095773
0.111990262075111
-0.583346599867281
0.299966833037106
-0.034886620245745
0.111811982772145
-0.086308627203566
0.171396878114927
0.795978628231384
-0.132609464262584
-0.412922895496515
0.086089293998748
-0.161348730018427
-0.010558403281990
-0.196459004543487
0.234749444822402
0.271645752393239
0.386735624108602
0.217483597333151
0.049046739582372
0.315682035010869
0.550496557643166
0.393098381705087
0.393820303381021
-0.462728620942061
0.635058716300708
0.183122072268050
-0.024566432716193
0.276246341064799
0.258858828969915
0.108801266083373
0.381849210587527
-0.180192869672185
-0.126466920591260
-0.135364616709770
0.414798853101576
0.031246828469186
-0.099028206576543
-0.783523280159516
-0.112066043719655
0.249324080075774
0.005778978526742
-0.199497172659293
0.378040416457891
0.516332031932275
0.169022528707558
-0.024427283094254
0.015301453930330
0.011120546351152
0.280628676860011
-0.122670430179933
0.273396491247235
-0.296502818328370
0.086476851707839
0.723251241000276
-0.078179392787155
-0.749712092969713
0.069037750280877
-0.327213065410056
-0.329569163421578
0.078028250483122
-0.003878533298478
-0.402788605838085
0.072678868341099
0.586481922089188
0.556134323643651
-0.278339794901378
-0.012992418589349
0.321198777065379
0.417216610175976
0.114743117433477
-0.160675242151317
-0.071769202817229
-0.623103066346043
0.375555258603273
-0.127171469796390
-0.179575620307982
-0.219247634031940
0.269231189029641
-0.407880079891896
-0.265693625731417
-0.283219501888877
0.252177619643332
-0.131955655132571
0.199920577174189
-0.772436355113401
0.284146251692314
-0.129484493297868
-0.128008519720859
-0.020510938192126
-0.708527967081413
0.130571774543768
0.483155636435048
-0.065868451739753
0.018950153484441
-0.010517196457799
-0.288019758110307
0.526326913978012
-0.277831025654480
0.067100590700414
0.044302748395186
0.243637775656260
-0.078433788695370
-0.072092220717314
0.023777478406669
0.508122158504188
0.353591339841844
0.267408172148274
-0.315996419180596
-0.224511369549567
0.280987680754066
-0.451037160906034
0.119359188384335
0.214913678073863
0.055271625091704
0.137785724619041
-0.539008161893655
0.345846493421027
0.342115190587914
0.128487652116931
-0.294463128399941
0.204943878068319
0.594575676557247
-0.083554647187443
-0.397924445563222
-0.495935765050409
0.109703581065822
-0.195939745744663
0.037250907999084
-0.032438105927667
-0.108516982290539
0.186742859458363
-0.249637857523398
-0.077447358153522
-0.379238304324740
-0.010948008002459
-0.119799097492735
-0.085011375689428
-0.008697796164831
-0.732739234323041
-0.379950667557113
-0.140560267338218
-0.422434779309057
0.268430868426791
-0.183747380862956
-0.088058537333066
-0.251823989871446
0.048675891123449
-0.454867291260045
-0.184237845105259
0.355259863336615
0.135667413013601
-0.273791850272105
-0.158961100098362
0.212546314559865
-0.011385618978230
0.250950875410646
0.024702104998414
0.593789674030071
-0.050252316886260
-0.169850658783372
-0.311643725330111
0.044648020849279
0.444746327335255
-0.027437083913376
0.193954143327228
-0.557392632418457
0.267510338788226
-0.178749354959549
-0.037272311967649
0.182150009260631
0.260820412501802
-0.455801622360731
-0.111021701510907
-0.049227232350081
-0.301221864272671
-0.394794762337987
-0.245590135040923
-0.331452640431665
0.196721525858747
-0.125051313286848
0.328712760302627
-0.255693983153708
-0.278818219940135
-0.586096250811727
0.122397555790944
0.124391035770394
0.398701736771359
-0.115860693666493
0.591135356515064
-0.557968795189128
0.061515139447429
-0.182911008554480
-0.233905894643355
0.243244089055489
