0.125710588498780
-0.090132786608836
-0.837494258793478
0.188222166268936
-0.171512649959075
0.284336249676568
-0.219800484467551
-0.036078927833324
-0.235756260407977
-0.319049327979447
-0.008293872998036
-0.332716316322644
-0.195463106980285
0.305815470174235
0.310614608229911
0.423471883742735
-0.312219701195296
-0.042725313843742
-0.087677746962596
-0.423888590324714
0.257800227001709
-0.235399453610680
-0.450674338090410
-0.559015895710337
-0.203469985181857
-0.352639021390955
0.551695540413861
-0.481676572425393
-0.336184355721098
-0.179585638966824
-0.103992601045745
-0.008645057393283
-0.094441395319352
-0.400373977711160
-0.290317773448271
0.087933288307380
0.442080050653509
-0.034732632536770
0.185690375190494
-0.415290087282529
-0.335621407803820
0.442294454971870
-0.171768937124297
-0.462826307654559
-0.314705577147033
0.055432116780935
-0.158287059674441
-0.403545708859761
-0.035591086556801
-0.187801756377346
-0.480910318681837
0.125329967067691
0.194515297060986
0.203891908268179
0.392149206509182
0.198792576787115
-0.252905140865079
0.175207581434102
0.704743878168458
-0.414696191077629
-0.086207929938167
0.289744341811646
-0.105708641694856
0.078375724645174
0.172897737524120
0.568814906885888
-0.314068646080679
-0.132019364101708
0.215662608023797
-0.413251363369604
-0.012666047866461
0.188550810388244
-0.186775433251606
0.444334822826980
0.054904459161821
-0.421182392435686
-0.040104771696218
0.075239717241264
-0.003719652582491
0.701051799249954
0.159307569933256
0.568611249197543
0.288347213044127
0.143574231151942
0.273753380733267
0.229754275991118
0.028604063674614
-0.190264973074294
0.562321649156482
-0.094215124479401
0.349583087460305
0.422393135385707
-0.367739718166041
0.164819742594954
0.017153603858450
-0.316296180965492
0.243885123553570
-0.754894001764537
0.162974467855993
-0.235911666243433
0.873515622696254
0.273665472467964
0.085807417026172
-0.234151724032876
-0.106258570720145
0.485653155821422
0.353169892004379
0.514934750586896
0.218350520016619
0.147241815733835
0.363245800928267
0.251810037956345
-0.354669373015707
0.168473583142457
-0.109254104969284
-0.052563731050366
-0.624838144081407
0.601126798563780
0.038099856283593
-0.313471950297675
-0.364997340366679
-0.192825687769847
0.226927918097185
0.244761752593627
0.063879695197428
-0.380728067496313
0.706217728992197
-0.136654146121982
-0.197412824956531
-0.000556055193780
0.186010747772865
0.221826370222154
-0.138782021987619
0.351108801507437
-0.065653898224030
0.089685066672608
0.009170776460391
0.238910254912524
0.284877271399501
0.350876626141673
0.174760106017955
0.338402606980569
-0.621741843660352
-0.047576319618268
-0.265076219113754
-0.294243299114984
-0.403684183488532
0.387317638168604
0.027017932487876
0.478377328785680
-0.268653646962897
-0.109136676415612
0.364729080888665
0.024236783320593
0.612550595639727
0.105069438072717
-0.321290088308404
0.094467984881530
0.187227671686510
0.618636396422408
-0.006827570340888
-0.002751599326391
-0.196400473322271
0.163946539178288
0.304505425606085
-0.045604749087789
-0.012209349737902
-0.207094856604691
0.320433350061055
0.334178759120501
-0.318906410244887
0.194635281243623
0.059393903192727
-0.633628377823141
0.070263955379660
0.111752350016109
-0.179856440663007
0.437164193303954
0.076277498247745
-0.268524871148692
0.016778374617946
0.765107246225115
0.122518849994812
-0.015808781463643
-0.101751036980673
0.171934721117752
0.426364231147114
0.436655438136568
-0.536241208525900
-0.189142696115976
-0.391577014268938
0.066181741814025
-0.547343786880146
0.384673574553403
0.241764004682443
0.021123489621075
0.225379455584617
-0.017583042429289
-0.343144946963827
0.275066516609199
0.044463790144178
0.425844890525117
0.302619657342762
0.404266449181305
0.317629524923576
0.625588711909788
0.037155954144943
0.277006082765118
0.553938934748762
0.070052769746391
0.150975098554894
0.155418711158242
-0.298768382145360
0.060665123182953
0.334108592219773
-0.035219134914849
-0.096685442180754
0.177614101488634
0.125116466255928
-0.285371715469922
-0.430690291485278
0.173493104970178
0.069553775937086
0.557338928772041
-0.404104996336732
0.328432877095333
-0.030969585681199
0.347523890551950
-0.158479015005650
0.226102426011107
0.006216836386999
0.184491257327981
0.528750461205886
-0.190038166371591
0.516170354741925
-0.523963880643624
-0.030076152396751
-0.416673471440499
-0.080144267571290
-0.401083814032698
0.562490598275918
-0.005655811274273
0.190820949847450
0.159036723808974
0.550571623852551
0.161532437112525
-0.173257455026413
-0.085916541823401
-0.309364581250708
-0.225018114784933
-0.584393009403670
-0.459146952914677
0.251764360405319
-0.272731031622498
-0.148549131661948
-0.419016670893838
-0.564512658812229
-0.057420673379788
-0.188068694008794
-0.357916501219932
-0.302164452289174
0.334758833864791
0.049271602855265
-0.296697280872832
-0.490073713535988
0.344494029308692
0.335190764996498
0.189768226488281
0.148771962500878
-0.178734196164444
0.083349157764400
0.240788834885088
0.332224389382138
-0.080864904182919
-0.110254185260602
0.225759224804744
-0.425505837508046
-0.671901879037861
0.152512061649914
-0.169921699059141
0.543852811389278
0.224124661289546
0.217456131011812
0.264338000582023
-0.354274393803289
-0.343092157341937
-0.444239716878059
-0.066846496070898
0.156170204466344
-0.071153252476956
0.067749625176180
-0.023954840558433
-0.658395069343373
-0.342128306899708
0.465604371836809
-0.449296483458256
0.321032261440614
0.206863881928976
0.414804689350145
-0.006626812142884
-0.097562649478564
0.300063885502027
0.013137042518002
-0.085537428891448
0.300233076546911
0.030459093182117
-0.094879518925830
0.059454759054205
-0.803387554633608
-0.450010443919794
-0.234724881137354
-0.297390858335397
-0.398929929540187
0.121727106818486
-0.159983296832570
0.129746209345216
-0.245681401616386
0.166268743886649
0.180516034546174
-0.769110136711873
-0.021391509003582
-0.258426120211619
0.255882913056696
-0.225782020946719
-0.374370513061089
-0.027662352779215
0.549655986115033
0.025240971377565
0.307508577200827
-0.272980248996809
0.470139528728979
0.060496333374661
0.458208548363076
-0.387893863594220
-0.002046314508176
-0.032558718257674
0.435652590717843
0.470303444468088
-0.070088410972045
-0.346023763612600
-0.099606849407143
-0.186809101235677
0.018050972425628
0.101975750032828
0.364489740760373
0.139544027412652
0.213619202295375
-0.118943027994240
0.063117271592223
-0.073211382251408
0.091343276088261
-0.100792875711859
-0.425652881232878
-0.324363107982593
0.001594166056269
0.150089468745281
0.238450152585926
-0.311963692596902
0.677154833829541
-0.057347037357246
0.231561719541798
0.258522335124018
-0.117503998208062
0.026815403132794
0.103748610111105
0.110721127395623
-0.645434652608956
-0.247562294137615
0.260594041146121
-0.395055163310704
0.214065360388663
0.073362035701773
-0.413400668467504
0.261204681411013
-0.091226117365357
-0.571694726307111
0.655969638190378
-0.017453603417908
0.096069642943973
0.051766377403111
0.113204705810079
-0.070316676670963
-0.500473715903430
-0.082682642366149
0.674873920925722
0.532329146792158
0.237042167540035
-0.058731227136923
0.015955011058468
0.229310975558698
0.168912422816724
0.010549581183771
0.081933089954840
0.533799729819864
-0.224882831021631
0.237289529641512
0.355540635891364
-0.314752490304055
-0.319258369685254
-0.152875590236208
-0.334804054529447
0.320933019133584
0.195513899031103
0.038517111406555
-0.451932173961567
0.395361075284724
0.345098354927931
0.161127443961223
-0.157062650653978
0.718148077543139
-0.211759166603036
-0.347517490816768
0.382109445121639
0.649668688213117
0.082719408660349
-0.022397348478934
0.305965642494738
0.249923740372773
0.541261383998378
0.030394917983548
-0.605806899930032
0.209520300582449
-0.340535053609732
0.214135411639292
0.336760782058349
0.336026282288567
0.249143269692080
0.083177569867696
-0.454745856421120
0.004122491253158
0.080445817719648
0.263805408375342
0.213791718358666
0.077152969422894
-0.383314657424849
-0.282838809344518
0.173965754160501
0.395056823586420
0.006137034064064
-0.264403427075466
0.650203221465044
-0.137970089601388
-0.480109139101712
-0.182901858928120
0.221992888045379
0.165692149415286
-0.464515324937039
0.381985626845482
-0.185268678185353
-0.193170103329354
-0.101489330922138
0.034188823676486
0.341950054499038
0.052134470360318
-0.296062986553490
0.148473221972581
-0.588063356087766
0.042399181318782
-0.542832600454314
0.290090430717719
0.761178015946910
-0.090596273032067
-0.385347724049496
0.306020116621747
0.176161249383743
0.175801048530241
-0.417481972858213
0.274784174947255
-0.014221685716543
0.157273495986988
-0.342860635549090
-0.103287823442986
0.017557131927858
0.726124691892953
-0.195895021164656
0.041839024094195
-0.387799007029585
0.066070847806290
-0.266125256813117
0.395568393407744
0.344516651457021
-0.256949267435039
-0.023992957828360
0.021963143821747
-0.444833086284734
0.137212741180970
0.159291834206023
-0.384230848192142
0.320663609423719
-0.155171490099191
