-0.615358315185998
-0.139976454308889
-0.109479631626821
0.461000688238439
-0.267714943806927
-0.510607333516406
0.050334821741013
0.076079263113389
-0.255036754284958
-0.451196427373692
-0.290695481926662
-0.483047584429223
0.305776188107018
-0.042019789836084
-0.265288929661042
-0.130137073431562
-0.063187318058763
-0.193730884640337
0.243233219047934
-0.010148815983307
-0.173949527790570
-0.150211476679563
0.415477570275847
0.107987086693817
0.131327266457216
-0.223442447008018
-0.004311156849344
0.628480124381859
-0.589338717904221
0.207009834252441
-0.052437004232982
-0.392328724017925
-0.044118786647995
0.186205972184533
0.749493355542294
-0.628026471763488
0.152272775607583
0.417269851253063
0.108818598185292
-0.297797504635520
-0.518915433552539
0.134442118261654
-0.180710902148417
0.254121552872401
0.416862175823182
-0.249710127255107
-0.399344507040356
-0.028125422840476
-0.162219602377510
-0.531261166298482
-0.038604925734747
0.434785337130132
-0.352073215531876
0.049801647143702
0.215524288665744
-0.251488090163132
0.074794500438981
-0.702833480586048
-0.041591839292793
0.204774119357455
-0.551173126471674
-0.007062461134553
-0.171278927186818
-0.249048539257940
0.122704641788755
-0.157196133616266
-0.018514576062907
-0.100946244492259
-0.273790714856145
-0.426006520140486
-0.169246959457565
-0.339656257359524
0.086383907666716
-0.688871180494225
-0.222234056477334
-0.583760090551150
-0.368189964148405
-0.225535032295653
0.215361063027189
-0.395196223760363
-0.389723684402204
-0.031078554637354
-0.179119132400144
0.523949414706862
-0.342608075315830
-0.601509328385268
0.362973436211715
-0.300135916186983
0.168327309856281
-0.117578389901795
-0.305788482382730
-0.017777029071536
0.041149597376065
0.347723840190075
0.438385022955804
-0.315881194375861
0.293424934302119
-0.702786960961139
0.252166418655055
-0.053433864770551
-0.295687592664918
0.351040693806725
0.193563661763493
0.047196268664266
0.216982700143163
-0.008000606111316
0.628714115591949
0.521393010874877
0.011603607290921
0.020285566375446
-0.326015977434823
0.197026580275870
0.362751915315019
-0.482115729649860
-0.457237636661456
-0.133479691224029
-0.002290633005828
-0.451565612062616
0.464225176609441
-0.008141183921780
-0.226708819641189
-0.589434934806627
-0.226689204436927
0.283921320455456
0.242715394280914
-0.418077496403907
-0.090693633445394
0.520667229298103
0.388275691092444
-0.432212996609121
-0.606792237016991
-0.081839095600304
0.352455959309352
0.123639389615813
0.157127318941014
-0.050615373630050
0.408702304931971
0.384775586309541
0.215735020751682
0.093998167865486
-0.011862933010653
-0.459338702594630
0.620193005548787
0.240658154847560
-0.035922138134725
-0.001555214434595
-0.320293760389971
-0.118064305257875
-0.051910931969064
0.050707972754767
-0.131130471039310
0.352281693869600
-0.242440398965901
0.076239378354908
-0.342805377131810
-0.512418620674528
-0.419901293516164
-0.004049626143016
-0.186553733584959
0.446577036876686
-0.637425892023523
0.278694273214111
0.269897738441833
-0.082172891676164
0.132925506601458
-0.032282829631796
0.488095094295630
-0.212690817487790
-0.509893799267823
-0.239854916112195
-0.006309136581300
0.727981082636012
0.185066988035084
0.041068917551110
-0.051526526310961
-0.176601644604689
0.243423062230572
0.433175023586337
-0.020419522905249
-0.124489254885052
-0.357311165218891
0.362866971260547
-0.219255593204193
-0.518375640438494
-0.196525048888023
-0.433923712844789
0.287918242042870
-0.429349586983121
-0.098349815200873
-0.461741209904835
-0.186733751527235
-0.085276277014243
-0.500910207455916
-0.201028648161168
0.408866846158878
-0.140858683837149
-0.384080275828987
0.373419392718378
-0.284854291357562
0.130629268214695
-0.115048485637170
0.195944009374920
0.171237063221068
-0.355702598866645
0.495384409248875
-0.235914624932829
0.645574895301396
0.030882890629230
0.150523763975415
-0.061415381479874
-0.218992907946385
0.047645005787110
-0.169360964228777
0.524471490844372
0.036059775979280
-0.105079720077880
-0.266229157360294
-0.551684292804278
0.624179453741724
0.319645417527961
-0.256259017658149
-0.082788082934858
-0.014757369827685
-0.540528467269069
0.598978147040713
-0.471411721505012
0.021537713206444
0.233313594129515
0.488143549134312
-0.380329720592833
-0.243676032183304
0.133256842918253
-0.495679582052197
-0.370943258422060
0.551548644295395
-0.527125364364627
-0.379765874571698
-0.145067115720232
0.201016272881118
-0.105148534400804
-0.548610233108671
0.403821393326499
-0.131063156695316
-0.398909675858256
0.157577226820123
0.125986322177708
-0.074360673994285
-0.363716162050743
-0.319491613051895
-0.223149322596735
0.100748946181272
-0.326116319170694
-0.442714353739902
-0.184313715000844
0.340392115011305
-0.501205339955048
0.253240782008727
0.115230960944071
-0.146465080167236
0.407983248764400
0.022491057777210
0.616067732940948
0.090432237407274
-0.642985235347910
0.283938990433806
-0.378025856322669
-0.375573283816211
0.051153048914764
0.351485465142221
0.579250286716045
0.186319790017742
0.272992926130496
0.118997236886809
0.199200629779383
-0.042579208537666
0.077890842817537
-0.275898068745561
0.376680680036515
-0.144229520019457
-0.009586166743821
0.232302086706226
0.382094602463467
-0.179513368212802
0.170209955203241
-0.215869775079751
0.182763433777323
-0.360767550875277
0.065730832946554
-0.249174397063193
-0.460086623576919
-0.190958566899357
-0.122456275177785
0.159869462386890
0.133683538885657
-0.611501352611012
0.233194394674003
-0.136154621316435
-0.276123364014644
-0.695184448190846
-0.064355748719329
-0.576638603406379
-0.202120594941443
0.065183659028549
0.019669433930144
-0.124586078073282
-0.320739173916855
-0.374967919134994
-0.460111877385713
-0.233017186102845
-0.283312062187417
-0.714732541430034
0.256836117514666
0.014971146938208
0.361009505510266
0.030889086747853
-0.179129977416089
-0.050346302223523
-0.087790783091503
-0.472295767106864
-0.243315890754568
-0.076074021401381
-0.274898202826014
0.168186085334104
-0.099549863609769
0.388176248823872
0.314269603055868
0.026618707176501
0.096555783019909
0.452558482164558
-0.330993186081293
-0.382217152943085
0.042923286247659
-0.001758967258299
-0.454647221819157
0.139846102875636
-0.138644093484093
0.097318570279443
0.528671276565338
0.529797140349577
-0.050193397570568
0.416040198165457
-0.283676045087590
-0.003899824311379
0.000074506516615
0.013839315152153
0.076227773391034
0.088184240164336
-0.337254013772521
0.076425347719952
-0.754582779099730
0.023140205829598
0.508713789710444
-0.158639846431554
-0.190767035642236
-0.106648393011009
0.330844791390617
-0.209854563118840
0.046822891217260
0.104920922887790
-0.339271759874085
0.027726558994343
0.214991390802211
0.545868821231826
0.076193902444363
0.460355067968748
-0.448613370539712
-0.284067013249951
-0.105564449254508
-0.249596248035543
-0.234242033513360
0.109559901103768
-0.347530867422416
-0.009435447095350
0.234871634112500
0.142445194875748
-0.375580251706650
-0.393981948860943
0.275725291219272
-0.294282031550705
-0.044676564780014
-0.092347755845817
-0.640461630501417
0.011272364461461
-0.044275476048979
-0.454053313170082
0.076523686476236
0.068074840395096
-0.473428467879511
0.132899316551262
-0.304523093474637
0.253237672412503
-0.599837614623823
-0.032818715361986
-0.582572386674683
0.337345710493177
-0.159633601836977
-0.441905600486549
0.380286072219891
-0.413088431706798
-0.374932121276593
0.298300159822227
0.300322529638140
0.159737088884456
0.323433621363722
-0.132508354021816
0.167903757942866
-0.411089564735947
-0.338214057506067
0.314864051956899
-0.089649029734966
-0.483074300962228
-0.046267140189478
-0.107962617321760
-0.355885412904583
-0.155401944351507
-0.137233811339404
-0.141490662458791
0.247339532627693
-0.291910641522510
0.496156140327308
-0.025424089540673
0.280953055270806
0.642747313269962
0.322600315245656
0.330493363977781
0.308279904090413
0.185173684796299
-0.409574977998323
-0.254619706520945
-0.152771814901057
-0.187022292281757
0.295066827930821
0.044132937619273
0.036157502414325
-0.443055015199811
0.341216205255683
0.244005586703370
0.504491894681309
-0.246624359605582
-0.089777167446223
-0.167805565220848
-0.097929674755476
-0.624210198597070
-0.316501105982875
0.259678466553794
0.238590789075878
-0.068949010397417
0.150020546622117
0.408743310681607
0.543930894923578
0.500976031019990
0.091102517921134
0.289291249831025
-0.318034276669806
-0.236817351493377
-0.035732804043672
-0.671284841232174
0.320008550655474
0.281684664716826
-0.105196849543418
0.111008080450906
0.028324947674207
0.155051445942906
0.096729871403031
-0.274643096319405
0.210277971679621
0.032952359133450
-0.121684361012524
-0.364650617748959
-0.288503006192599
-0.196250850980209
0.243524599992643
0.433881248835719
-0.222090840602284
0.067388090353682
0.168064942478081
-0.385113565752571
0.049182909264298
0.233245342649853
-0.044507496561689
0.296608610957260
0.274773033296880
-0.420889330849089
0.354277924609853
0.198168972928635
0.169426382823580
0.205436220278196
0.352186060218032
0.366294281544823
-0.075512713952568
