0.268372403891465
-0.015506827093777
-0.290939644749544
-0.000000000000000
-0.465586233700863
-0.144182213030754
-0.160395726141248
0.410594541158646
-0.000000000000004
0.398217852505199
0.112237121678985
0.552100914280925
0.186374244399713
-0.000000000000004
-0.408003438156081
0.369597431654587
-0.000000000156347
0.000000000000004
0.789885239215047
0.000000000750415
0.438512736472289
0.130474818119516
-0.438464129038399
0.000000000000005
0.184565014863594
0.369597431654589
-0.000000000156348
-0.000000000000006
-0.789885239215046
0.000000000750414
-0.439780902621089
-0.552970622971444
-0.515058658947555
0.000000000000004
-0.485315181777264
-0.348401331853785
0.552753162595278
-0.425017111737717
0.000000000000002
0.136968175784781
-0.415474099513251
0.529197248142394
-0.310962288593929
0.000000000000001
0.277404696179860
0.425217674641396
0.031001456733374
-0.480156290369397
0.000000000000002
0.262800342686818
-0.479811767421029
0.000000005573228
-0.000000000000001
-0.096227414123157
-0.000000000220759
0.033373910055158
0.537357272438495
0.270249199265164
0.000000000000000
-0.448850285512767
-0.479811767421030
0.000000005573228
0.000000000000006
0.096227414123156
-0.000000000220763
0.000000000000000
0.000000000000000
0.000000000000000
0.000000000000000
0.000000000000000
