0.245268439155440
0.468827788934264
0.152397610234634
0.194843599310407
0.234867727662279
-0.400436433673681
-0.537906488420425
-0.126041022031158
-0.078509563271647
-0.352463786034243
0.470752289647112
0.435810541615212
0.112314360314558
-0.275796341316875
-0.404294966404388
-0.023316278607320
-0.125324403386121
0.357819969804003
0.446068893811763
0.041458175749886
0.015098185706028
0.275624118286449
-0.415883924199309
-0.525697121040139
-0.058652496135070
0.304457562613218
-0.481358457984790
-0.289799816357112
-0.137372971079608
-0.292040056870133
0.039764914687746
0.217620533531471
0.433247133823463
0.318194504036379
-0.014616905853715
0.539400062209608
-0.341633617740939
-0.485608845939798
0.386112965958430
0.455432472949281
0.513045620178550
-0.098557533967353
0.199927227278156
-0.321985668862751
0.432570138516652
0.331131156861925
-0.227751865741409
0.050989152967606
-0.359394271869255
0.332781563958040
-0.280062370008009
-0.351883775752112
0.028996043599277
0.202072146681677
0.303970147533391
0.000741033864145
0.358523305456132
-0.606209476801290
0.392449283086882
-0.070518768202815
0.004510439668954
0.266108726866794
-0.568125087086051
0.274477779416001
-0.045913057801435
0.406483834234430
-0.052971562780824
0.259662510999478
0.350342722015087
-0.359523614646796
0.551937133237578
-0.313734892065474
-0.010033492401457
0.167608769477863
-0.480247881329954
-0.001390443416840
0.002691993051394
0.000103341881802
0.001778961864186
0.001943558661394
