-0.214551115836340
0.172438542270751
-0.503873077957356
-0.003468657594745
0.260467495699459
-0.322624408361889
-0.077961062304408
0.599555516153815
0.098214940829183
-0.351605831170621
-0.322823758723699
0.619620039056542
-0.206088054300165
-0.276583281281300
0.227912956568953
0.052489057861544
0.092593213081697
-0.210073974049180
0.185540368656728
0.281785580619160
-0.128937742266655
-0.016713375851543
-0.112513421428698
0.706208719489548
-0.052073995871133
0.525046382377289
0.453112098104404
-0.332797803719820
-0.214611208788697
-0.310638400363702
0.376573014454029
0.126080481693668
0.242337391674089
-0.284539919017404
-0.025650994495094
-0.095373038756742
0.646378676124369
0.007254289400336
0.153835856363181
-0.464568803575720
0.120502849533200
-0.359517597113639
-0.293410333193090
-0.090879666472763
-0.603628001718423
0.471431093444791
-0.350968288538151
0.088832269137784
-0.189257370105846
0.089220918075751
0.054917953462073
0.084271493866631
0.290260069649161
-0.162779767439859
0.469121612814871
0.546496097867747
0.103175305107305
-0.272146626462125
0.668786534557344
0.008344795291239
0.104921369500156
-0.130558999619748
-0.287475545023161
-0.113916293571102
0.587639973171787
0.065925953603752
-0.070858284831257
0.162290152377561
0.371333644978843
0.303501665045100
-0.585848108563412
-0.387568732154200
-0.444702777632424
0.041423729862342
-0.095100537347775
-0.024213281047500
-0.200856689333791
-0.357566661719668
-0.394130688804196
-0.097127296867085
