-0.362489097488869
0.459512647314346
0.170832323970450
0.377575628108700
0.013103248743049
-0.549370194988163
-0.443117124843762
0.053662610689409
-0.209139586028300
0.467248160600065
0.182960896033024
-0.054864773234552
-0.469473951910549
0.079999612977890
-0.101349349112266
0.514517376928233
0.465747823422254
0.067507733974440
-0.264735112960463
-0.298847472986642
-0.421828496963159
0.238998308721798
-0.012404766536345
0.035665201641666
-0.578552031372424
-0.478142629149048
-0.288120788366073
0.201586733297988
0.037829574092690
-0.169772512785937
0.486581244832082
-0.282822245803425
0.033108275880427
0.616190973622416
0.088774068689896
-0.242551100274350
0.444454940036249
0.466312423878843
-0.400923158155535
0.210125518254358
0.409631002252906
0.543546450444853
0.480361325806967
0.361727605519914
0.415977329039437
0.319757140545380
-0.192226663851325
-0.319478053979377
-0.278589530233366
0.408236421234259
0.049825350951494
-0.140713821592968
0.284821515368960
0.121521466090645
-0.344566407521107
0.027387206797659
-0.372052003454707
0.750795560211879
0.064171742771416
0.139474043610579
-0.049620122342254
-0.199595113561120
0.348467347039482
-0.049002312514900
-0.433898563078964
0.377900925533970
-0.418303332561930
0.111815323902154
0.023462837908309
-0.312973210926909
0.271160707888654
0.093940616035164
0.115428999686345
-0.722137691563553
-0.017758809003951
0.336407481648303
-0.136272323617636
0.159820661627984
-0.249536870002554
-0.273917007526210
0.218803523354382
-0.345763524792654
0.368118900469282
-0.116128096352272
0.069747578078369
-0.027778061038435
-0.002935399518899
0.034463354651587
-0.005849061417550
0.011248307534971
