0.287285286940505
0.069747191689340
-0.152189606236520
-0.091588462761708
-0.274619747042785
-0.745449677322373
-0.031286394467792
-0.017490563316374
0.078014321751368
0.560366331460548
0.046905131666598
0.078990296379578
-0.501679017924870
0.099539693150318
0.394344898823853
0.330595520318564
0.040578353937664
-0.366216086584647
-0.098419440964727
-0.108772438439692
-0.028520676362966
0.155642953616997
0.073036156033855
-0.212238766701413
0.123856813949390
-0.027608039904208
0.479383876761169
-0.256056880605234
-0.177170313850304
-0.135071511816697
0.032672640246774
0.148487834973930
0.223151376365063
-0.042355926800847
0.267147829175434
-0.107165173374163
-0.151737275141985
0.420499149658152
0.151146236918024
-0.135226565166142
0.077649837589491
-0.058711167727508
0.176212420593081
0.228165641387864
-0.065019897195027
-0.337869860980273
-0.147369117278453
0.180671999840775
0.247509834491774
-0.091331021832178
-0.154576212950635
-0.527881581221006
0.220534198223136
0.300432160506339
-0.471824406967998
0.035279428750488
-0.178797121451345
-0.429892101211217
-0.316907877657867
-0.318547386383204
0.169883150913609
-0.039533850000293
-0.327621455606672
0.331391690379206
0.047726473581978
-0.009156765183962
0.049970666158254
0.481100490148521
0.252888924808767
-0.000620658709782
-0.608706011014099
-0.041809964531156
0.515203677401759
0.195819385443185
0.079261903686776
0.040967870898756
0.151687003970186
-0.055660276477896
-0.100946330381806
0.505599456682326
-0.710729723747034
-0.034447831023779
-0.241065397616388
0.269828735836957
-0.553163871984851
-0.107915371005561
0.183339142721170
-0.172969048724462
-0.175996922465969
0.476179775501258
-0.025823744456483
0.262253650753588
0.338523580091999
-0.502832282564591
0.635131967936481
-0.046540140139373
-0.030089843083833
0.564238333430871
0.292608021710329
0.320540181815818
-0.021603930513986
0.491371416754661
-0.244977927762023
0.608248546713417
-0.278740975188871
0.021741713807597
0.331802421594294
-0.354828697628708
0.535852594040778
0.240202820977362
0.273669992322056
0.092757256580778
-0.244193160385684
0.031385833669939
-0.012049908268145
-0.146912309031534
0.217301217075137
-0.209892386568142
-0.492662347216905
0.041703395532577
