0.408248290463863
0.408248290463863
0.408248290463863
0.408248290463863
0.408248290463863
0.408248290463863
0.343440316625015
-0.391711366190207
-0.391711366190207
-0.267345775125073
0.169592468891044
0.343440316625015
0.169592468891044
0.343440316625015
0.343440316625015
-0.058099789432710
-0.267345775125073
0.169592468891044
-0.058099789432710
-0.267345775125073
-0.267345775125073
0.343440316625015
-0.391711366190207
-0.058099789432710
-0.267345775125073
0.169592468891044
0.169592468891044
-0.391711366190207
-0.058099789432710
-0.267345775125073
-0.391711366190207
-0.058099789432710
-0.058099789432710
0.169592468891044
0.343440316625015
-0.391711366190207
-0.391711366190207
-0.058099789432710
-0.058099789432710
0.169592468891044
0.343440316625015
-0.391711366190207
-0.267345775125073
0.169592468891044
0.169592468891044
-0.391711366190207
-0.058099789432710
-0.267345775125073
-0.058099789432710
-0.267345775125073
-0.267345775125073
0.343440316625015
-0.391711366190207
-0.058099789432710
0.169592468891044
0.343440316625015
0.343440316625015
-0.058099789432710
-0.267345775125073
0.169592468891044
0.343440316625015
-0.391711366190207
-0.391711366190207
-0.267345775125073
0.169592468891044
0.343440316625015
0.000000000000000
0.000000000000000
0.000000000000000
0.000000000000000
0.000000000000000
0.000000000000000
-0.220715689481233
-0.115016834698527
0.115016834698527
0.308533471748918
0.371355707054715
0.220715689481233
-0.371355707054715
0.220715689481233
-0.220715689481233
-0.404092911512367
0.308533471748918
0.371355707054715
-0.404092911512367
-0.308533471748918
0.308533471748918
0.220715689481233
-0.115016834698527
0.404092911512367
-0.308533471748918
0.371355707054715
-0.371355707054715
0.115016834698527
-0.404092911512367
0.308533471748918
-0.115016834698527
-0.404092911512367
0.404092911512367
-0.371355707054715
-0.220715689481233
0.115016834698527
0.115016834698527
0.404092911512367
-0.404092911512367
0.371355707054715
0.220715689481233
-0.115016834698527
0.308533471748918
-0.371355707054715
0.371355707054715
-0.115016834698527
0.404092911512367
-0.308533471748918
0.404092911512367
0.308533471748918
-0.308533471748918
-0.220715689481233
0.115016834698527
-0.404092911512367
0.371355707054715
-0.220715689481233
0.220715689481233
0.404092911512367
-0.308533471748918
-0.371355707054715
0.220715689481233
0.115016834698527
-0.115016834698527
-0.308533471748918
-0.371355707054715
-0.220715689481233
