-0.044327823495057
-0.331653365956532
0.587832286634116
-0.022689670084713
-0.181891807220344
0.197651917939236
-0.069708474120682
-0.100697525013652
-0.286793748116641
0.327724810339915
-0.132093988102558
0.040624761176449
-0.247511053760441
0.254474118503641
-0.347761235810888
-0.639178707094998
0.228261598246787
-0.064983280963056
0.286076867168459
-0.602459193759571
0.013694080850002
-0.111520968779768
-0.269318340473660
-0.286391475971119
0.077578474094144
0.406626932545961
0.188828321955258
0.201250318563521
0.101769098935022
-0.377978984666412
-0.411976134791944
-0.041128054722339
0.363485074389614
0.010266794705221
-0.343317674208796
-0.035249144613604
-0.413347492477638
-0.201702953709450
0.366872507097846
0.461682296206577
0.481984124056350
0.078478027068624
-0.061075451393850
0.217213523741302
-0.073491433030450
-0.114704615618117
-0.240004322883576
0.598487596188047
0.054708735245115
0.250236746876422
0.020862365759810
-0.324588671491266
0.170115775941168
-0.488498259252764
-0.108116515284750
0.160222050194547
0.129631844081949
0.278299384386732
-0.683075456590790
-0.201635648503224
-0.229522232229573
-0.280681273538436
-0.352205925486374
0.085411824744567
0.445497251127964
-0.097684818353038
-0.307647445164874
-0.064392169988084
0.195754755372343
-0.244457423414053
0.038348881085995
-0.265959219557108
-0.379668521537033
0.227466168304766
-0.040204001333464
-0.324560678907981
-0.233804398944433
-0.069229811640643
0.268930667891026
-0.136965715446367
0.056712284355765
0.177708841102085
0.586059159723506
-0.021981695529247
-0.547761981063541
0.078086394626789
-0.367787539612257
0.556042877071598
-0.144619211351991
0.068851973498580
0.246085480811640
0.373746122275971
0.274639697172131
0.070980359008529
-0.002079053871546
0.086336525454405
0.403095952312811
0.329044378407768
-0.015555969495236
-0.173681906972736
0.038131913412192
-0.292246574015021
0.068878073732060
-0.506055558302591
-0.142970373718151
-0.480181454549533
-0.295073648972132
0.018264647313954
-0.575000793385303
0.411841711718191
0.131293721496867
-0.063103932801114
0.219271628549343
0.087795847556332
0.010511018099316
0.155586467255216
-0.083229840770830
-0.271897939182667
-0.237105705006249
0.202123358101119
0.035847707028884
0.366766274034923
0.199392197337362
-0.267525368872931
0.077007445205233
0.511547340076029
-0.418556131636052
-0.008708326367464
0.411382716948514
-0.296832061116135
0.091088487049791
-0.346580956280500
0.054597238056025
0.067490907984903
-0.017904603503797
0.029120759473709
0.174578073216916
-0.567409692452402
0.014255486232925
0.040261847317944
0.551663368528371
0.121991032384878
-0.274672043773139
-0.364280109693004
0.217478971865450
0.478789478298747
-0.359947761458517
0.383646612886513
-0.314439601817385
-0.280653795955173
-0.464916958163389
-0.211005914181750
-0.470265305027199
-0.092731709472201
-0.191466349902854
-0.332593493956176
