-0.211763695382054
0.539468023802874
0.148904695131416
-0.148711218797359
0.020656017310077
-0.359807287049460
0.335838678457778
0.470823823884355
-0.322643520089473
0.002415434823177
-0.430200001397945
0.400434279674032
-0.227230552683705
0.209103679064173
0.265742155790188
0.396592407889458
-0.141323001745985
-0.545565616287782
-0.266031752743269
0.141465918225299
0.359966839057387
0.128479159515738
-0.585361280430486
-0.187889296699851
-0.090688355537070
0.355208804563809
0.473280659106983
0.225719937564119
0.068459686290329
0.427798809431355
0.458739426329530
-0.544561570518983
0.105182888178674
0.173981988324101
-0.106637790467261
-0.013148756596042
0.345375462177852
0.013647167705675
0.350061574480422
0.216230735679708
0.060945615716017
-0.146671507739156
0.548067332439874
-0.073286011893403
0.246515593850205
-0.040559639309835
0.415200275383572
0.193210177180210
0.380044680608882
0.141294060174521
-0.285377050144457
0.210203174351898
0.279689280481050
-0.285389406852367
0.297732950833143
-0.179470646735974
-0.332554108634887
0.163987496010091
-0.247789812820214
-0.064173913024767
-0.413009999844468
0.032586832765948
-0.313327175971909
0.169219886656494
0.288821987850604
0.515943082356335
-0.332863854961617
-0.337681826344672
-0.269719031453177
0.588994898872385
0.261774480584144
-0.106419854894871
0.135795846415349
0.003833605973127
-0.428813086402492
0.176787384809644
-0.530434892601504
0.003163625116679
0.081959087003148
0.435821544242587
-0.260190132324638
-0.379232792112012
0.519688738509803
-0.197774576529511
-0.042516430912646
0.440476036406414
0.348714846492197
0.242560745216836
-0.158934254050642
0.297372085068965
0.412251770359566
0.035908947605781
-0.011466702361415
-0.192938516294489
0.086017890739466
0.004021374106149
-0.002720933195801
0.318582955549064
-0.221215544699551
0.102881377574453
-0.002523195938792
-0.445077183015972
-0.443906783915803
-0.374478285667016
0.133597223520625
-0.012467705049025
0.137523073652925
-0.104774937792690
-0.216775170572743
0.218246117514154
-0.261095383957012
-0.209173401684413
-0.427188755891222
-0.117992871781160
0.084012801391815
0.092230404657923
-0.349521507784623
-0.040356102901128
-0.095644494216932
0.540024802394941
-0.454428322245122
-0.135505896904931
-0.350553383025015
-0.544572640629299
0.203602884990001
0.015352214766540
-0.216907741503793
-0.111643243071242
-0.449499257095740
0.366213756021227
-0.102806960125766
-0.125977560102174
0.051362536990224
-0.500193180275209
-0.065039875032881
-0.322308405712807
-0.339894199466496
-0.271718785724648
0.305575639046837
0.304649579439147
-0.458821554131264
0.444601847376286
0.119919869562492
-0.259589149825871
0.234201499347972
-0.141801049739116
0.050124745594856
-0.478194416639440
-0.203689556187323
-0.065623461422209
0.155699578184572
-0.163144139586228
0.113912431522207
0.275593009377831
0.187522746977101
-0.317344495390563
-0.066782524798770
-0.234022229339021
0.026355423634549
0.414742330107367
-0.184995224974441
0.467850204452428
-0.106492347062803
0.016901311468296
-0.087483626563223
0.187848268805836
0.462184981001789
0.120221121348017
