0.279271228794442
0.285546073581373
-0.081521019358993
-0.019798033589532
-0.303461392103046
-0.391271228872489
-0.536929261285033
0.163483560118648
0.148147801767186
0.365135154197770
0.183927509331157
-0.066302237282807
-0.039178296471609
-0.477476871078305
-0.119115124157728
0.008292273574224
0.557288787949957
-0.309914454988986
0.363221501829492
0.218670318710209
-0.493785809361680
0.078452172247312
0.267325885951173
0.199904782411149
-0.257581035733298
0.296887059337989
-0.191207002711711
0.315736007027650
0.202983580211338
0.191329397889305
-0.463501907215143
0.098640485600366
0.047558466182787
-0.105833402370796
-0.316081050659200
0.079189397230360
-0.471259244759054
-0.166264551927452
-0.270439295528118
0.079649894186235
0.220710606696929
-0.002461488672407
0.565137802753720
-0.293509783752369
0.012188515624086
0.519732006874092
0.253253242237661
-0.232913295188372
0.122505228491772
-0.192828165980048
0.146843768020874
0.179997145681507
0.179740524663171
-0.118315600920192
-0.200671870621831
-0.271111401283131
-0.253636611259991
-0.083326128388907
-0.048489724505472
-0.206695383634357
-0.211072472157078
0.444012395275164
0.225480408755170
-0.267863304642492
-0.080366082529066
0.017334404305340
-0.087420602242093
-0.010609340103564
-0.139764092427817
0.544653719810478
-0.491615947253650
-0.434405019119449
0.165047813661982
0.215823568106725
0.031477999491789
-0.159919699879236
0.655025690735553
0.070316779772745
0.010998468298790
-0.146111488623611
-0.113355022524460
0.255522872410672
-0.076042334785035
0.433410338340879
0.147120300301432
-0.391301489268583
-0.013643287724583
-0.182743027883521
0.257885186981746
0.195645054734541
-0.324318488705056
-0.381423478491054
0.301857944301026
-0.349356661893942
0.351554462218556
-0.028743749665121
-0.265608522851775
0.505549734518334
0.192966651565322
0.191433439424314
-0.043475249256083
0.299302384659395
-0.162780401054146
-0.201493488521997
-0.346316649028121
-0.327001700559189
-0.059364646528170
-0.228296696815057
-0.281331463903165
-0.255061847038807
-0.153842035432546
-0.464094709789619
-0.262962369215153
0.080279478046718
-0.075968762333007
-0.412810773380114
0.666180399114034
-0.031181317588869
0.087246898349021
0.053729509633099
0.066373682347387
-0.562544778964946
0.046067286046321
0.202532744083005
-0.218830283783315
0.493867223256066
0.099744288199450
0.443512345435707
-0.368043084904928
-0.229927417148809
0.475682522939176
0.028666325919453
-0.134438327833612
-0.158092505004750
0.370431590215966
-0.131036096663418
-0.025641729798500
0.087756025339040
0.583544901172087
-0.048223101119973
0.082917039634914
-0.045626869434340
-0.369642446200593
0.599249331442823
0.522108983719596
0.021670768699921
0.200983924709765
-0.215985884561244
-0.135032989958565
-0.625727286761555
0.072438956161322
0.266020057557767
0.502501023577977
-0.406075428090245
0.164695113653113
-0.329252129818237
0.046531001897578
-0.011816837602978
0.116032181014799
0.181953052998674
0.142958185059030
0.419949102808749
-0.089537978593272
0.081311777837694
0.059652703677798
0.451478011984619
0.493218905692081
-0.018076023704616
-0.186093761765391
-0.014163853315230
0.326973351775573
0.640218492600091
-0.097864781781697
-0.381525752223940
0.193832363831197
0.269272183047004
0.723582853129992
0.076611079455159
0.090297125330288
0.197995918077910
