0.551254657881236
0.263092248205567
-0.346307510728778
0.061297639124549
0.505485241644350
-0.013426842770759
0.018947490146523
0.210427155322990
-0.144378406239948
-0.550753656583221
-0.376404282248322
-0.013964448894274
0.122533980303105
0.096909219514620
0.383405793043272
-0.147218873260403
0.264258036038663
-0.420431499282613
-0.519042743517069
-0.181235411693073
-0.515991579760484
-0.085177664931229
0.336963446022461
0.054444887312105
-0.330527489925349
-0.294322619278981
0.228712943478316
-0.370925906145516
0.074238823010452
0.482506544556107
0.092274256479053
-0.072264928897195
0.240961372544970
0.434482242338438
-0.057598826242878
0.572060736778876
-0.395228888190910
0.056555384326147
0.011386094878281
0.069673655455167
-0.300397277326037
-0.466870347140629
-0.449291346221808
-0.261711001564852
0.053189859498011
0.358757344329752
0.234563791425625
-0.625138703747448
0.118237091548778
0.230036167062549
0.429098626209611
-0.225453056201662
0.235780519368865
-0.050211054758480
0.116716243356838
0.142131029111108
-0.099655904321301
0.385620696887554
-0.253262239420996
-0.054512978866040
0.023469168974820
-0.040482315720451
-0.128807355541860
-0.170809262867744
-0.569990857488974
-0.212930220620181
-0.071937248090836
0.166178195200904
-0.449678708900779
0.462293451608659
0.261058757286539
0.428784934162890
-0.179096863483982
0.162312825893120
0.334053254731880
0.132404763905036
-0.051242796660866
-0.100954879317379
0.289933579937332
-0.034995983771431
-0.218582722784895
0.186534571801357
-0.332152228354557
0.000253653742552
0.128067437150816
0.226112894072911
-0.376074917308489
0.121212560344374
0.282625864239008
0.343758416955523
-0.559894967886908
-0.006985402782429
-0.095749214672047
0.044449772462100
-0.154944225919920
0.419830396037463
0.072735598636044
0.084827992902365
0.211729962258124
-0.123792576362553
0.046097937309625
0.328298032806381
0.019223765997851
-0.298625792784473
-0.353630043806510
0.349743194979025
-0.001900664239953
-0.379145681481794
-0.237296571378069
-0.044406787975951
-0.155330078098362
0.280047649969271
0.250811303751047
0.154197321024573
0.325909969596581
-0.508781810686767
-0.165075010467292
0.032284288578102
-0.016958466701035
0.309282456393958
-0.265921311274777
0.095801410175560
-0.684303524242781
-0.004924766224202
0.001312139464079
-0.110165015117126
-0.395311197461098
0.136386754899666
-0.028245807218771
0.027288959115039
0.256405310006586
-0.256083415295320
-0.059540984501665
0.283781372848878
0.274747275472048
0.411779844972115
-0.133285136648923
-0.170339476549196
-0.030524773729375
0.097593277822140
0.137887025114463
0.319094852133445
-0.357068509620984
0.387384101022163
-0.255933078540645
0.527918257593607
-0.197292010628980
0.109670433389914
0.360863597527773
-0.045071087487695
-0.204143927373159
-0.274313542140532
-0.080318320499842
-0.160336138974020
0.049799514475714
0.026994615002029
-0.321648252149909
-0.633717674899871
0.058447285331127
0.156069139175624
0.172490529740858
0.278303257829172
0.009414444698522
-0.633162380065805
-0.071606756533054
0.412148872923646
-0.404879928023612
0.022865535978001
0.210830512430120
0.284997534081397
-0.088081989613417
0.519617205059365
-0.380480900545681
0.183344192305119
0.224219250474779
-0.133797149453843
-0.107305616318776
0.235616909729537
0.066299400190475
-0.399592398853871
0.424999835191082
-0.691470887534790
0.041751290143544
-0.194542268554205
0.144610005986156
-0.283513285644052
-0.148406185581444
0.126909841183025
-0.117647251649846
-0.371101800357190
-0.695816803954394
0.219011711111412
-0.016119406469509
0.313153739949420
-0.459662353273630
-0.510169359960586
0.019952396876643
0.089521958128433
0.021840930038529
-0.334384119784817
-0.292329713065540
-0.425029917185564
0.209587943983096
0.229642975990379
0.454705739482091
-0.101035351972761
-0.676418627804415
-0.041254878835254
-0.319436503651377
-0.198004268798468
0.581613221595316
-0.017255001428733
0.168994884421917
0.153885367578298
0.349182425075052
0.081138734101289
