-0.338094979135236
0.517573324438090
-0.203378727905452
-0.560190181059580
-0.363164901645097
0.096417442935972
-0.267899349951329
-0.264541848726749
0.248256589613447
0.035170222281270
0.324118419699627
0.127940211142999
-0.516936312414583
-0.359956488899275
0.320628115552424
-0.090695251190358
-0.067381399529748
0.521060262032310
-0.065014141880286
-0.387814824006044
0.093810113803787
-0.274488900703641
-0.209617295200082
0.154743846869649
0.109697414549701
0.112548667986589
-0.520996805005002
0.034295042583968
0.257644762449162
-0.105246942421174
-0.267979003566236
0.118986144665656
0.370444390563305
0.424852220211204
-0.523488724306313
-0.161515116492298
-0.048430513542028
0.003185323993749
-0.187724458576117
0.362546311459276
0.095397663824526
-0.144914835900444
0.653223841524106
-0.223786008180370
-0.214492032660387
-0.459961413289578
-0.307353871507882
-0.161777866913134
0.465923418652091
-0.150578010746576
0.287858414446669
0.169786870129108
-0.558498176101893
-0.161761936546653
-0.143760914582306
-0.030574898339608
0.345180664737795
-0.275987137341577
0.566913298679907
-0.244451944604443
-0.538888311434706
0.117178934858423
-0.179179848746581
0.245248948454366
-0.310581970549894
0.163115491482010
-0.171406850283922
0.267580703704622
0.273703208761206
-0.057087574348121
0.043604378114787
-0.001031324283153
-0.121451432618456
0.104526399126899
0.201170256759966
-0.073423887482395
0.271530666289468
-0.204152630239497
0.051351969848030
0.321517956174858
-0.101479733810839
0.460511294056893
0.171130444559244
0.537831091928027
-0.141902423337103
-0.245040677489039
-0.019507066400779
0.555867426317304
-0.150338398431839
-0.323278801129699
-0.261327407997596
-0.311810299610076
-0.308212185676034
0.212738582905104
0.067918825709691
0.090663160946667
-0.274055214398929
-0.032490149646864
-0.260547746242510
-0.415711771265240
0.138148917831662
0.037644847980815
-0.037044133181405
-0.134225772474333
-0.038667036801897
-0.079973668812440
0.494835033086793
-0.166660069089183
0.137795496386631
-0.196660359097005
0.323203519978618
-0.019276943266445
0.444676748622259
0.697200868711676
-0.188894143530489
-0.482900545615796
0.030408511162779
-0.382138067925004
0.202126235528719
-0.064149193151976
0.139875352352991
0.053360845667070
0.280475178241568
-0.116493217221141
0.021079518536822
0.079716927238480
-0.383788120676906
-0.069184615866417
0.129322700739623
-0.626256070058983
0.266583739202189
-0.204670645832639
0.309562290879851
-0.304501774098730
-0.002757553770816
0.024380111555008
0.019547338544497
-0.163100807824816
-0.248854509612030
0.727208447878274
0.036022254725862
-0.008240245329103
0.118258352141325
-0.295350681453031
0.470156950755986
0.161532324746816
0.298106781695654
0.278358818685855
0.457825405685597
0.046174383495878
0.288885607665639
-0.304528242199253
-0.252947808514965
0.233788144945001
0.029181556067171
-0.022138649428299
-0.555136349526924
-0.471495880723034
0.038508666639364
0.323221566028165
-0.333517828525651
-0.230627497580152
0.220289096685381
-0.158713069876258
0.212300681067742
0.025355216298986
0.156164394881093
0.034492201890077
-0.167396261195098
0.262681359265972
-0.105530865572811
-0.302523797589939
0.049323675541883
0.329167441186149
-0.192251003277118
-0.349216162899518
-0.042326800159069
0.333834049387251
-0.180106193445382
0.312000952164297
-0.192415531879295
0.035920458667825
0.390952234954845
0.257336933730522
0.385357054932890
-0.273254775976084
0.416428027494244
0.029448114348930
0.310894861396257
-0.117538744850993
-0.484014924074693
0.547653635062134
0.053429493053281
-0.399570396534120
-0.678600981082808
0.075532290350273
0.038483107009453
-0.427620699126821
0.385940984648167
-0.087876414720379
-0.198243307290079
0.147623336983042
0.250907692825867
-0.268983347998045
0.115657601906648
0.488828206535971
0.033320069211742
0.435450753056311
0.161460830157233
0.119213877694923
-0.226060845036707
-0.359899851591447
-0.203890049493606
0.381054048988190
0.411908901130560
0.379899195832787
0.200869144950830
-0.222408094450709
-0.303838134620630
-0.249049899750320
0.024022703674590
0.646451961046519
0.008677873296577
0.413567585096752
-0.545416507791646
0.252049280625091
0.278423177154897
0.300735818989574
-0.095713506751143
0.077763970834976
-0.269135257098959
-0.108471041917900
0.025561469978992
0.231553608347967
0.208055859086516
-0.060947712823774
0.680004980272985
0.023984028917338
0.169750334013285
0.020067487852932
