0.111122160704082
0.011698925513956
0.387293025148458
-0.491952866122243
-0.443943174579557
0.112389451246035
0.291789207543896
-0.710069801742361
-0.258216414176242
0.180271402581408
-0.301594406372221
-0.200886800405156
0.118040787523569
-0.161149549749749
0.135514563662005
0.347920957455887
-0.080433816877366
0.203554630141896
0.499009125022929
-0.059662708507742
-0.379942009865756
-0.141370955987213
0.123718888750594
-0.211068957630687
-0.102418929726478
0.302135132449787
0.618928071302576
-0.110517715786863
0.094637019219851
-0.461028953645640
-0.233534320412598
-0.070475891328296
-0.094844421225449
0.052093015634502
0.383769008169071
0.010466917279264
-0.298325123732847
0.394071302960050
-0.264957488682879
0.133573270263559
0.237564784353765
0.402440098392085
0.358515585548448
0.225416043183017
-0.185483894668735
0.342824274287552
-0.133835494335556
-0.572378702329587
-0.357344140557455
-0.112328099838842
0.194947557555471
0.598573180020905
0.063141040235453
-0.589713827404075
-0.225737907479940
0.053706131403465
0.458018154473727
0.163428307687499
0.281983479695293
0.249976867430270
-0.391174004571965
-0.566467080036608
0.267198885433259
0.412577164544949
-0.326588662018435
0.281106172645229
-0.198188372517170
-0.417495553631244
0.270292211551182
-0.193170456576074
0.128406681190163
0.167822944881750
0.548766525110053
-0.196653411214267
-0.149850317278714
0.313337312265173
0.410612338937326
0.327973086383665
-0.320797937211012
-0.253215303166986
-0.160974309872325
-0.290551812092351
0.092714761076260
-0.610580325297010
-0.064280911283455
-0.076960117033687
-0.735155687208280
-0.139241532744070
-0.202168758435494
0.129674005370002
-0.298002826663374
0.260184531294206
-0.215880922621255
-0.127909970287406
-0.316688189836050
0.666669618263065
0.100574961178935
-0.181969103189537
0.442288199533659
0.535631736133700
-0.045277342343004
-0.025533271260885
0.431067469632189
0.343362097894160
0.106220789708694
0.442088798991009
0.067856619076244
0.052665246470982
0.542563524040106
-0.044357329225947
0.130118013275940
-0.172680651306649
0.108612543271205
0.272306507355619
-0.144599850372800
0.213960399558624
0.071005179546583
0.295325901290261
0.335640047864238
0.055155109683914
0.076956194236767
-0.505060333994269
-0.382088724382745
-0.327672764688509
0.566989564622785
0.212876186438369
0.111401018541724
-0.070857996224462
-0.495607063874532
0.093912992113624
0.134485435040985
-0.309549952465305
-0.140377013675300
-0.378246125324834
-0.030994199245635
0.078307287289014
0.061215287109518
-0.080968679418297
-0.642088846569731
-0.199540399045084
-0.514557105142734
0.069441707853769
0.218500631389023
0.057894475080438
0.025213645287739
0.479245910387574
0.145924648809482
-0.367335994418872
-0.318767583896918
0.187289158761405
-0.285751153773452
-0.284804118524372
-0.051081060058156
-0.115792980259193
-0.282274952317151
0.151562510624572
0.394038416437162
-0.069195450769230
-0.181400549330481
0.057694003826095
-0.728315319811987
0.233806049844378
-0.155573871452422
-0.178912426716660
-0.166104234239512
0.150566310063778
0.248821635815378
0.529985525383036
-0.140009432376826
-0.132292554372793
-0.021040712423132
0.162586361216294
-0.470958110080592
0.193415528764583
-0.184708684123296
0.211313333110360
-0.166496913726665
-0.060774282832751
-0.036437740272567
0.011441353670287
-0.224891061801095
-0.041126852840775
-0.341529565921958
-0.096257564769099
-0.384303096909961
-0.491732903874147
0.028844531358157
0.118566591408143
-0.013514499832767
-0.013127000204329
-0.286262260996884
-0.040135574549341
-0.240631697838625
0.225270479970371
-0.182683280554697
0.609731121945221
0.243614866574709
0.241349294064113
0.184250802828249
-0.131119179668241
-0.115297307756849
0.408784989730499
-0.157574125968960
0.083723771123719
-0.266767098791800
0.096083885191069
0.240994713755079
0.031909570773438
-0.343939596200137
0.288869057918300
-0.304654043127882
-0.261505665947113
0.419001106004676
-0.038199719355298
-0.173169518838451
-0.064863968701972
-0.140176808337908
0.248022499710798
-0.172155243129764
-0.094733476163217
-0.250935537998398
-0.230321081962320
-0.124223014084758
-0.454882233812308
0.254126718585019
-0.370977427317130
0.148907157353641
-0.157551714499882
-0.255723380469592
0.246019331302981
-0.019202493697590
-0.486660751926855
0.252309111698895
0.235356166876076
-0.287273258699947
0.599648941090903
-0.252026181289186
0.096587917781424
0.141207699253646
-0.189920016180245
0.493824908588713
-0.030894917129246
0.286978098870718
-0.338939321316741
0.529184932897584
0.057147678202880
-0.098689334272092
-0.133332581564267
0.081003223559207
-0.127764167725895
0.162170418951861
0.205269385104336
