0.126564297543150
0.239847688613837
-0.459068645962490
0.241536683185994
0.000521080633807
-0.508419376196084
-0.106463396142641
0.165420378155761
0.465811686811327
0.482292471882007
-0.143244546367652
-0.216582682578027
0.225360752081605
-0.045921537878988
0.125382839189806
0.633634287710737
0.471864513909008
-0.059044847360349
0.065171269181133
0.007983536631468
0.351231975195540
-0.222050319259728
0.162239529397581
-0.680983002301213
-0.072485699458259
-0.469676389469963
0.339876626020572
0.485944229779543
-0.033816628862476
-0.148379343341332
-0.214584265205785
-0.308787059692653
-0.277933967814225
-0.278795228434650
0.029507904199017
-0.228232173833297
0.341364538997250
-0.035978110398751
0.038899749325473
-0.135599044511626
-0.145093846473936
-0.122859263710788
-0.429352954834512
0.303592148957756
0.237483229435339
0.222564454062480
-0.497616020773656
0.293611954395510
-0.378546737453905
-0.414926692217527
0.308502703942535
0.371271784831411
0.066196911199418
0.461216035849492
-0.197319442926491
0.276699573013382
-0.361380250429776
-0.495354163452584
0.117806918441369
0.191323487777994
-0.703348673047630
0.032414390891578
0.129947192834665
-0.339917271084650
-0.213079811039066
0.062564018330238
0.471085162680186
0.333671035134178
0.237846577949782
-0.192669120679283
0.099792889589780
-0.051737292744891
0.178587166900994
-0.311614899666724
-0.695220615346936
0.121154867499346
0.093694899385519
0.269985951702700
-0.154563389026186
-0.175331495495471
0.014486599225787
0.246894034248953
-0.098902021731017
-0.442314522292897
0.172417766700004
-0.701745516996763
-0.225573570757944
-0.012176058740881
-0.266343759616645
0.216662101830164
-0.206140734168725
-0.447980854235001
-0.010488764279534
0.159465506305489
-0.716885069841460
0.119493100037817
-0.516983725718244
-0.302296544369009
-0.333070467334019
0.347279636693970
-0.054536944571782
0.178399252249487
-0.652129574571639
-0.149145631668703
0.253685280385876
0.108328277576346
0.506863990308265
-0.353686817288306
0.358783644823552
-0.189149697237425
-0.042921452697246
0.141851800418115
0.224165681615987
0.546144402062966
-0.469017198693574
-0.036694407165121
-0.137081630928590
-0.159876584508942
0.012098492262265
-0.174317454133567
-0.036473081213657
-0.082035165431518
0.239263993757565
-0.202575282986162
0.351348055348345
-0.305076023284666
0.004334072057003
-0.150058888679917
-0.066317921660150
-0.030870871985428
0.328595208421083
-0.366122227102445
0.223224818675748
-0.309368226527426
-0.024030247012156
-0.231290061750637
-0.446172436705605
-0.014129127276694
-0.224265095116259
-0.481785615534670
0.280539724789106
-0.189840447333196
-0.146934190121527
0.159825618200060
0.306414545608264
0.065818749617491
0.252774373501231
-0.353793743458778
-0.127345384678845
-0.015631314647678
-0.276595112046122
0.069296523529317
0.195695666528183
-0.241328377388916
0.089095288737466
0.383638104889751
0.198044261318366
-0.181810057538334
-0.300941565823860
0.181758767203646
-0.135290314346273
-0.430290636830816
0.304565273076509
0.299902408445943
0.305911698964309
0.260374685414726
0.099114169875541
0.544763627872375
-0.067178824433084
0.126217712698788
-0.245196879385191
0.269991993933720
-0.633447956391407
-0.520971695389494
-0.309062582123776
0.229513353994435
0.164878183776984
0.302174477164783
-0.119882976959687
-0.051601601384494
0.052997981730131
0.324825935178080
0.065520506293272
-0.153015270120746
-0.308686819129468
0.055717610757312
0.300442130041421
-0.392150224929069
-0.254743410035857
-0.313536671594076
-0.224776749797614
0.016628139474835
0.008949900389102
0.096819135022663
0.330700962030628
-0.370391344434911
-0.141986501707384
0.215257005472655
-0.202377277636539
0.562347000373926
-0.397647433067572
0.155649627349764
-0.047975663614994
0.136279102155441
-0.071665230287754
0.043572759101475
0.445954194802639
-0.069687340990242
0.260636994789766
0.112355778386468
0.163311674118687
0.423403682297537
0.410232372346639
0.021128652341891
-0.551326781669611
-0.011795451575320
-0.220560558703453
-0.042503261493857
-0.002747533539423
-0.296558554023641
-0.324914049311868
-0.254823536148864
0.314488663699331
0.114720914669533
-0.089424127624917
0.207189084347519
0.008305367511489
0.200050262428948
-0.268474912644497
0.180824077002141
-0.323033774518227
-0.148724433775355
0.332982698859766
-0.181332823399039
0.229717808790430
-0.129022604183041
-0.113594464837648
-0.032314123003570
-0.049580280633381
0.092534742884571
-0.304785034035069
0.252241631061681
-0.238450364830844
-0.316896830145914
0.081228335093641
0.380274329741765
-0.187209291683932
0.508176844539515
-0.474374098807773
0.038531572667205
-0.426437174806681
0.046221073998567
0.018119366007165
0.130304426939722
-0.096078883387682
0.780150989597226
-0.191488402663593
0.072780657812438
-0.181257514506294
0.198372084893728
-0.481003504204537
0.182148038919471
0.597506165286950
0.190605626297045
