0.175303400423701
-0.319576536358851
-0.324776293344119
0.163122224066758
0.109063659551917
0.138277607810740
-0.013115093343245
-0.043175896462544
-0.017273066003566
0.226217026618177
0.057774457059900
-0.462467813351993
0.210688491589160
0.006999083707169
-0.073799934173638
0.450987344129463
0.512783628883659
-0.221200348760942
0.277878133761862
0.462165505044397
0.113067503025810
0.297681433203116
0.175595502281431
-0.085212120727462
-0.050610566168905
0.365924007698491
-0.400369064256102
-0.316158103554316
-0.176176701561633
0.078324544243027
0.347111068544406
-0.049844037481791
0.318247200543787
-0.142937017051677
0.070075780573597
0.289283647214207
0.226775003289472
0.151966430360512
-0.256684256686768
-0.564446528728264
0.057267424319570
-0.343112683057214
0.036598562415535
-0.161333737821675
0.269039255671213
0.632648173835851
0.214578718338384
0.277896078755950
0.377478660906254
-0.302145918849868
0.088807770547998
-0.036604173593541
0.390979582280585
0.001605680390164
0.430918259324349
0.030102834712309
-0.076221446892920
0.632910592322280
-0.204842854079908
-0.468050698071077
0.272833125102192
0.020149967054608
0.150762010127512
0.090768526495898
-0.170092126219664
0.357412354282098
-0.336233004856022
0.136640557016346
-0.341657017604959
0.165495576749212
0.342283853384447
0.137804046001687
0.464265282726733
-0.107156765749176
-0.319124907257239
0.341664735599404
0.050148244044015
-0.304217868522102
-0.564787607376340
0.658858123686074
-0.243318905902282
-0.019653215078491
-0.140091711857669
0.001470226353428
-0.232717332376270
0.142297435317304
0.461138608314279
-0.057333978828046
0.753647160857407
-0.033066486523383
0.183733798853685
-0.504098975775785
0.051825466770037
0.000405591991778
-0.219775690804308
0.528753889059404
-0.167133589935652
0.056389787198433
0.374462740245894
0.116113880158612
-0.404301785541068
-0.041673517995319
0.093058768942697
0.139155942749999
0.503498054737244
0.391946521664710
0.104763479380294
-0.309052395165854
0.011769712704306
-0.279539714962216
-0.433699361295754
-0.122692215020957
0.131950250896079
-0.083062358253391
-0.079061893201981
0.141362736221286
-0.261953131255723
-0.267755489485126
-0.155049701350201
0.017339042156151
0.788825974289567
0.249309417500716
-0.165715049337648
0.004546079377837
-0.045932656476967
0.295650655804953
0.369451598744673
0.037446086918398
0.127092017083556
-0.686828235784540
-0.001479216686435
0.127482602079603
-0.002653121888433
0.273271966757718
-0.769068977954875
0.357560577462665
0.020023794179860
0.115951559117903
0.150761232021871
0.458311759979455
0.052828064502906
0.403864678757096
-0.515024151564804
0.200273556894712
0.009503420942767
-0.317259837050832
0.318012556170311
-0.091951321706390
0.081321600418186
-0.715774136665850
-0.099481714160149
-0.287915871518864
-0.215871640967887
0.203482270989633
0.488034482310780
-0.125989272228960
-0.099784338996867
-0.574771033223164
0.101942452527644
-0.229463671784146
-0.396790447228877
-0.094266922193410
-0.451118019920216
0.218969761230571
-0.120700279322157
-0.020942779089563
0.547319215097449
-0.009653385526106
0.198830349320400
0.617503679768291
0.326025689121209
-0.346804040707214
0.065360745831877
0.122635398248513
0.193654712150003
0.542507057481254
-0.164648389732850
-0.015011584899921
-0.234291466062494
0.077095741724110
0.295019780172192
0.174808980736938
-0.196820527811797
0.197331640119377
0.184643978905047
0.383887398363932
-0.099696650570059
-0.128891737686525
-0.319747284985374
0.102271751657212
-0.343163119357683
-0.589162236205116
0.082646626957801
-0.118750150997090
0.096028429795590
0.207685896643625
-0.096478541868472
0.251774963224045
-0.149028678258286
-0.450702518117255
-0.652548213831705
-0.088683690218379
0.231649714522249
0.157560045299444
0.537551362486916
-0.233760557805628
-0.398925454300853
-0.126241395311345
0.120621696322454
-0.234044359767973
0.009122809931811
0.484101286650320
0.024634322303640
-0.175616667310532
0.271551543270181
-0.345992388923920
0.089439705011432
0.029866071698322
0.084988224943373
-0.022925975774727
-0.346621475230891
-0.175830186177228
0.112809235917217
0.239061465739649
-0.151502920189117
-0.137267104144654
0.006424768675907
0.169904878798786
-0.266711032853977
0.159895130784372
0.234925488038949
-0.160157714090817
-0.177289998669433
-0.415433016225142
-0.182649334928341
-0.167319200902380
0.198706165181191
0.355772855965149
-0.536531011050504
-0.367021357200528
-0.393484027570070
0.110421103390876
-0.404285375326583
-0.328388402596004
-0.075339444494971
-0.119876657424263
-0.543889023734815
-0.114267325545075
0.181581217542266
0.187505075131445
0.089673272019173
0.556072659489041
0.425040763615167
0.211670510005349
0.277600854675008
-0.389976124049186
0.462846581006950
-0.374536609052493
-0.145931734416019
-0.171458459916218
0.180742623297656
-0.107559533818557
0.317730866064252
-0.052088443821240
0.237688415312720
-0.280761256758069
-0.073845683830540
-0.376068938050063
-0.125191052233312
0.245127317431603
-0.123111245498381
-0.129624920036729
0.304015230610394
-0.237805236747486
-0.022965875677635
0.103392437583424
