0.322038329943790
-0.069829646697971
0.079710173877265
0.484035001045880
-0.208791286899296
-0.398058782268147
0.659763515082866
-0.069677342071360
0.282576019829923
-0.315500683356024
-0.418972529482182
-0.131886290153975
0.100462355556245
-0.163079809536026
-0.135473787821495
0.403856459861965
0.067690958836096
0.430921866176122
-0.125113181360854
-0.118917149387568
-0.256385185927531
-0.412223158870937
-0.152815977386737
0.607177593387226
-0.000893929055123
0.373111397321841
0.327350747625590
-0.127709036557404
-0.598477401896804
0.221448947221396
0.251300745124190
0.478839017595744
-0.094956430914668
-0.050320049651110
-0.044667924162640
-0.300408004109600
-0.504062531314048
0.208448384074156
-0.308804184005886
-0.126914954927845
-0.160935042880590
-0.050051128394464
0.273870455189256
-0.220480052789949
-0.158079281192308
-0.528474146382561
-0.116955082050435
-0.179761441745959
0.050392884605162
0.057286212791718
-0.161389290197138
0.038969270223845
0.308180519443809
0.049023921516509
0.295165571204222
-0.002716824669708
-0.084621327478535
0.112542788070313
-0.318348216246592
-0.157973940923475
-0.078077528997005
0.065134521893860
-0.094215872016898
-0.113464871946439
-0.175600892761605
0.113628304829951
-0.245647137705079
-0.410844170355763
-0.018234088128680
0.526939515993891
-0.482148317959706
0.086700181567730
-0.161231148882987
-0.042921048950070
-0.368130479200240
0.052662234312742
0.167788589561505
-0.321137648435677
-0.475320761113401
-0.025568288798590
-0.209774420496979
0.218877788732962
0.097606225583034
0.027123091841676
0.333166712673352
0.107726579498119
0.110850722030426
0.541503648929308
-0.465778843211722
0.403940831000587
0.442614036299054
-0.286086868598216
-0.469950670965948
0.204636425715406
0.054080594159962
-0.240022525604062
-0.205177077828732
-0.128153049146073
0.142584894012266
0.062824050063067
-0.422142498248693
-0.337053783609070
-0.102426210888881
-0.106037162483496
0.024133223431417
0.148350163938002
-0.282874570927819
-0.830169359437627
0.043905709077724
-0.275071075136407
-0.318739706889646
-0.361156927069393
0.390680987180172
0.072734260576491
-0.318860415980373
-0.418404452491646
-0.448282889011958
-0.023447077533456
-0.279013703874066
0.010368212558233
0.039451384021183
-0.336100563274317
0.230292485844635
-0.338590063041090
-0.282155083897366
-0.373507184653618
0.244746383716777
0.132135113699905
-0.106334262601904
0.255207607931138
0.177312356338845
-0.372502829788356
0.500583645013222
0.374572384426404
0.127134098516062
0.162850647683236
0.069198486242732
-0.379963550901192
0.119463019036716
0.739552460552740
0.048387276580184
0.106667295368887
-0.118918318365657
0.217442258249150
-0.476672958140547
0.179436818095673
-0.251047901336564
0.113127239458793
-0.460455227264583
0.534776857291070
-0.059628354662082
-0.013307349611770
0.069767803263871
0.111494777396913
0.395871559417514
0.329788159407680
-0.034523301909021
0.192667817210837
-0.013700052559322
0.337050487231335
0.204742129846522
-0.038003836364104
-0.066286604702214
0.135941509413069
-0.651426685097943
0.195489852711690
0.403030343429753
0.226347838980156
-0.261593506462559
0.239674128594401
0.162246291887112
-0.226289369337758
0.081069558318522
-0.236115761564454
-0.388433379361565
-0.139656331638239
-0.095780963936772
-0.282045029184379
0.020311675148053
-0.198686159776772
0.543297811305292
0.091885433949114
0.553876873777915
0.212206973729101
0.077806802605979
0.089123957494929
-0.172500643073252
0.073106452775940
-0.032653643218997
0.147462073073972
0.153395004220326
0.488215101932272
-0.088759682540188
0.272062764455524
-0.289885198852607
0.010689292313213
-0.463396806165296
0.119516208725829
0.050986536973299
-0.158156021629279
0.682843454032458
0.459409245834336
-0.097416844342197
-0.155784049400104
-0.068225314469240
-0.205640716214792
-0.046076581507003
0.409840518627346
-0.381346887121214
0.018967693095208
0.159153307054926
-0.399968640726297
0.360317138968569
-0.115581811697221
-0.089490784622767
0.462274436320733
0.260636829957846
-0.552099289249970
-0.320396162695501
0.271210542445006
0.042817212298360
0.329209736711020
-0.310310925846328
-0.374241965696510
-0.438715472696667
0.554799019408714
0.093527907088669
-0.196586006323869
0.633195883637213
0.288682166419752
-0.089551814289435
-0.242880387852854
-0.062509938094583
0.057638537347247
0.007718156346154
-0.016892868787060
-0.069883532975473
0.134715104258519
0.632360519829355
0.159594208283215
0.048880768690323
0.082909605416636
0.184157414314047
-0.233810502863341
0.299457009217924
-0.004021555814512
0.602348542119566
-0.058504383146324
-0.059053270931012
0.365426353328732
0.114031272455257
-0.274426700903046
0.209434286804002
-0.325258752095254
-0.294311354232239
-0.247768847278193
0.116488531713328
-0.176897216107366
-0.019878045897823
-0.067439132269988
0.393579594885357
0.035110973575254
0.121554479434213
0.392743932565776
-0.072257654115541
-0.041566226736777
-0.109458945370683
0.484461938009408
0.181570293186768
0.563179177459606
0.309604797259447
0.369387859986666
-0.093237967363561
-0.515335431016506
-0.035797757160481
0.233986487535849
0.170303758827226
-0.424202176156716
-0.190069259430807
-0.362187627663249
-0.382234610833665
0.061290416414488
-0.502201706208375
-0.197940173959407
0.437881546610298
0.049023091267691
0.486267795641021
-0.383729611764583
-0.293467151372282
0.723221932106939
-0.132527136916803
-0.116470399639914
0.101761764674907
0.340712075884897
-0.027212235371559
-0.341059843617182
0.489568672715748
-0.704445955892928
0.210846051639421
0.163473087595070
0.116830956097185
0.146493122938267
0.108351136492582
0.046340177554110
0.020973117955817
0.451049813278332
-0.120631497811191
-0.310837016292333
-0.554494904369559
-0.136288692779676
-0.153597123723462
0.491715006267698
-0.481299830205562
0.129848499969962
0.502555602488831
-0.053801148494018
-0.041225348464175
0.406908613026149
-0.111478133284194
0.002569974203212
0.159933902823970
0.349500798830371
-0.175832550510311
-0.026114920679207
0.396333474861288
-0.162451596891008
0.246100955790424
0.205754222617432
0.068142973421688
0.328583634913674
-0.236869752447629
0.382747921862666
0.522712650363494
-0.194608007650434
0.320854384397753
-0.093491864859049
0.203160707473062
-0.080822617928426
0.037616868410796
-0.324456847182818
-0.040947486031058
0.174083542990780
-0.126663724490239
-0.547707305796149
0.001862237230574
0.220838926441004
0.349779551355177
0.212863649738828
0.316085885966849
0.433845853804070
-0.229040640172004
0.255214862046320
-0.138735824844240
-0.137214818892416
-0.283119777142583
-0.353286837342867
-0.104824115788235
0.026710728931626
0.150158918866673
-0.509377438278125
0.478133408540074
0.377360616349870
-0.448850511713126
-0.288599681270826
0.122311818638774
0.072624107001037
0.378015572918308
-0.129552935839627
0.070639991269933
0.111132600099875
-0.486479842637633
-0.059871221672778
0.235584634357223
0.058950038408974
-0.216768604393723
0.426275154379547
0.148139003711871
-0.232441984449786
-0.242095200636460
0.197510517962159
-0.079631911103553
0.125158753755738
-0.213995711992406
-0.036559325363987
0.293838034313874
-0.105187750316207
0.516095356099661
0.068494383882654
0.552491076890104
0.199491052145395
-0.402509432079978
-0.276393074763669
0.265664659121144
-0.178423454612150
-0.679927298578005
-0.037578635380886
0.312095425309767
-0.196140072132516
-0.086613713212339
-0.277581424804091
0.277890588954176
-0.056878264838989
0.038701725666366
-0.173936797071674
0.148762657007676
0.635536170062531
0.493471920807306
-0.181572476602386
-0.549703588797975
0.385204047023095
0.094447804383019
0.257504135339484
-0.273078424348868
-0.317248619164461
0.235056986344948
0.350780740760863
-0.126311931307273
0.211581139749616
0.094136759322220
0.287566094767726
0.231441866889839
0.405600462832881
-0.568936364758279
-0.176464008022355
-0.248246890229189
-0.213709880999337
0.179688836457115
-0.677555370162116
0.051004305705766
0.115927251897674
-0.255070226743898
0.180178834130779
0.197554332630233
-0.275331928553797
0.299806512209092
-0.232319974367774
-0.040916914889483
-0.030499212912896
0.228444396355363
-0.367525782800507
-0.583691751750054
-0.209498664917918
-0.134742943668705
-0.217200881095146
0.209874420227541
-0.303080889702123
0.132322552759916
-0.074596260516245
-0.407648532374949
0.353050954514284
-0.052141427741464
0.121894423045665
-0.421776323129702
0.185419189933156
0.215552979063467
0.254003908382482
0.018278251724865
-0.037323055297963
0.166948441666951
0.182394089207326
0.330456618871811
-0.209559698780673
-0.226605606186321
0.456103609594331
0.118318879267407
0.210961140206429
-0.246725242436426
-0.250454721612977
