0.075312035360883
-0.240604611814673
0.534308081966230
0.207109330508433
0.372305799918754
-0.388729363050791
0.232124754652958
0.389112131896642
0.325264380092589
-0.102050578303443
-0.160985293204677
-0.563387327024280
0.434813846940690
-0.069973164777541
-0.166846877885335
-0.300567003365495
-0.013305552223394
0.217239543535678
-0.356540044110274
0.579290272034098
0.093928939264074
-0.555391182766923
-0.074395721857888
0.157549156347182
0.337686773607591
0.051431032732975
0.386127708026996
0.006815506320352
0.136398684698834
0.543090943091854
0.188359942256186
0.097088594523380
-0.149916062879201
0.493374629066866
-0.062910592284334
-0.262053120634502
-0.171320172078944
-0.081463410053066
-0.186801978345886
0.038677788524397
-0.205386058283329
0.229278800782255
-0.568093887888913
0.160784950231795
-0.007458540779334
-0.064821311657814
0.051154266968384
0.091081421200365
-0.045969591674142
0.341379980966528
0.564430092745854
0.193290758198506
0.007450102592726
-0.013360063087182
0.025475523633009
-0.191451335987903
0.082995583268039
0.583433854062457
-0.342149181222844
0.523798961425210
0.065488449883985
-0.047307787032461
0.200862621637479
-0.229734446682696
0.416527786600025
-0.125118281269334
0.223167089109822
-0.524521222200590
-0.020825072680676
-0.053487085463328
-0.621538155059299
-0.102810867713297
0.351773176604715
0.487851603882323
0.388923677455277
-0.024779280665339
-0.223623684627093
0.248480922813428
0.110683821425341
-0.421937392765106
-0.047891639774354
-0.562763447703137
0.199454078597140
-0.127133316100473
0.405936708006518
-0.073756212979165
-0.055810502917524
0.110445238335938
0.416967281498780
0.080053674253920
-0.315150904904903
-0.431455819329699
0.611037542751684
-0.012444864955019
-0.055989090689708
-0.170054627382591
0.166983441945343
0.070583032128109
0.715709204002195
0.391730569749455
-0.136497100617891
-0.139283247034209
-0.514480332185818
-0.024138152476742
0.379549008812871
-0.300163537306249
-0.028730704639583
-0.136044426475509
0.120443917170757
-0.077473105375590
-0.109114723002057
-0.018714595011503
0.102039642905033
0.112557041672888
0.228215646576526
-0.302612809241284
0.220251517010217
0.487884523296279
-0.155524152674216
-0.611877853774764
-0.247560659673098
0.392423835410527
0.167826822435160
0.134812807180593
0.059702865807553
0.718078374486247
-0.423945223822817
-0.454902685049318
0.152355712205716
0.125281025947872
-0.135216183147429
-0.349208787153337
-0.381265047648491
-0.227330328021851
0.221314558072509
-0.181782053241356
-0.538598702520709
0.451560475561686
-0.203416881570658
0.218019154710456
0.537298205677685
-0.135147853921718
0.577982994614089
0.128200618679340
-0.059958838955730
-0.038321871745032
-0.096865046506641
-0.035851356351341
-0.689478705841762
-0.192621940617464
0.037020398039021
-0.581583216846597
-0.081975908356725
-0.131291362585439
0.421879048100155
-0.133674682615969
0.228562680970360
0.371457871459165
0.134110036779741
0.722284632922959
0.159212906404827
-0.038077518197441
0.045470295229483
-0.039023518282049
-0.104633107175152
0.498597177891959
0.273497202859688
0.231809217174552
0.525562001715492
0.035559625625609
0.125994085261865
0.213693573746541
0.069752399464494
0.564668073880889
-0.346662434958113
-0.226350444042856
-0.098818163756138
-0.171126795984626
-0.202539817103917
0.063367923398711
0.325683682836475
-0.045902821810940
-0.167917412114982
-0.236262572967857
-0.091600427155737
-0.301699507086830
0.282202572246443
-0.047843207183165
-0.689544269870805
0.295923765039094
0.126040870439735
-0.187122556915256
-0.091631332645909
0.098487789713070
0.026048463744468
0.370420549190338
0.375690242279094
-0.342581101508270
0.070366606036033
0.132562342128591
0.334386690742246
-0.101691493011540
0.228984557087461
-0.386618610414446
-0.019520875140906
-0.402656198864918
-0.484194610085100
0.197444788949992
0.335076554080484
-0.301365435973350
-0.219653853225477
0.216066409411271
-0.099435741880856
0.704414666317980
-0.196975614882641
-0.370411340304232
-0.310773746271707
0.403608450500896
0.009713321606364
0.181657514128218
0.080187268302718
0.413805710365923
-0.427444615965019
0.229214641125295
-0.222089378417582
0.237722747052380
0.260785262309681
0.129196650383295
0.314738118019814
0.288064403252404
0.215397675693054
-0.321035821467062
0.276326790069360
0.057992182909862
-0.362861996667209
-0.226762679483480
-0.152044741616108
0.105209261911018
0.170340218920567
0.522649363530065
0.157835685736606
-0.190272318791017
0.271996897138017
0.331844999729957
-0.140276923294288
-0.201946433334212
-0.124047120963263
-0.036619936263637
0.565159948665627
-0.137856265795298
0.227014941108303
0.369262808379018
-0.560040945244933
0.196852287829846
-0.188381680707097
0.079578339570291
0.436971430947863
-0.461989334444919
0.092087149715081
-0.016607333203109
0.182725053734175
-0.176312484122078
0.378262534519702
-0.319410490614696
0.292000203348384
0.106416487056389
-0.012649514703132
0.239159811475613
0.267561938444862
0.331121821532114
0.035196580473685
-0.280052713876024
0.548934417293251
0.320680399772689
-0.300903157179307
0.257130839141484
-0.159900593318908
0.168968306540757
-0.110722720117760
0.348067150341943
-0.045576145794390
0.007587537652325
-0.065331200159019
-0.196001877861325
0.333120341550358
-0.436934427215045
0.006861996343039
0.275710383628180
-0.097117247354705
0.102968215158439
-0.096637043928960
0.048953091207224
0.763867239477898
-0.036178858225228
0.107072547426871
-0.780308945650396
0.195172288345237
-0.124119288445320
0.027581025203456
0.397825144591323
-0.540758259152262
-0.160736147233652
-0.434823408162655
-0.272528299877525
-0.232129118880987
0.027657105922054
0.036605968873833
0.478303712252913
0.212657906781939
-0.403931189588472
0.267468703403947
0.123012708564160
0.059900465041531
0.015734311039805
-0.091823329669710
-0.188087553049256
0.362601018659269
0.211799565773370
0.285137817690749
-0.376752577843822
0.435166041498924
0.175180226353212
0.417116015749004
0.306447548813420
-0.387348809570669
-0.090465053364949
-0.014458893982912
-0.201391630796455
-0.104774065671096
-0.254816313367101
-0.156129104004062
-0.037935775539748
-0.196287930348788
0.314637470219901
-0.421751635978168
0.182797516248639
-0.136418884893443
-0.331638453724491
-0.103874187892211
0.070624606841602
0.488942957507993
-0.226582739094863
-0.057105339471624
0.223946319045666
0.415260215483443
0.050972780724867
-0.492393302410815
-0.404090007081710
0.057643087844785
0.385365314423634
0.098448246535707
0.016411094374354
-0.374490929703648
0.083166618218923
0.281492989244454
-0.199230560445254
0.300489737080765
-0.006002423168886
-0.218737874158398
0.079393276574956
-0.300345161632829
-0.114510928500396
0.203905997923853
-0.430051634348357
0.228497483213960
-0.314936606181955
0.425035059760239
-0.251828836626666
0.526388773687994
-0.559010543101882
-0.086951645242871
-0.320846791486285
-0.045250840627778
0.196177792039584
-0.196578846553534
0.243344207047474
-0.181011689308778
0.007781720184281
0.045066101587644
0.166281551986756
-0.317622713397387
0.000294221273987
-0.067692648026819
-0.289877312862669
0.125981812968923
-0.189313542672090
0.130541833770564
0.440813081718912
0.395082393962447
0.122628408546385
-0.086619714436730
0.132397163232126
-0.021589245872505
-0.418529153133170
-0.094781743810272
0.131488787281151
-0.252208821882322
0.207951463484409
0.237426026903517
0.129862102390620
-0.101967864546888
-0.251295334706270
0.192626244210993
-0.164572090754176
0.535091116827204
-0.142173709443571
-0.293386219833914
0.122408876339948
0.302953596799015
-0.154342212369621
-0.276563410660294
-0.204468559523955
-0.292105519736070
-0.348366734390394
0.050430258736300
-0.076154705362437
-0.474362997834782
-0.015471269503061
-0.019036754088969
-0.096613397998781
-0.145110738156039
-0.070460582262540
0.371258598757651
0.547730956998626
0.323022512460778
0.200296378576761
0.072905478828404
-0.292891109277439
-0.084255590418552
0.238785348402509
0.249715193126556
-0.345961957390599
-0.640053502599614
0.233243612882052
0.118136069551347
0.297562681340985
-0.421717012411692
0.009346854895349
-0.330958736171212
0.223324411649246
0.423669090298421
0.363363291478909
0.178846777961133
-0.453289698353320
0.103605004696122
0.352615373191364
-0.105387089897074
-0.231463646975568
0.066226312406336
-0.316211997143565
0.559441950012119
0.244023427039887
0.006496391248816
-0.041355645882093
-0.250696845791625
-0.385207541153597
-0.254317715432577
-0.621415699090772
0.024493177508902
-0.315416602982048
-0.274950960004041
-0.163986948129624
-0.045403995599631
-0.134680954862688
-0.399726386307682
-0.024177051946867
0.055290755037523
0.421114436909215
-0.108461644876423
-0.071048289015703
0.240901483984612
-0.039754481457073
-0.071389863396920
-0.376103449275043
-0.361185023663127
-0.275364829292048
0.327296171679517
0.135986904372826
-0.444441061247647
-0.018369613982448
-0.364545300851388
0.569460986435043
0.121161748553066
-0.287874603909883
-0.011797519477582
-0.139086285438776
-0.435126943093930
-0.382968015671520
0.051288494166118
0.468985269472858
0.159357433101445
-0.069329859092644
0.263445898783383
-0.135345049808452
0.093481879526923
0.470342088697067
-0.313243830881906
0.254442243080991
-0.448542625625190
-0.543935609751532
0.181084776601216
-0.054580619590595
0.352617479447702
0.192755508984760
0.637195754663350
0.070047380396667
0.064512225856985
-0.127102960507776
-0.094804564172970
-0.129384731755051
-0.037481200496264
-0.396386897520439
0.045977103294017
0.068353704131722
0.090213647782695
-0.167190705502503
