-0.057920916030091
-0.127051735691445
0.011792981771700
0.338225581173926
0.106578844748578
-0.721379485515217
0.156708269033113
0.244416462355311
0.008485501784372
-0.102181607000818
-0.674530791068881
-0.408622544070961
0.353957840104452
-0.065142075681517
0.033372824047136
0.180889231401580
0.148440551584852
-0.011625169336241
-0.421888404691557
0.050992236770980
0.451263483797311
-0.227735021561833
-0.006014167252816
-0.113000980750358
0.520654543320191
-0.106760532842469
-0.290379811266948
-0.320656206728881
-0.074572991793087
0.098928342120909
0.748914104357747
-0.028208593890015
0.307700505539504
-0.459348217735232
-0.179317983615726
-0.137552870325314
-0.128047064908250
0.204184234902326
-0.083075369264667
0.166801613290815
-0.441879507289611
-0.483904722722904
-0.004749260726615
-0.529635306638985
0.375217338346614
0.169736284685625
0.559719776167171
-0.176704216318644
0.571432170975142
0.091345756579376
0.005941781649694
-0.258033461194146
0.615627136769578
0.054542648205491
0.201580401153758
0.074334433220311
-0.050286619757893
-0.442834548999013
0.144171535025156
0.023002500676469
-0.015983485597207
-0.558574908696863
0.292091675261835
-0.242680551060255
0.090464828774474
0.244393919373499
0.385156005892081
0.302486389221786
-0.417848373735392
-0.086413768632132
-0.192305929364258
-0.302502852593550
-0.323585557076580
-0.338222015492966
0.065349421334550
-0.282780676063425
0.217264983807074
0.073474437773374
-0.362774020753876
-0.283270823031605
-0.140854244415941
-0.111445242092560
-0.211840619819609
-0.245134022757557
0.210219168772876
-0.033415513886574
0.010811517510408
-0.187399038353949
0.103157695742158
-0.222539281317608
0.094216492445393
0.332159316426636
0.026213152726529
-0.318108883970481
-0.059099175337816
0.470335135760125
0.165223464146478
-0.256335409889801
0.609471178981888
0.295136461852949
0.024780082207150
0.215010738045261
0.476261632857200
-0.496768916749556
-0.037532805989302
0.102672786077486
-0.273627757643489
-0.346894987363856
-0.067862094751381
-0.122158387773148
-0.066112884228706
-0.231884732470765
-0.353319954856427
-0.409407267518462
0.423825774124005
-0.462262295615276
0.355277776209357
-0.200736368251683
-0.217595480395138
0.484849405851999
-0.163423818958089
0.325079148803487
0.000098008312103
0.429684091024685
0.589374985262788
0.089916720762313
0.135440833196464
-0.227209845960962
0.303955005373839
0.526347411232038
-0.499785765780771
-0.348801554461613
0.254135657394584
0.032231452006397
0.477871775558669
-0.078846633504213
0.012171907155167
0.335138741479528
0.171695266925317
0.323558340222464
0.379595127115996
-0.493602797236640
0.489496116071616
-0.325028765391534
-0.067531074278236
-0.427101940184340
-0.274370101008650
0.384901217869497
0.105560343772357
-0.153744267115817
-0.047589749026355
-0.235913396821356
-0.158512233153650
-0.556161030754986
0.206224664276769
0.200915860338598
-0.289631427936804
0.327662680522062
-0.395306250242622
0.267338190710189
-0.211863282168118
0.312547758383384
0.292252347637848
-0.276283860134255
-0.072464652543787
0.307414834144615
0.213421067488793
0.477448444966270
-0.337132599145540
0.140130002757347
0.277959450705076
0.098916415033997
-0.480531567093036
0.227303818879989
-0.513555795701307
0.244255467215999
-0.032503834332130
-0.204256120692632
-0.321557102652516
0.329844021277422
0.197740017947251
-0.198100211232971
0.040892922583552
0.250094388908319
0.183604114558869
-0.446987369907587
-0.386333717854180
-0.485924095596823
0.356034080729442
0.133987009044014
-0.214755749636086
0.351135124410167
-0.119472149765947
0.010521488055497
0.305919274328580
-0.379467112942632
0.219912972104579
0.297279755862982
-0.116590317583952
-0.547073849418507
-0.112905744356264
-0.083940864079742
-0.080501320030724
-0.572194245493843
-0.179412042613742
-0.037993439727031
-0.160028348585207
-0.007668468653621
0.767848331776364
-0.275133472655209
0.614961039863783
0.370295740787334
-0.336265714471531
0.131502441771183
0.002793721632142
0.247775119277884
0.489119905907715
-0.176816873129866
0.186200838816583
-0.075868545143306
0.004174080604158
-0.181684178907109
-0.064980330430964
-0.133649802525516
0.302386161277744
0.848225378205283
0.030765288310178
0.032607268095639
0.088725943014411
0.200678996592653
0.098489407925269
-0.088135765618569
-0.190349841112550
-0.049228950219858
0.433663175039003
-0.196029724114940
-0.174186397889422
-0.028966408793492
0.086531491175042
0.307874046112427
0.066884934434810
-0.182079115821675
0.728881085870991
0.014802999980394
0.037569696359415
-0.308985915715973
0.032825102899467
0.659918259447125
0.202176587329471
0.282454865359152
-0.142669364858613
0.033530003917598
0.452432105249865
-0.182549449500102
-0.435078026444957
-0.223003995590467
0.115721910487362
-0.419700873857779
0.048198065045248
-0.243004898332245
0.275190872687995
-0.207836893350958
-0.306325495786283
-0.308458733134161
-0.274516955791645
-0.123742301811363
0.134643769606421
0.420797430505290
0.219732600919955
-0.008151018277584
0.096315525512323
0.049787837638995
0.483664883894040
0.108937563545675
0.160218190362469
-0.001168227509611
0.729229318012911
0.194525991509132
0.254656398162167
0.415444336728454
-0.081904762564687
-0.026418332044451
0.060862381565499
0.046762657799569
0.330861402211011
0.370166088728653
0.437347113531081
-0.327790982147138
0.065528624730860
0.539332936876425
0.403737138341567
0.170277516521789
0.087119638351920
-0.142373772541804
-0.055866814825207
-0.013323327644123
-0.048292112473085
-0.083671953304934
0.255089463593373
-0.062237058933417
0.345221283955939
0.006861480163908
-0.457643858743321
-0.167153940322415
-0.343893133333538
0.053865846357811
0.063415643998949
-0.311466737567712
0.239099796775851
-0.183572213574963
-0.115822431386440
-0.006280343108495
0.297887513980753
-0.105220209880104
-0.049359761706673
0.068415349008024
0.207535854061475
0.257946782369341
0.560212960885323
-0.028325602319253
-0.388654157854529
0.137914894944677
-0.494143153748789
0.070732418968443
0.352071427742028
-0.154725742233556
0.077648218166214
-0.094176498233077
0.430444270518472
-0.357127226212591
-0.256043742136718
0.297228806416289
0.012483574997124
-0.422414564547897
0.226450526890702
-0.256572757625238
0.192260258554034
0.322816270578283
0.620545414743907
-0.249036249757092
-0.210830490514891
-0.106492811569683
-0.133019871725938
-0.157124140344914
0.132640326847303
-0.352465093604025
-0.570178678598143
0.376316950740540
-0.331262714142444
-0.347248787286613
-0.210771125828670
-0.175844945273598
-0.015638804056268
0.743897562570529
-0.476229481101281
-0.538840048760944
-0.000055187948185
0.185235965610909
0.048224221084389
-0.020594631581046
0.289593291123619
0.365143007618302
0.196718528733411
-0.214531262130414
0.268833443820817
0.165535774644757
0.135896427755627
0.016139798474599
0.134022461287213
-0.010175811040571
-0.261013251787803
0.462941668941077
0.319183730780674
0.359801330600694
-0.333850602106463
0.459380699752522
0.239448655876642
-0.136834054429692
-0.089693182026411
0.139393255577697
0.073133246732286
0.262857220933525
-0.174469962754167
-0.159322475218036
0.083990601955683
0.549237971960483
-0.034230507511299
-0.119819990535653
-0.013898008077642
-0.055690226554957
0.025999024347253
0.160140371262212
-0.274977183376215
0.008825833367917
0.284288638105912
0.079508639051234
-0.028305130944733
-0.396683253096711
-0.476808711767246
-0.094521437937296
-0.384573627860690
0.212121039666902
-0.076667865238089
-0.091737899704045
0.074835072756420
0.074682372382766
-0.095165111151446
-0.313554557923853
-0.464302798784853
0.435576657835780
-0.279264301207827
-0.226008052453422
-0.140979846036421
0.023826046717637
-0.450456791556964
0.504221566924536
-0.111532578224031
-0.035196282651402
-0.071792542152647
-0.220816432061117
-0.040236804186153
-0.051208290780167
-0.425977239020621
-0.450930388535339
-0.073499086959445
-0.209770550225490
-0.074096255741759
0.476874605901597
0.285384147037908
-0.221388136156483
-0.317920780952289
-0.023772507625473
-0.234379319520443
-0.007213375233751
-0.118798785677357
0.624846945018819
0.162671839951504
0.105294750955286
0.161285565454432
-0.176701461382302
-0.278101602372807
0.166431960486903
-0.508823943446931
0.021172068721272
-0.115416261034312
0.249687470445547
0.537199811682625
0.053049721885339
-0.420167600993147
-0.283415080039934
-0.183837567968589
0.121327264475570
-0.382862488131714
-0.235336571807361
0.223061876145584
0.015974823876645
0.009652399720283
0.039094224905386
-0.526357498477160
0.539003246927953
0.008459402630005
-0.205004970248670
-0.014948668156502
-0.182874950801704
-0.017849278958737
-0.386331767352386
0.352229338763935
0.161658156715377
0.157498931946729
0.066939365188871
0.132222327680938
0.262950793099470
-0.317937683454681
0.241688694579680
0.274308227560477
-0.366207460038113
-0.078295868616117
-0.189135280543499
0.090216792142240
-0.183144128494094
-0.000279223303886
-0.125331822559722
-0.199770312595748
-0.111052788634194
-0.521834371114169
-0.561946620635140
-0.059590711669918
-0.032547091290020
0.106543897274034
-0.274990112307310
-0.203444708199203
-0.178915030124820
0.299155452919389
-0.034616920218227
0.079821272073692
0.396222318719054
-0.060258257961498
0.798776617084455
0.013881722108660
0.348957738128632
-0.599330250743286
0.230161293100952
0.209553113441419
0.249011714054496
-0.293609046945232
-0.097724682087968
-0.158245924443681
-0.186323033168147
0.186888432960754
-0.378894891994014
-0.012319767167675
-0.128453867336905
0.071922580625489
-0.522123639689734
0.355415529606076
-0.023176434110288
0.133213162508873
-0.159028813763016
-0.483607267532013
-0.014426086894626
0.203213191666450
-0.122479470383325
-0.132276311897546
0.617181487843003
0.183244823800875
-0.262821329450699
0.323752436360450
-0.157600467987042
