-0.125484724546551
-0.045888365919643
-0.333603907093931
-0.163266067106586
-0.267915741503108
0.269495688756108
-0.069991160974546
0.690030564831423
-0.137010933289683
0.266150215266184
0.011757011827642
0.215117917221207
-0.234335136361955
-0.461438950022862
0.625558370257266
0.033661754026141
-0.308544844667109
-0.022249879385900
-0.576198253819567
0.460252079970480
-0.103313035636539
0.328160498102946
-0.360712357253544
-0.137614049181505
0.057359839146026
-0.344724820506950
0.117690596469088
0.127969688172352
0.087485533919248
-0.435108301845840
0.069048518381587
0.276991759102087
0.193547012786211
0.318756295000159
-0.169553126867639
0.083775212727971
0.318170501063994
-0.074950851150488
0.323469246215532
0.026934345760968
0.086715384290201
0.246282283484053
0.044159715321236
0.180884249522780
0.421791054433538
-0.180725117628167
-0.439148468816987
-0.386988080107065
-0.423936561022022
0.170698654562190
0.342808953320400
0.385117415736376
-0.167162226299860
0.284298012690242
0.452158648976936
0.007790120676136
0.532557097432940
-0.219282113165377
0.115062696790736
0.291619724703655
0.113193471154013
0.281809956972438
-0.224070576904126
-0.511853829226160
0.297672295273688
-0.051594149994841
-0.444125784450982
0.026206007513767
0.201706044816449
0.390290918135751
0.650198987043728
0.092742910003551
0.147593070844823
-0.203825895944823
0.660761851674667
0.048091754957861
0.379185763282523
-0.222325349936578
0.232469491295968
-0.252859517920701
0.198421255824692
-0.114310043987385
-0.322535102115990
0.655665418461029
0.264771898988136
-0.197489181147678
0.229124461176166
0.336752419189386
-0.467770820599063
0.273706895022140
-0.089025350639560
0.144551938697011
-0.416915392131018
0.264899753672205
-0.037626215872804
0.104893147838681
-0.139171406466296
-0.366843539048531
0.271307024237616
-0.240736260910403
0.134656611249746
0.067931798677473
0.062712525815860
0.612717430549224
-0.227343051263340
-0.217128647156076
-0.298192731001694
-0.187721286382082
0.008734006923681
-0.052951541437131
0.198987211100020
0.095195616613206
0.410553693298791
0.178754625250614
0.076669817461333
0.013633114639003
-0.014395399424169
-0.472394033305891
0.014105257930229
0.368743947197959
-0.158254686905110
0.179237219267439
0.128934106365375
0.063035338231788
-0.195904774372852
0.172177893269601
-0.770517128558068
0.356677688454919
-0.158378416082103
0.036884957775803
0.212740188869489
0.254451348840268
0.191580226860105
0.200397065273622
0.277017686206633
0.487026343466148
0.241201964237251
0.046414558284735
0.135826288920031
-0.043222030908073
0.017026693939996
0.228181703937396
-0.075104248660374
0.133223374633364
-0.353148906557090
0.045431227534508
-0.381329337319871
0.183359367671526
0.295438622429449
0.251521888375837
-0.006023886727202
-0.411120183659843
0.576980784554787
0.265839524600171
0.059916347029113
0.082229553129132
-0.442756187969140
0.015080878058167
0.484849483840214
-0.413672434172301
0.204969903284691
-0.280941131219898
-0.336975885730837
-0.150457265330647
0.248320755530633
-0.224387646044213
0.098941623916908
-0.054111918712904
-0.233574971167981
0.270597028577702
0.294048674387362
-0.039277862486644
-0.259478304553432
0.014065514336978
0.345718491312344
-0.298224673733830
0.152316738355662
-0.055563573297716
-0.166662964032816
-0.264840663203507
-0.161866484924897
-0.331171836381384
-0.157256418402162
0.369017401144424
-0.413628247973793
0.158059363853525
0.157071547241008
-0.362641254328835
-0.440252301601048
-0.313625279514258
0.650352259968142
0.083754539012802
-0.219705267428453
0.663194851896278
0.538755710474471
0.009699250417224
0.251359242968919
-0.180645866189620
0.064174570127039
-0.039385119439483
0.438417207826419
-0.074086558735684
-0.417195093876417
-0.144821776317559
0.189998185356064
0.319733700881267
-0.160177623462122
-0.087682204851929
-0.643196149521240
0.124628376648365
-0.511685432817349
-0.275329354867557
0.206253189784536
-0.285172603177903
0.059128101602005
0.374666289544798
0.290761694326690
0.310176743775910
0.194317297866492
-0.477188428040661
0.100049175163437
-0.037599853874286
0.131823179485878
-0.180781836932096
0.037105445368899
-0.051178191508658
-0.412301217971171
-0.049141461268332
0.569105883841313
0.345480007652473
-0.066073328032692
0.157658313127904
0.476866042477942
0.237328552641054
-0.397020949986551
-0.080311686030695
-0.107327779691321
-0.343295276505011
0.170881635667658
0.074748119529194
-0.377823131706003
0.245840071572229
0.094689687853695
0.197269676072804
0.144174380788395
-0.177260402826583
-0.045778657754678
-0.174697698637900
-0.386858389660520
-0.663611981995162
-0.192291551085698
0.204895470963055
0.288074965707155
-0.317105315120750
0.281661510953020
0.220034333823848
0.122935157209861
0.282182582265975
0.276832056001867
0.186331930995375
-0.399026465802458
0.166139750736006
-0.037334469307310
-0.033595854059482
-0.452641255247227
-0.447338828935735
-0.290956655688091
0.075867090795840
0.258408439840593
0.409260764953016
0.259895898092592
0.373560637461814
0.107724115710349
0.441038405085307
-0.094614690210186
-0.341003148182176
-0.092933652880769
-0.651839604578649
-0.004869107669464
-0.338095728771438
0.242235830195431
-0.305371141547716
0.197599712615574
0.046726481756067
0.045820264470399
0.528921748191880
-0.062002330394035
-0.236656220235538
0.092293321993569
-0.353436383610434
-0.295653026682011
0.025747742302679
0.010416228051478
0.149640508922795
0.354856179099048
0.157856218322590
-0.112689810634659
-0.019869108567997
-0.054379842472335
0.147841917099371
0.223451555724415
-0.212002217001020
-0.088907624644241
0.027684535317764
-0.204348843787172
0.710893374191449
-0.201164743783300
0.544701372566633
-0.323463722150211
0.235288134936837
0.469540247088144
-0.161403617052531
-0.290876605639804
-0.107966098129903
0.186180105479415
0.640520877117275
-0.183263711219331
0.380573353378492
0.386843229694326
0.100271696349164
-0.284403229006308
0.206686767622843
-0.003133863568108
0.358934338196651
-0.015528997488636
0.008931039155856
0.389991581372099
0.097720291806063
0.082996123933536
0.497680450163629
-0.095721634815254
-0.054469639263248
-0.272572472647751
-0.414213575301647
-0.222105244807830
0.241204733394555
-0.483617174645891
-0.443911749412763
-0.046281000132790
0.064807991175879
0.199995216843888
-0.164360464502017
0.224197581723461
0.200649347000045
-0.202162702947709
-0.082512460383903
-0.045232952384592
-0.193505639936618
0.144539273824495
-0.158273997556457
-0.113328933730796
0.080253784653854
0.361740328438177
-0.329331749739153
0.054605094255518
-0.369465157758680
-0.131545106252661
0.275385948228962
0.232375400752424
-0.095026861356524
0.050637822494580
-0.246889348828895
-0.066294455175025
-0.238237170607813
-0.550571294553468
0.058902080145636
-0.007397257006488
0.132491486239246
0.305661766598060
-0.423780188658286
0.645301289966133
0.087916799637560
0.163473824442712
-0.333169081445849
0.384233542423110
-0.034706795802893
0.389368840926630
0.503562466180778
0.046180112407932
0.328355698208851
0.169603621391334
0.086680229251310
0.368695216315212
0.339840419103054
-0.029475514313523
0.037397223192204
0.353221965739103
0.584687736646153
-0.113768214415505
-0.515866371579082
-0.525151463133477
-0.057505244004204
0.377562812652205
-0.135443502304043
-0.325449178334038
0.297480705828029
0.169707770958062
-0.207305792330650
0.408105655011474
-0.742802045753574
-0.248299889719460
-0.049736797028406
-0.098401760500390
-0.170653973753715
0.287615393329425
0.100019667741567
-0.044325651659442
-0.095599604819849
0.015533286569434
0.156582944027322
0.190850564226185
-0.444264277517739
0.156231365225300
-0.515664085869967
-0.557309767924423
0.436515553958939
0.057373228260942
-0.510570979904602
-0.351819766821716
-0.122660481852086
0.244329757499840
-0.222372850216345
0.024400570881252
0.008007152567992
0.144815411131630
0.642545073615303
-0.250403181794796
0.158958089302653
0.570717360033252
-0.046762788652409
-0.020961447355510
-0.026474278330912
-0.333545995634799
0.064482433249647
0.145987545360595
0.194842485773393
0.079074191092644
0.309282135165762
0.613027444482658
0.077638761275685
-0.168054376444536
-0.447515094548353
-0.012151062304307
0.358593361878325
0.041041174455072
-0.333397348206280
-0.295475507995075
-0.162215529254676
-0.433065083242897
-0.550165964485893
-0.040825030063226
-0.542902474425045
0.142436007005166
0.457436259855245
-0.037804253532041
-0.374113698613571
0.042898484670798
-0.238315642575607
0.313457220927272
0.095701682288248
-0.187402413394909
-0.553155864989578
0.149999990821701
0.075956630334362
-0.038206691205996
0.119299468093430
-0.213038494659077
0.179769681411072
0.285041658050808
-0.167837294118504
-0.053682017944719
-0.091936022086388
0.041949327586785
0.056781629455374
-0.497014475545833
0.151520617954196
-0.070307829693632
-0.020325230798725
-0.315505704226566
0.476156314115165
0.290203520622640
-0.018213111465707
-0.160687113661888
0.236700591019672
0.353685277241887
-0.328027280141132
0.123730064588260
0.312088940644562
0.172372503517301
-0.289648989308651
0.283256873150884
-0.296791344974268
0.061025977686830
0.556829825740948
0.163604589100056
-0.257237669881398
-0.368266185762669
0.003891197813166
0.008982043866342
0.314256544587418
0.563699216914521
-0.402145013878994
0.042765626358906
0.439764944946480
-0.031710063723351
-0.268408700327645
-0.147161660680438
-0.155322587034354
-0.295829728733527
-0.193567861934737
0.284397343596158
0.288253463723256
0.650999319508738
0.049854043997523
-0.109047746792622
0.263850005184116
-0.409323850392206
-0.396621740973417
-0.312339305283480
0.036882794458643
-0.480621579467847
0.204829858840628
0.020630029039169
0.187574930742211
0.161129452077731
-0.263013755109014
-0.248588712017579
-0.325332632023492
-0.155785104599010
0.139713271090076
-0.115417283127830
-0.386770585940145
0.613773250957029
0.102711342663679
0.551474323335665
0.248316177200387
0.187324391109937
0.213550069108927
-0.187504762977074
0.466540881648413
-0.264684393302934
0.119985512675073
-0.341569942917687
0.140161368006667
-0.105642928507229
0.195941228609248
-0.397743448051235
0.216551456137078
0.255298519368450
-0.276780781693822
0.187102809275646
0.282250501834624
