-0.461809398200057
0.021355781977867
-0.297231607529323
-0.468725064774207
-0.057487228593883
-0.071299352158916
-0.155565781466696
0.231537740978936
-0.247152411415406
0.450904666553719
0.322119438955120
0.182994527334369
0.225796629437539
0.452797388996019
0.230271657221121
-0.125507298740486
-0.379605314394804
0.146605625819086
0.923424418427583
-0.151260376743343
-0.186273314057870
-0.132639524603307
0.149645804650013
-0.060747168310692
-0.186273314057870
0.923424418427583
-0.151260376743343
-0.110829566021820
0.146451152879527
-0.123103363385678
-0.151260376743343
-0.186273314057870
0.923424418427583
-0.026542441264335
0.171576734332511
-0.013811628276220
-0.123103363385678
-0.060747168310692
-0.013811628276220
0.937112369294394
-0.111959528557954
-0.090137621453010
0.146451152879527
0.149645804650013
0.171576734332511
-0.090137621453010
0.937112369294394
-0.111959528557954
-0.110829566021820
-0.132639524603307
-0.026542441264335
-0.111959528557954
-0.090137621453010
0.937112369294393
0.000730973798391
-0.273057256049423
-0.351238640231703
-0.101332947260587
-0.178113612329809
-0.479495161065301
0.433029443043930
0.399573183648458
0.118033978314197
0.178000530289657
-0.355261339854676
0.039271405809438
0.155023277735226
-0.081790802812228
-0.400304157446848
0.138842206520370
0.301494630775644
0.456594287115263
-0.003316480736885
0.029357809169157
-0.083101479066661
0.092527759841349
-0.055749474379956
-0.163047353530419
-0.083101479066661
-0.003316480736885
0.029357809169157
0.134132267730238
0.068605317931680
-0.101722331206697
0.029357809169157
-0.083101479066661
-0.003316480736885
0.157471805586653
0.028915085800182
-0.161133077773029
-0.101722331206697
-0.163047353530419
-0.161133077773029
-0.039202916265905
0.062415079826886
-0.117460679052577
0.068605317931680
-0.055749474379956
0.028915085800181
-0.117460679052577
-0.039202916265905
0.062415079826886
0.134132267730238
0.092527759841349
0.157471805586653
0.062415079826886
-0.117460679052577
-0.039202916265905
