-0.127179371190815
0.239792890958869
-0.108907497741629
0.264223921435272
-0.095076343939542
0.075498950386921
0.397839665212861
-0.638443185590724
0.144734751373212
0.281534326353378
0.134886663298883
0.453251238020056
0.056902801114703
-0.112547348862610
-0.126915911107573
0.259688160109350
0.119809999427884
-0.682125988359183
-0.376805626629794
-0.080059391557184
-0.116057375083473
-0.337029455588967
-0.269549789993288
0.161730392736744
-0.003437033738375
-0.374315987095829
-0.315755149351846
-0.216163345345968
-0.290682147245766
0.188035174274645
0.229216165826987
0.071298131625272
0.035698598146879
0.343693560259707
-0.040981832539994
0.037317007813345
0.073657815593959
-0.636100853733926
0.066103488005266
-0.196783424526790
0.085447785357564
-0.034779706599316
-0.373041718138330
-0.064467220978819
-0.257156518140991
-0.315379351242403
-0.122830679864504
0.242331604430892
0.506405297009903
-0.036841504546860
0.154542604473019
-0.385010657126660
0.077891373184074
-0.208139691242042
0.314789991692577
-0.137007731306668
-0.159731662766736
-0.410430969260207
0.115310545104134
0.077820006251902
-0.686657299411622
0.022248360945615
-0.051502104964621
0.225279958452878
0.128301356380807
-0.344409889034045
0.319657352178135
-0.085655358804534
0.206738879999061
0.020469095560520
0.150688972818006
0.133088917927972
0.027765567196373
0.138052323954385
-0.039295736377531
-0.517405478954141
0.584920395728051
0.265537715152981
0.238501803747291
-0.081470883510181
0.070990150641080
-0.012140898089867
0.308301483080736
-0.135561578648127
-0.184959303891457
-0.133061256613628
-0.161664409170289
0.358601728770184
-0.144035598168633
-0.203802220606613
0.077558935399307
-0.057610947644201
0.439454913585056
0.179265021030440
-0.302106830452550
-0.231819385633549
0.082417064119246
0.347373332436722
-0.569942692736330
-0.196449923844868
-0.522688177941618
-0.081378486251535
0.174335244005489
-0.161657037728935
-0.040811937836540
-0.298143741328106
0.011698920046380
0.237324120497779
0.378599953113564
-0.342518061642005
0.360390318098891
-0.032654400602820
0.060769265210096
0.284094843573421
0.101060849168836
-0.079731942263206
-0.122828198949844
0.081528559678468
-0.487980535044176
0.001856004023553
-0.342491753565024
-0.133946170448392
-0.487749669603297
0.268340211277372
0.452128014306171
0.098495956029421
0.177759827332981
-0.208569886086952
-0.310934160192512
-0.106220629368843
-0.028863752739727
-0.121307342924306
-0.336782751395228
-0.279896117719931
0.533193482129549
-0.235100269902084
-0.010324416309357
-0.046853017485862
-0.397397558691286
-0.288714456608013
