-0.246145230798175
0.288818252652952
-0.117732746417083
0.008919297929792
0.081068210785313
0.283981353813739
0.358618831045760
0.069020181216160
-0.591326273547041
-0.019816802620331
-0.399509455661824
0.483858330388450
-0.125705286336115
0.014251184675508
0.240884541708604
-0.060878251581726
-0.025039375874373
0.234286610616410
-0.007964698416603
0.200832809273455
-0.210035968469712
0.596073736720186
0.048588796326825
0.185916978707609
-0.176860460946690
-0.097010242235954
0.232347586144135
0.414684046868882
0.005891897368769
0.026838592081965
0.395372585795193
-0.262571310228291
-0.082917527624311
-0.122563939227534
0.195903145854927
0.399519466627272
0.308559613920084
0.319186045232774
-0.210772052657324
0.539789489558838
0.192159434904378
-0.273527628993744
0.012928664801130
0.351258350185799
0.319756831667835
0.450045104686008
0.292781157707254
-0.568964076283679
-0.048626077132226
-0.448106346245873
0.162277761217205
-0.146823192211360
-0.393999599513718
0.292959622755832
-0.270756461907444
0.415260423848456
0.081246438557039
-0.379537569973901
0.103737618669256
0.245542937341512
0.098680828735546
-0.424840182103976
-0.012134178688229
0.068268366771293
0.034914501218740
-0.199743791849040
0.438417294439369
0.289180853410682
-0.212470779780231
0.388199840906222
-0.316528574812855
-0.142809022360879
0.132044900251075
-0.208275067532717
0.106844901787634
0.047521565794030
-0.606844375103509
-0.134861350105695
0.392713221053324
-0.556541950275330
-0.196511161192340
0.264164071873375
-0.045290042331961
-0.183385869973414
-0.190485087059343
0.031706940704424
-0.178014467552579
0.135765166661806
-0.277330688214576
0.259655662076967
0.060832061554628
-0.182857104750465
0.111839894931163
0.180438045849976
0.540848116056432
0.328788090957270
0.510218601223587
-0.242476477955233
0.429694329080591
0.206316583858595
-0.045455445406650
-0.146824888656882
0.193362531306130
-0.211725299230554
-0.089928146427916
-0.130862682477043
0.514671731562950
0.526771744429635
-0.214475091268548
-0.259525092071972
-0.179086318180696
-0.093708439381153
0.160979036622489
0.072372074484226
0.137182627926053
-0.089643020869101
-0.333228899314818
0.107306257987413
0.123256728711302
-0.107436829145980
0.142154211224177
0.070201018324080
0.038993527833267
0.144038866863506
0.078690422165847
0.307768457925460
-0.226562196452832
0.173527302621024
0.209988450762229
0.109625179373304
0.207757682502656
0.154163226515254
0.244977012318804
0.490960710838298
0.246780231391370
-0.528165888682771
0.075196853604617
0.033984392525540
-0.014443751147224
0.001691501425500
-0.023743832474898
0.038383862264395
-0.069200946737855
0.253007453426433
-0.414468912754132
-0.473279235007714
-0.126207129858576
0.015959633139418
0.363613390628166
-0.285961652241065
-0.223188276850694
-0.166746862337798
-0.144557831569047
-0.352006666407586
