-0.365157064531949
0.119368724441717
-0.040875382907634
0.203015183737625
0.319449025110075
0.560579159632589
-0.085449340712569
0.160423106211403
0.281667840010851
-0.206576794978322
0.077902307550173
-0.478242973455431
0.476018916285339
-0.338364145149184
-0.031785453409425
-0.382551522628771
-0.067547411323246
-0.618991265518455
0.094516317149737
0.198611492705441
0.118633725929666
0.603080609760097
0.134519310206723
-0.453095933497652
0.436136354219387
0.043435718560058
0.259427164291193
0.177326484227009
-0.132011158935835
-0.345351666637568
-0.270520309974236
-0.237200288873441
-0.030001486355876
0.086260759882742
-0.214351114552763
0.234161839071984
0.207990360774576
-0.329752863645949
-0.130098642501328
0.037968089833163
-0.163694519286799
0.328897335928416
0.033996529439792
-0.117354821824067
0.138960912067892
0.157306978437580
0.296272672284578
0.208507476713846
-0.619198001157061
-0.138012418443609
0.169792808016550
-0.448499903526251
-0.541586690729351
0.182385003189165
0.164730355828083
0.159639128074522
0.359880478250205
0.068565726579414
-0.049384468156071
-0.359259001804070
0.155558129856266
-0.145860536550734
-0.424445370365491
0.112880137226333
0.484676627500584
0.389106341109033
-0.135757157458346
-0.161878016243998
-0.225120293681985
0.053440911311230
-0.313663456792554
-0.128172051315596
-0.328820481419657
0.340400933159692
0.127491248813043
-0.218366585777268
0.384604924670273
0.251347227994001
-0.227602196713569
0.021382770680761
0.152647399764650
-0.269700638801566
0.211173161870668
0.423358902345663
-0.155237496835056
-0.362574574724091
0.201969885559310
0.173221846176616
-0.259116273249945
0.295008814138220
-0.093967437729605
-0.169486484109758
-0.042269313781560
-0.323772866530204
0.078654708247512
-0.027291278549582
0.488514110020609
-0.070771148196812
-0.290672421672569
0.355139482605162
-0.078789122778275
0.177650995828261
-0.049935447478543
0.045953318109426
-0.152960454808753
0.282932535578752
-0.200131385037968
-0.343921782500780
0.188461270474803
0.208901372524036
-0.291407988588455
0.003965423287046
-0.084686689424669
-0.175026048701895
-0.237194291957188
-0.008546800019843
-0.063435152030505
-0.092104362357021
0.124122224302558
-0.080237750243279
0.581725539446723
0.003813316229264
0.124165630473594
0.366715990898554
0.309379265147969
0.298499856387388
0.032931667997603
-0.101855225506050
0.301313573055358
-0.306115067507158
0.229466695143846
0.426682002617699
0.457347706775262
0.250334778255279
-0.082111385932231
-0.114921411350248
-0.259101464074187
0.516654668420779
0.079565042528166
0.057831735562952
-0.232027188581587
0.263883813215355
-0.205184027389636
-0.349716448885499
-0.033600051056304
0.123635877321566
-0.259771977903501
-0.496244984997013
0.000831252112433
-0.218989942172844
0.001523656752748
0.135521937467285
-0.413571246169807
-0.158194066000976
0.059708004552852
0.526453339333053
-0.249690235863436
-0.237178749042900
-0.285567230495754
-0.141906026721902
-0.042073986867813
-0.006160139153251
-0.186256443783095
-0.582559347917210
0.128809637873848
-0.080425692931857
-0.071624936789769
-0.216881013404034
-0.237718005373851
0.141860571053283
0.071818972346026
0.279762224920739
0.619468666675814
-0.142908534037140
-0.021786311311457
-0.530027823286476
0.014027170847637
-0.102297111781132
-0.066870370138906
-0.436256409277492
-0.014140902649718
0.352221253779786
