0.081583865978776
-0.602087382804069
-0.212205540596295
-0.306444664872201
0.207945978839343
0.158025102547329
-0.010761156782110
-0.238058524124284
0.476781979476706
-0.373001104896083
-0.203963816847953
-0.115294901397637
-0.000143482685741
-0.166404432412906
0.292130939234299
0.117367973014919
-0.231815138799086
0.371321096036309
0.063945128115164
-0.138212384190035
-0.010186509637056
-0.031125993043692
-0.273647125519653
0.203000510731391
0.081260855201906
-0.296019928619978
0.008538300188625
0.213991221993773
0.211142480971003
0.659985333859308
0.092771930572280
-0.116534269702686
-0.097910430392546
-0.278730495025720
-0.007438781870289
-0.100997088046599
0.305032727812223
0.250671725890507
-0.046728908845332
0.428961373166016
0.514592544331825
0.215194051558537
0.225721279045382
0.260837648274501
-0.555908990355124
0.357979275409873
-0.160569538490163
-0.093602036814215
0.308810068854578
-0.008586728872519
-0.153255692635571
-0.222809480241261
0.003402504570272
0.292264714420511
0.071992286207232
-0.442432093687296
0.424978961366321
-0.140314665173903
-0.103178545056761
-0.261265511044463
-0.262506551988901
0.353184801143313
-0.276786349443961
0.092027377165900
-0.368422339256643
0.203833723882458
0.193915292636325
0.408226314028369
-0.268543598771587
-0.181906635100367
0.363557225993701
0.119603474932514
0.393462812255323
-0.231079274141341
0.251120840087894
0.073539175855413
0.302604315487551
-0.049357104789943
0.492003693638463
0.112382526185059
0.330899029580795
0.171446050638356
0.108410690863298
0.307768411922241
-0.336584184630829
-0.375934202712092
0.092219726793577
-0.160864830322785
-0.187729041246659
-0.211670379014714
0.433154510894741
0.113687919884567
0.162044419725514
-0.147397369725152
-0.130791051787660
0.129493198075573
0.599771229033001
-0.075572347191979
0.110354994463984
-0.040046751232091
-0.548447230333118
-0.570546690966626
-0.186832291340736
-0.270945441912964
0.183139804229029
-0.201334457570993
0.182654176999953
0.098653198734530
0.198597350559909
0.154535298553793
0.022547606230876
0.044644958898357
-0.218731734748974
-0.125614821256726
-0.111305012751441
-0.095918019859761
0.491989272789067
0.071642021411666
0.301940913543248
0.119442679433862
0.235873953924823
0.078928073187437
-0.485803930863128
-0.238887497480399
-0.303047930002413
0.182343604708563
0.430433636230343
-0.033342491008727
-0.091088602258126
0.302561707503865
-0.114881992640844
0.616976692508345
-0.076730582148600
0.434525519786608
-0.131885462943017
0.019356313637089
-0.048638681971233
0.560876208021622
-0.455390553326309
-0.109241373935250
-0.395322516913253
0.232556722652949
-0.194580380302619
-0.046891186664138
0.253588081027436
-0.282943494996337
-0.124627855534060
-0.451019032357226
-0.152481297491045
0.031974245534290
0.275869779458325
0.050876780920589
0.027433465660002
-0.171687648962744
0.313538559175512
0.164706918585121
0.238913709419988
0.107579092413431
0.149821398505344
-0.311281524999411
-0.022172586371409
-0.048983876138361
-0.026390958461835
0.615680531640898
-0.085698497949602
-0.415794123037330
-0.247450392253036
-0.129678476876797
-0.037863166142698
-0.036225425084241
0.159886892699993
0.439081790386424
-0.071487511083350
0.012281610479974
0.473471731787192
0.123391314476134
-0.088743809332978
-0.186496422279422
0.254277670684884
-0.121565784144412
-0.180852215573403
0.578589240317516
0.282970013881868
-0.029257075401112
0.195858444284848
-0.091222014950498
-0.499666748066626
0.315718142568864
0.091195844671739
0.296222963981974
-0.394851470631617
-0.071948858478847
0.224865688912980
0.004096730215612
-0.046568516696397
0.442630619874896
-0.111624498175874
0.069164530541754
0.584462839948152
-0.198563640201723
0.110197773290470
0.176275281129433
0.042995375459990
0.478465811952294
0.113551018706639
-0.005894138273779
-0.262956398972128
0.419853479549429
-0.030466556827155
0.227089966395033
-0.264424954113641
0.010973240933385
-0.245960468359739
0.261126390441921
-0.062606241061137
0.124043988423653
0.003354365227860
-0.378041714308486
0.000054439817151
-0.133804210329577
-0.487732467515441
0.180947229650958
0.302957273783629
0.572117753788348
