-0.131295139274142
0.340314939714502
-0.151263361493770
0.320793636663527
0.176808095827469
-0.327683486659062
0.278548408272569
0.534908446831105
-0.029244852161610
0.109241002339006
0.159075726107112
0.279335752130038
-0.095365275603330
0.249634403043951
0.079023890168894
-0.490520338169051
0.199577045026217
-0.181961584599663
0.038751665731941
0.158554897401857
-0.247361804152563
0.180201359052446
0.355027746262830
-0.141377869977155
-0.612860218643636
-0.038156559212275
0.346996565443678
0.110199028815061
-0.127398870039072
0.139272309525617
-0.175772431356100
-0.617677701293726
0.212567020657445
-0.155501755613868
-0.320859416453364
-0.184054553422736
0.302370627545235
-0.162595946519962
-0.037984493145307
-0.041488787088831
-0.206908545264342
0.174333517136882
0.058116237942776
-0.103676202072999
-0.440429330076257
-0.155027047516886
-0.143900487676524
0.429783308256823
0.138137490311037
0.232491385999677
-0.214668744680889
-0.190250516681838
-0.213224287257005
-0.244895038850686
-0.019912121905226
0.579485517418789
-0.024526796897663
0.059966725254806
-0.071881788701078
-0.012405251638677
-0.368016539274536
-0.277840155347180
-0.068284734350763
-0.328404569897960
-0.314150122640281
-0.458195989576819
0.150836539957368
-0.140749651482359
0.180413746393363
0.215978744233672
-0.271154850855106
0.069076034034569
0.273801520492222
0.154519280781083
-0.181602329922966
-0.649808427647880
-0.333678119114343
-0.339837651508639
-0.156692797055154
0.611291825513774
-0.142200440922647
0.273342000378436
-0.097074140694560
0.071584488127552
0.200867468722350
0.465627511729622
0.394982152301029
-0.235762900198514
0.100509438018324
-0.123862220133531
0.442497340943161
0.289051437471659
0.178377263030017
-0.039818940294588
-0.105403618457599
0.201255539983221
-0.091101148145813
0.090539432995444
0.456850002440940
-0.378382131281664
-0.148511032669096
-0.299697184362333
-0.221912907089136
-0.075789974563050
0.115402271149491
0.172602714237042
-0.184698737511042
0.540274423622436
0.156463843127448
-0.161939645567046
-0.176083022518833
0.311827596509860
0.081561165502328
0.109176225502962
-0.007979876702919
0.083131491238489
-0.446402614786311
-0.056108039805579
-0.302336054283582
0.012747582864632
0.058009113993293
-0.091011626146452
0.351445991142201
0.128967532939128
-0.062500933371286
-0.730423258700910
0.198401162314228
-0.021918636302442
0.152527362191569
0.103648912176218
-0.837365494738376
0.038390436426245
0.213649777013724
0.387971166459851
-0.122552526151360
-0.110281038370202
-0.309514579414712
0.233784555868399
-0.003710558282187
-0.362402316490704
-0.604632931813762
0.100318100121409
-0.297313442355309
-0.100528309918975
-0.195685983990605
-0.098732528183171
-0.052386414533921
-0.268057094387742
-0.478721145312752
0.098079303200731
-0.024809109812225
-0.388274038715199
0.009533587421230
-0.253431400212532
-0.240514710840552
-0.283716321746605
-0.136447144669018
-0.337970092905455
0.379208378459897
-0.415524579118766
0.068784036839614
0.043009609884768
-0.190754880495884
0.352057085712588
0.271478367371419
-0.261232271296107
0.056296026965577
0.067805351753468
0.317601286363004
-0.079116973845028
-0.195651816267484
0.188510648654193
0.165795952941117
-0.216463718658735
-0.352624378046981
-0.004770749047304
-0.700599973703942
0.013892955558859
-0.004418593723390
0.285200342310953
-0.445884765469707
-0.025747620197907
0.397023327816911
0.328307315382496
-0.187666516145815
0.408491373298725
-0.131150646816225
-0.122740860009040
-0.208797530484405
0.071729623508339
0.020037855301522
0.180977999202247
-0.206398981956329
-0.124172185194864
0.445908188130855
-0.356200249675303
0.109465538706761
0.264252881686893
-0.612965316081871
0.033385373194873
-0.117364107830198
-0.547305938179762
-0.034870344883001
-0.073565595050975
-0.274339071575696
-0.194153514335689
-0.238566411667841
0.447785610871519
0.141470685020089
0.256805878295209
0.436183194956785
0.060049366981130
0.150221895855915
0.078839353565504
-0.014026580021039
0.166543689024318
0.075571612182548
0.161632661777641
0.095660120969350
0.093071094857722
0.211809941637674
0.520033654806007
0.022413493951213
-0.130600446832511
-0.232938421267830
0.277087348669298
0.172332739108275
-0.057724739480482
0.177455247299433
0.336218687007224
0.037397131378075
-0.008506039638892
0.069687845245659
0.030348485733861
-0.609736697822448
-0.185964534212336
-0.622370944077387
0.124006965470156
0.061125345043136
-0.426047766787865
-0.412900733588088
0.214210341866307
-0.125167289585185
-0.135884796796691
0.179377657359040
0.414305309583726
-0.167126720383265
0.353840602829166
-0.265642486507390
-0.078253663343669
-0.249084830322240
-0.041652625549537
0.240982636909776
0.332725718472010
0.141674191439680
-0.497509502519212
-0.252950140397354
-0.097195005355884
-0.413311443376032
-0.098870539244464
-0.097903599921475
0.029615851729694
-0.122973661482208
-0.119940669587654
0.434665495687212
-0.268212484986992
0.141067057866677
0.235302738582729
-0.041400063748883
0.203932360333907
0.218590481262129
0.086459243166594
0.063412685326392
-0.569002817333348
0.186228523599046
0.386147705286716
0.013339619768883
-0.106757836055592
0.008454573820369
0.145916633615051
