-0.366025030213802
0.513634286492860
0.135993305806222
0.015428660857778
-0.336609510425367
-0.035764493955917
-0.062334662002569
-0.075995040084617
-0.043498422697843
0.180495735710439
-0.093646826528481
-0.260567961533418
0.568485234563566
0.278041611908457
-0.232468473646544
0.180093399949558
0.051028480976691
-0.376960492234464
0.224925225255014
-0.010574204800671
-0.268338664346923
0.752613692405118
-0.061874816559304
0.072506745917023
-0.096725245202574
-0.076398177528599
-0.128488201565850
0.401823011203761
-0.065494061448835
-0.395873920022702
-0.158830393882954
0.148744240293577
0.169795023388844
0.394634720906930
-0.261583861373381
-0.297736837374617
-0.218687528235797
-0.023190676163688
0.076130521964855
0.033824943478863
-0.587742074145135
0.122281171039126
0.031931565724338
-0.415722757213436
-0.631911567947364
-0.051608423685774
-0.093514257353020
0.114878585131206
-0.156202997476540
-0.174325991773767
-0.053289509029460
0.470885332617703
0.089187444998642
-0.063716424868667
-0.241142329753350
0.318659418405667
0.325997340791449
0.153100764542232
-0.001576543178777
0.067229989347450
0.039154850597577
0.249976087672609
-0.154004171740946
0.068182512304448
-0.419629210858092
-0.346243054621873
-0.452585941323063
-0.376754451249838
0.153934166280736
0.291979229848351
-0.206718617570457
-0.582898185807305
-0.041713233245973
-0.122403155503597
0.277942341565567
0.311866926526218
-0.001044480796252
0.128537282302166
-0.488420892835629
0.285667737198739
-0.053601127341612
0.284967205376436
-0.267040822095551
0.269074498647953
-0.106366536037407
-0.374219426790902
0.014636269719345
-0.320056982532263
-0.243062719499448
-0.283279838914177
0.033673444235087
-0.040393137210381
-0.118517041718571
0.300548735365108
0.254729947217167
-0.202546995870889
-0.376784896597346
0.023776434412431
0.149234499436163
-0.020577431305111
0.163653912020611
-0.333014735431156
0.017636918183904
-0.047012062661877
-0.073208453806501
-0.250553705084167
0.119816588594774
-0.048018889786100
0.041066314877859
-0.398818573676283
0.207648502849814
0.038025838499731
-0.276479286814865
0.122645964580292
-0.339566351708637
0.175356690570752
0.529817576452379
0.249370871776811
-0.257660824966099
0.012487512869787
0.273508893633594
0.005078440831046
-0.657106037872427
-0.078425167205884
0.516453061051857
-0.116043331188250
0.167470794002350
-0.102504210545141
0.292348676464668
-0.350979530598002
-0.184907051223355
-0.012345046486274
0.150272049043121
0.168382950646489
0.040059876194974
-0.257683311053739
0.334205589298282
-0.402728601580345
-0.065152395299298
0.088252773369637
0.563649853845015
-0.212683203821013
-0.206814968920367
-0.201911066737121
-0.106120847279529
-0.146483704926080
0.079145827870658
-0.062895875894842
-0.128967001043671
-0.554592875405743
0.042563480955590
-0.172778191105727
0.059010416647303
0.318896196360170
0.045297818022393
-0.336042343560410
0.025720259381698
0.104234105661435
0.231229024152609
-0.107509247812867
-0.539516645197332
0.357321681044573
0.036638842212422
0.298494680952001
-0.049135245454277
-0.318325592410741
-0.309838519715953
-0.477752259484812
-0.048780094436728
0.039403539146169
0.006896189925570
0.246581207925675
-0.170288100330788
0.297102416934119
-0.221976653507752
-0.286555146875765
0.332941669249366
0.129699409059652
0.117689227509044
-0.187816838622520
0.397392873872633
0.349022113188836
-0.098366674372298
0.070685585537207
0.265402611075015
-0.306936970035855
0.505304755167799
-0.230044128109800
-0.089904498626131
-0.192510986060761
0.027558913108638
-0.219516728094919
-0.190274838993299
-0.264049743699327
-0.148497820981388
-0.404786328050236
-0.088803006088994
0.003984251594958
-0.001091488283779
-0.209551894504082
-0.326362013720155
0.143566107103513
-0.628006068416219
0.076363500274414
-0.404950150666638
0.451275853171221
0.543695461236333
0.215378845097865
0.245645680805324
-0.047165609854013
0.003242343969517
0.141809788390055
-0.158906915618551
0.199037341443174
-0.139960767636790
0.109348365186166
0.356537216936984
0.416092520558012
0.272341958343291
-0.346177756203053
-0.121412242206224
0.180999726973555
0.102437326478834
-0.033513719350627
-0.075319332195608
0.065756004068854
-0.133313748021533
0.500780308038546
0.377813330724737
-0.090199431834313
0.078081306101599
0.147602522533430
-0.227917414658145
0.537991003992836
-0.010830183903206
-0.284894810923922
0.386613948877758
-0.107770914401159
0.471794085655440
0.591665021065942
0.066783140296113
0.067947195897069
-0.074470328003167
-0.198657443029523
-0.137124684800972
-0.533363882911495
-0.240605148904978
0.063538559065599
-0.436915973524640
-0.089753466306367
-0.427823955223445
-0.321487071088916
0.352284799259960
0.252921907001470
0.106334656154944
-0.342139301116178
0.606618704981037
0.155452170480000
-0.081623454319495
0.245215266917675
-0.273925792506361
-0.215238890179158
0.258293135985363
0.103599721108562
0.144927600271420
-0.270618543445206
-0.296160413096018
0.304460577484427
0.084669968622038
0.051139114739815
0.083918386355363
-0.045962256858948
-0.086811375564331
0.033145066690871
0.206159072726650
-0.519706640982059
0.310592602267659
-0.275505705994054
-0.407834738378522
-0.208499041047087
0.338321477006380
-0.156266441745483
0.224718638527711
0.161602562863310
-0.320564758594628
-0.082872825265739
-0.540925561717875
0.028336777426624
0.100415178349630
-0.399500409498025
-0.329542669863793
0.369438475209372
-0.293806529354363
0.112466980143936
