-0.218719090809649
-0.525698346845470
-0.103032015311793
0.189212939571039
0.138613548638712
-0.229362611479433
-0.427013295077901
0.114022595908404
0.503575927270766
0.154297633002293
0.056117261497034
0.133070919210861
0.215399034120557
0.335553224177670
0.001635888054479
-0.122412168032198
0.065607822396549
-0.345880561717856
-0.148867617143032
-0.503504429320992
0.093754040022080
0.687959237552058
-0.282873008051938
0.104524757598382
0.370671580229966
0.165193785138872
0.248973627507067
-0.011588737162372
0.061507967534875
0.089674338964656
0.372050761477914
0.251671018725059
-0.159807134581084
-0.313201545116114
-0.252382279017108
0.123612746173377
-0.003662853779045
0.092568605985304
0.371389126797242
0.357397231093248
0.154715516217494
0.531718013395480
0.113285421205862
0.226443762928926
-0.229659211626538
-0.099414069396929
-0.520943640513395
-0.147664161878427
0.063365298727072
-0.133443768322697
0.095941564090700
0.590139031839079
-0.371917465464396
0.333633453059565
-0.437079048426595
0.073380301251951
0.493835059782868
-0.087485895341192
0.177746148959557
-0.587831935713307
0.221061650685621
-0.057513158076008
0.336178317420976
-0.493389291290543
-0.157744115195130
-0.176408896930676
0.095642217556337
-0.031552476492525
-0.086566529728135
0.405595364680733
0.320044214713086
0.191066158984062
0.092235513374396
0.375930883453115
-0.139014466374059
-0.099255961061140
-0.050695959367473
0.477522477209836
-0.065956696202892
-0.101250481438712
-0.430648287335578
0.001351696508311
-0.450328096819777
-0.306830116128577
-0.044644460871341
-0.110400177450239
0.167458437748839
-0.062246033917976
-0.305310812401260
-0.380118103213070
0.293302458342970
-0.116985477090400
0.463125562054551
0.551129206088501
-0.081604950874399
-0.504562813264409
0.109820359336334
-0.032425272035022
-0.162849752556880
-0.643474435348658
-0.042403966245014
0.107098860032151
-0.066716750891552
0.380222038808107
0.097237666027962
0.168026374481422
0.241626425684164
-0.668763224218818
-0.274219562052812
0.013167532989819
-0.358618260478596
0.431596901111384
0.040189586866703
-0.309951741800926
-0.082815618566071
0.481411972312142
-0.140707920968702
-0.152483434503753
0.319846136513099
0.320433183104298
0.387486033236163
-0.261859873019859
0.002624505776569
0.292935476276298
-0.283341921742182
-0.098411567289630
-0.369649667925310
-0.203717386900807
0.322057709358307
0.073187876358827
-0.006170791000242
-0.499443931467054
-0.214152948223701
-0.100567558055181
-0.140471411152930
0.466194178021065
0.027393643509314
0.229227619577017
-0.017162212193112
0.083607754529075
0.165144771774850
-0.028458521348148
-0.437273334140805
0.235044535617364
-0.169258173557377
-0.417265608135541
-0.161646999361185
0.165989453193482
-0.445409174508690
-0.122281041157943
0.027675868618172
-0.294980312552324
-0.023259362499820
0.214499362234622
0.364808851128285
-0.453360415833815
0.280396710897355
-0.043234959816574
-0.331728724363630
0.002131540618328
-0.024319026289387
0.040242104614547
0.240370681570948
0.245191493853461
0.402970061743823
0.138962805339534
-0.249749111966631
0.461541143123051
0.303657767781545
0.133537156828098
0.102335597203293
-0.268372892427964
-0.000151884139808
-0.049272859679020
-0.118306030983442
-0.254687099285545
0.287144277820513
-0.213801796560943
-0.239931508262384
-0.118908556415518
0.481835221898590
0.319663497513220
-0.103574175402684
0.050500951199189
-0.010593131083733
-0.279482934323801
0.200643802712530
-0.034554038221230
0.520443202123422
-0.153668110438135
-0.170563500639228
-0.241501779687211
-0.523914783580130
0.295467970232677
-0.057790398587643
-0.316076454283239
-0.072335204125035
-0.241620680947894
0.192041588418288
0.028364722417362
-0.265932113948510
0.080569252358458
-0.012589548847272
-0.027199272793952
-0.131013119362560
-0.167151313747335
0.013470898264064
0.314338276835473
-0.247439511611606
0.009003721889052
0.086129154496817
-0.011610239647575
0.498854725973302
-0.053626031833326
-0.350081534317077
-0.297226021201883
0.219622721476742
-0.313452062428890
0.312213568388964
-0.250384548229282
0.389882988051084
0.247370871243044
-0.455019715602931
0.028656463096957
0.093233997864511
-0.233825230748859
-0.095685032924657
-0.309244363681276
-0.264840772269673
0.184334221584450
0.051924847481388
-0.214045300746965
-0.432549354042367
-0.071465028527820
-0.310865968225816
-0.118168347952829
-0.095946819980506
0.521864152353042
-0.004199906126164
0.036993871427158
0.204291650049829
0.259132199409248
-0.125781023037128
0.064714112241491
0.251895329700984
-0.063849396947799
-0.295558513331614
0.320421267124885
-0.223499229415309
0.361495134190922
-0.039550893980610
0.106681676519379
-0.104199938334483
0.082449650029829
-0.066652093101226
-0.071907182854971
-0.021814664617509
-0.032506654994428
0.216992131829457
-0.335349145843914
0.313017876853081
0.260182541537824
-0.170943121639892
0.094412041142596
-0.003982322426998
-0.449513174695480
0.391229853502420
-0.091965101402502
-0.019479117778890
0.291093112975703
0.490237728001768
-0.123786186077687
0.023063590592216
0.250693595760048
-0.076171731620675
0.010513535698459
-0.201459454417681
0.533806499741494
-0.021607552859232
0.150581499305407
-0.627446322679348
-0.137589849619290
-0.060043855242445
-0.080370775341300
0.469979849797662
0.218640796698719
-0.029444660433667
0.228367793840910
0.156711105897675
0.051095368799232
-0.103835024786376
0.201576067282958
0.578985159091917
-0.174972428062894
