0.547706055101580
-0.188935144893476
0.035683056138125
0.241676235296189
-0.086361966299334
-0.207872185291415
-0.110894379463607
0.336583681026609
-0.057831973383804
-0.189393267635651
-0.670357828397747
-0.054243545420023
-0.087355046141403
-0.162828396627212
0.047881864042145
0.131819653636283
-0.612887629180067
0.250333437678640
-0.332222283701543
-0.067322236138282
-0.160029094995401
0.164361322342849
-0.202002853576108
0.111811459091535
0.121051874076779
0.131082716177942
0.640963812446419
-0.261994846547972
0.241637888555013
-0.422871891431067
0.187071492000992
0.244189907646508
-0.525676033597472
0.250895968591592
0.358906586602019
0.335869378296579
-0.236275304042848
-0.444149447847869
0.060716766122041
0.170423446270803
0.150408034175329
0.155150779300752
0.213020060044375
0.309194637816504
0.121675035350626
0.074096546145161
0.235272947834760
0.285176044250230
-0.127809601984619
-0.054839173923947
-0.226304968620348
-0.258398406588590
0.126756150609252
-0.201527692487678
-0.229735204051788
0.057088796839040
-0.129313451071526
-0.083587675190302
-0.256464619270637
-0.086378600327126
0.387987262628680
-0.137094246064981
0.121220426293714
-0.712067360640285
-0.164554490969226
0.006638076003315
-0.084226533167236
0.299648651904901
-0.194950756139294
0.158963499511645
0.041724363617348
-0.514209959117222
-0.164703097195684
-0.338565335155926
0.248227721118205
-0.352555014268643
-0.520014538823884
0.162703736376876
-0.294969020636915
-0.235419067739962
-0.098024806104066
-0.051787732366073
0.118552906643766
-0.129298463076862
0.575801129249310
0.306567117375352
0.239433957243934
-0.188744511393943
0.025182240977529
0.295845504683381
0.281151681428380
-0.076354383068625
-0.064425364404368
-0.239964951911787
-0.170428651686878
-0.451688729055672
0.096035607478425
0.218893020644145
0.298061631318947
-0.238341295960447
0.304334001734109
-0.135507646903124
0.013778622957661
0.052517176214947
0.681884227674814
-0.579122975605023
0.218633328359101
-0.136484693781357
0.074154572527412
-0.389239055807257
0.056382361246059
0.099232810063047
-0.235447687565061
-0.354052081370681
0.147644416448780
-0.345692688596523
-0.369588209707429
-0.535208021691457
0.034217990650206
-0.216223247570187
-0.104919673086620
0.286367452297647
-0.157982924289592
-0.505991290684859
0.115833646352855
0.188334592479502
-0.151969792991254
0.032758615280063
-0.273591081168504
-0.082183779660461
0.226234089969670
0.088224378255884
-0.100997840265482
-0.131454490340804
0.117215438771710
0.228150468407648
-0.384798474077718
0.270359331337895
-0.014053840097948
0.460924636875309
0.256702276319386
0.339239255346587
-0.181375325219527
-0.121688272154574
-0.407799317885128
-0.477991586286705
-0.363647778942312
-0.067935114563028
-0.108136230718715
-0.335139869755686
0.109583510436371
-0.035399577025131
0.127846163354647
0.735769910759425
0.125348406371479
-0.218866624552314
-0.236479024512276
0.170517507269704
0.136831549880914
0.132387014989238
-0.245977634883739
-0.432350488580908
0.039610862830194
-0.205132388841157
-0.150516104228733
0.195711752321842
0.486610767763183
-0.115544872993917
0.406710771653526
-0.227115055051852
-0.123552664526677
-0.132032454821145
-0.006250700441323
-0.150187543549359
0.297897646861505
-0.064415084035984
-0.262346681760095
-0.280611902530695
-0.409636076192572
0.207327655855081
0.074790924046156
0.182814963920459
-0.263904960912574
0.144653807289099
0.154270440347630
0.337337627416144
-0.296936943929801
-0.084218023626680
0.291436849303160
-0.006146514368046
0.167070605819419
-0.033104280828939
0.047618750314437
-0.335707255179610
0.031413714968725
-0.234665793094956
-0.320350116932295
0.550192081698093
0.238735448748585
-0.166920764977030
-0.005840388707695
-0.252950466480584
-0.021477023182585
0.089941172644721
-0.054740114396160
-0.376111171810836
-0.282043442771414
-0.228612828159626
0.471428420507799
0.423213178357853
-0.313449585847399
-0.697355620248507
0.077250511236173
0.193975657472522
-0.074453394611162
0.313661710323735
-0.184971307940074
-0.101758646044582
0.195762728080069
-0.649395003477506
-0.419824146973541
0.035623376514523
-0.167334713497672
0.207649811966355
0.125861961506777
0.096119059805161
-0.063453725385327
0.200813751936429
-0.121127790954924
0.422060367255675
-0.208421864955923
-0.188404447877022
0.244789159572560
0.033726061481610
-0.158185570173600
0.076589503979843
0.019159803777698
0.089192478189626
0.007173017928522
0.028226401825480
0.168896595478550
-0.617687829280475
-0.487106139486178
0.349726270262854
-0.132444576808892
-0.334049712673630
0.040261345772647
0.165017721813439
0.011427355238557
-0.224304077287159
0.197188810088730
-0.290764871316465
0.375142368968648
0.369354968347307
-0.463265693005564
0.210189522898252
-0.110701635224398
-0.146566112918968
0.269340809777208
0.150357522851655
0.095249172915539
-0.121949381639016
-0.021920991569267
0.297813478078652
-0.352705975845175
0.123817749534898
0.129786034240773
0.069922201493048
0.296547770553892
0.061267459080352
0.501818218131228
0.249453650903357
-0.026066301418377
0.123784868866715
-0.163029302768644
0.331128239954666
-0.113839764781692
-0.211470949896398
0.067671485233166
0.199722848196304
-0.254554685189461
-0.315815510553680
-0.201777469177198
-0.517845122499848
0.158772067779870
0.174432472685698
0.036185760311856
-0.249525346954362
-0.092624055190387
-0.576414762726182
0.566290314951914
-0.116191904938121
0.215526981441080
0.203289402861258
0.078644378553194
-0.324926818899036
-0.041678023148283
-0.346796090385531
-0.372147121901083
-0.101600709247760
-0.317066886251161
0.169316332331955
0.363555437723972
0.141962103123249
-0.205707148106640
-0.094327563600931
0.087358175151962
0.066792897890614
-0.082494405240370
0.013727663535315
-0.099495578142385
-0.145330629845263
0.136513931511722
0.453598069703521
-0.194955288771785
0.064565838977053
-0.524885598676291
0.308271241530060
0.350850596713153
0.271232197252443
-0.377718632687391
0.201477610615235
