0.082293907585738
0.157494498431170
-0.060968603045280
0.196505586698127
-0.091636567249528
-0.336036559642596
0.427101662292605
-0.105213313950244
-0.287496191690218
-0.273357131644993
0.481881329726299
-0.134127670296590
-0.197439952233157
0.075766183596250
0.012594966473501
-0.143043716519505
-0.014758070583327
-0.248211946012394
0.294629188227747
-0.059225965018274
-0.085028478719465
0.202445690793861
0.501113223710499
0.023041062920830
-0.172587448180674
0.111482888861993
-0.319360519965437
-0.418919459813775
-0.030712244697398
0.162123931126063
-0.120412060536212
0.119838471556487
0.093209110356984
-0.031171516417672
-0.041714420088348
0.285941522206969
0.099386051733240
0.237749315431616
0.025138836754140
-0.144801300089507
0.158450095626850
0.473767175759178
0.302485889509915
0.159713106665294
0.097633770050527
0.153073917635399
0.082863922602725
-0.128895551825299
-0.127129461646143
-0.078580974340290
-0.282071973239357
-0.316034796105248
-0.235477887556386
0.328347949847688
0.244793294953403
-0.023803563753983
-0.202863936181521
0.105798814045385
0.109012639581602
-0.047218225687114
-0.081542986137329
-0.000989048191657
0.270977565107197
-0.235672489749720
0.145191782936819
0.108996329562457
-0.009558097006531
0.146002669190939
-0.088849080513483
0.263872527807002
0.035012876812266
0.143633223441529
-0.426248597653198
0.131844560182193
-0.316808796421868
0.125207124193922
0.350483024885507
0.069202144807260
-0.315322163922855
0.521049647808922
-0.049841236924659
-0.113783786434413
-0.306454147368013
-0.234463258479316
0.386900005022468
-0.131242569814847
0.057985231746975
-0.060863236607084
-0.107269875971169
-0.278947373353102
-0.036287751007984
-0.206222061594068
-0.533660148235528
0.307996777411075
-0.017946773132775
0.041691233300178
0.288030902161144
0.010039834109329
0.235635157247762
0.163899629102359
-0.130463853166468
0.287859834411723
0.128190574115537
-0.098531651531852
-0.173881709625430
0.287152106948911
0.253757049748525
0.153724808081457
-0.192790144700044
-0.053869450670645
0.530106059032812
0.173650978847769
-0.073372572683152
-0.188744370566427
-0.240911726316278
-0.106366682968567
0.101689681323454
0.213040065161407
-0.457311377741534
0.433183548351942
-0.157590157386301
0.158807132261033
-0.073897168079363
-0.214933476345731
0.203002073788551
0.254082834220528
-0.010334620516322
0.024829318973271
-0.127947879345672
0.034670791438483
0.033181929282059
-0.179768318399833
-0.268516933082533
-0.559464781650986
-0.048683597279446
0.226480757674035
0.145356286452983
-0.525755993999015
-0.255572909218836
-0.105845341079110
-0.083389675291115
-0.132186659288423
0.144896916721897
-0.309572856480980
0.156478521521182
0.207685605118988
-0.034632137592619
-0.127028596884816
0.148954978051779
0.359721498286545
0.034262855338116
0.482198940505813
-0.068663941038909
0.350870034950166
-0.017048502477600
-0.050210204310373
0.456451202055420
-0.185862524590550
-0.465030885993149
0.059695260722164
0.306325886344142
-0.192044511218030
0.160314982506793
0.295527865366421
-0.172081555620138
-0.537940264361422
0.493501247774632
-0.354540014146368
-0.249968456649630
0.421916190491158
0.078790536149923
-0.471664035445311
0.274675525519451
-0.278814827801769
-0.001074807548802
0.573498059685801
0.079417366771601
0.044854019086276
0.329987303758037
0.191064541855011
0.205566099804646
-0.108422105201565
-0.689431813689887
-0.094084985548464
0.372985206091826
0.270303517075236
0.277513066862688
0.077908085290077
-0.201433954284517
-0.254017196478298
0.157330594279603
-0.126877812845897
0.047273229596217
0.450695423455281
-0.057668656595159
0.271308759737031
0.228755692564361
0.404868157443807
-0.455522518649430
-0.187607678768769
-0.134099437901282
0.321588244873867
-0.593435855381960
0.168465238451658
0.246432460912962
0.201959475171371
0.284817668819632
0.560229651922822
-0.096296725818763
-0.215697528080807
-0.078991164823748
0.506618825468911
-0.216849951806086
-0.077961488865688
-0.633081908416042
-0.305922540316520
-0.001484150502024
-0.169913672126708
0.025456335361002
0.022548708172220
-0.497000726485044
0.041654720547572
-0.161980060540906
-0.534434615577383
-0.531451747940991
0.471037060168933
0.069415630011732
0.077426511480012
-0.118716659360135
0.219273492740411
0.525505150956462
0.393315080462256
0.552272206782300
0.527934510327173
-0.086808805742213
-0.213236585174104
0.009326094552409
-0.145113200873586
-0.174904028278707
0.200325039595527
0.372600762529251
-0.067131646641752
-0.038557629478714
0.373263977730892
-0.430485235147856
0.164187480155280
-0.006634154242026
0.219473945324549
0.402732542199935
0.151363889292240
0.184881027349716
-0.406836972903155
-0.209202109726181
-0.010940771976280
-0.125868202578359
0.602805679750218
0.031249749097161
-0.553181180600904
-0.072754439671338
-0.151049294661913
0.191270543002912
-0.204012083204642
-0.535142588096383
-0.136004136053413
-0.120164954439939
0.268996054073616
0.031767229709072
0.063485457876731
0.606006980226612
0.011159448194717
-0.056840543344134
-0.599961517291841
-0.160497667269772
-0.231153297154597
-0.167284329124868
0.180931813025533
0.230464733590268
0.081809728295701
0.525116744345567
0.169044437605305
0.495036300280337
0.354376039110769
0.013664648048763
-0.141351404813135
0.262644907835264
-0.085288536058170
0.397130205646268
-0.488109596736167
0.348962735306478
-0.455897191692755
0.028256654098058
0.015115528885345
0.031283885584564
-0.187079430990095
0.007358019497825
-0.338651185422962
-0.012649428622944
-0.735969303607742
0.370977991151690
-0.153620792336694
0.241684375484004
-0.072352506934446
0.251450453407737
0.315574561129477
-0.016245370823669
0.241140494996121
-0.175791515165020
0.043613551158013
-0.117579936760150
0.621402713295030
0.077080245249126
-0.127330609021954
0.431859820611699
0.402232566086204
-0.139676026184883
0.186243477525120
-0.206055559371987
-0.045926216997863
-0.475532840593680
-0.270411847046757
-0.303665672934595
-0.006378067899973
-0.068236413018151
-0.277411955251278
-0.084747111983331
-0.396777086144261
0.273869090407527
-0.310355841427807
-0.151954438141873
-0.110567958787954
0.246194909421209
-0.161735164313941
0.007165100717831
-0.187690092614101
0.122116487637877
0.112519258338407
