0.054727370704841
-0.133561460293434
-0.250047768572530
-0.137027795601499
0.394321158672161
-0.085471060475120
-0.027529130960802
-0.256711546137684
0.009902230551035
-0.126835108666319
0.010330644729048
0.150853508619848
0.073096596869633
-0.355786037580448
-0.229084624956816
-0.228416134527112
-0.180782029297861
0.261275287954470
0.098146039916985
-0.319980361097819
0.001648066958486
-0.459468543512068
-0.011423769206773
-0.421572635881163
0.355437925858758
-0.028229085293394
0.091626767937300
0.521051812462805
-0.463762280390014
0.214315079156831
-0.108433243124109
0.053771342623908
-0.119939040346959
0.065018791319348
-0.009188166028449
-0.165998942571036
0.267213351363084
0.213214879220679
0.150378739342295
0.270435066283464
-0.137404739652121
0.190661224471822
-0.368198994379548
0.347540659447909
-0.332884255512877
-0.004400933230312
0.361181225117099
0.341951129459492
0.136941978586334
-0.101640508994129
0.298867021887971
0.428234113306721
-0.040754177533717
0.199577629214796
-0.510103399386298
-0.349230678732758
0.048470585763661
-0.556835531833731
-0.133945444336815
0.026148994254570
-0.381106171926588
0.272194184046315
-0.308940989528177
0.358200901801635
0.010247300790779
0.231096888006786
0.564894889615984
-0.125208733623223
0.274321242950751
0.028711999241273
0.495595530455555
-0.388572308402442
0.252436276562607
0.251944320534240
0.086428608376832
0.006172810805915
-0.198276009226903
0.055917012342884
-0.053033573237694
-0.163140549048768
0.001189825594270
0.043621424433240
-0.073732203774478
-0.041127352520717
-0.330869918463577
-0.073740777623112
-0.343949001957225
-0.032535115638626
-0.692402133656916
-0.389548565353275
0.040434536375976
0.039678655388638
0.192774212678726
-0.059164403447494
-0.539211988710302
0.457196306965334
-0.215836943655231
0.023169635856676
0.200476819639797
-0.454581942019889
-0.277719664725272
0.272549967480479
0.333916708987599
0.133247782535930
-0.070503130155106
-0.177777397086260
0.196058541731229
-0.024972643465007
0.194385119217523
-0.265724563599576
0.132270082368129
0.005635799328641
-0.100338692268650
0.065420618094484
0.003102941281338
0.282446382461203
-0.067463835488204
0.365038205453027
-0.178441280783496
-0.181991496338079
-0.144019938105225
-0.581944984172852
-0.408439769271957
-0.078533140030661
-0.077656753878895
-0.066317138506404
0.368102824047045
-0.081859458273250
-0.233110743231682
0.230351046730194
0.147027439486504
-0.184260009460945
-0.389092571858642
0.217857399560727
-0.299736317332190
0.079381034011692
0.351092977463048
-0.025796971845533
-0.269948326824391
-0.020733288593551
0.195672827385786
-0.276387907610633
0.096293109199650
0.223724756250756
0.289461298952009
-0.063379881938641
-0.152712547215608
-0.129217960468464
0.099191718617145
-0.250743448317205
0.117642329670762
0.105133246631671
0.251859955170597
-0.143138645841669
-0.057147081304244
0.265018572740682
-0.156417290083107
-0.561240177511117
0.026969790337228
-0.223173503963319
-0.306629376839467
0.145477885400695
-0.110117296432757
0.271361996918341
0.298077042296460
0.095626286764681
-0.101719818579493
-0.582398395063711
-0.491020028472243
-0.369208180691016
-0.004682526390917
-0.031160500879238
-0.154663416547667
0.350836843100591
-0.388795616406456
0.270541056958598
-0.197112924643594
-0.397364592559722
0.179273905383149
0.129848296249080
-0.059199327953028
0.107856400882840
0.191614114137922
-0.169313705333935
-0.251167080601363
-0.119295713963925
0.230959334287509
0.100269658019888
0.545468962930599
-0.022707220273641
-0.118938778446814
0.366500889923286
0.065102599986832
0.431844834534509
-0.167056669048271
0.115613478264213
-0.240042181336121
-0.302527919022502
-0.295372170309798
-0.191530547161610
-0.095945680408388
0.526166437347136
-0.039639491789694
0.431455549157103
-0.027017499213255
-0.154424619277783
0.213633125358862
-0.462277425210170
0.108772168215811
0.502405914165595
-0.496245810467710
-0.186965356485142
0.356271680186987
0.348358911303409
0.361987872188198
0.244273300341988
0.207170480120433
-0.135639252877006
0.174819262024786
0.019855556314695
0.313808696839808
0.314419302980216
0.311130077626040
-0.582138512043335
-0.000000201778755
-0.272975488804036
0.083654188906634
0.209842157476304
-0.244642368378899
-0.086173637209465
-0.105773604494720
-0.344618107201419
0.272704056127686
0.507782602040615
-0.009449126847713
-0.426623124565279
0.257082751839372
-0.080540666327470
0.399286736979111
-0.243945025620902
-0.168430799691146
-0.372502171467729
0.160001034867572
0.344408091682756
-0.417512868327439
-0.076291399348591
-0.092667386014481
0.348977364798280
-0.388037710095513
0.258115018317396
-0.009497367983426
-0.114884666728177
-0.034880104053514
0.148976023197491
0.393112832639925
0.315068327495582
0.052493872062007
0.051651598439809
-0.103265941663099
0.041222786075411
-0.008698776243204
-0.103773555656122
0.127119611108391
0.542385503941923
0.068591496089210
-0.163074695524272
0.397837076250282
0.096877945150600
-0.161555068356914
0.218303766843503
0.021892131725210
0.208012456530311
-0.349509157069199
-0.328813789913621
0.162567290520790
0.395769650570325
0.298609358648972
0.042982826990441
0.148598739046418
-0.158424514374072
-0.090319132469308
-0.591491732935432
-0.182759048952041
-0.099881482871724
-0.010763128553211
-0.518707790396310
-0.536509957571588
-0.108475871731954
0.134309520124508
0.009092655378539
-0.315932559282376
-0.023549818379365
-0.047531105522425
-0.020205781414172
-0.112295410761374
-0.106566277994990
-0.207745133327440
0.393347546385387
-0.166376412891719
-0.031828021738117
-0.400401964488987
0.046472641609014
-0.132042725234551
0.427421317507375
-0.335803848364247
-0.257118495546285
-0.220245954287610
0.194576921295359
0.237219847963688
0.784080963648249
-0.048350615112524
-0.114581742975762
0.144996025968356
-0.144468074269444
-0.273847610035845
0.277165214408224
0.271031959979517
-0.428645760888207
0.432412059383583
-0.018864088429741
-0.256277003931662
0.386252686349993
0.089358314323568
0.388287133929948
-0.338517044639555
0.361929762593124
0.104721307196350
0.085027311781504
0.039030877391696
0.280120557529212
0.436067519273751
0.047802287315077
0.154973572221509
-0.336847888554418
-0.324958000725310
-0.171600673137816
-0.008766636743450
0.085295425662129
-0.045695283202930
-0.324191430493400
-0.485557186201527
0.512001632330772
-0.216123703753663
-0.186072871730585
-0.202374284982644
-0.013260304427121
-0.391044984620742
0.457297454663335
0.504343072607058
0.150722882114567
-0.484492779794060
0.279459962151521
-0.317234497520508
0.319456172619505
0.089103094322129
-0.388677618197833
-0.356715390025056
0.302239732018211
0.282416741674260
0.161248720328545
-0.196188849082337
-0.389449018378061
0.209400899981919
-0.106623373512199
-0.058000412594791
-0.229823840037740
0.043503268707726
0.084344447711840
0.095011750028790
-0.436583782299285
0.425113765262572
0.085225363583879
0.023154932813272
0.014802935828852
-0.310143768914343
-0.103943460682556
-0.456317306086152
0.013598866868674
0.573295259899272
0.327879898288981
-0.033211198268734
-0.284439445150570
0.197977484105636
0.327723280645830
0.033749635899904
-0.156534052282141
-0.056264674162355
0.397185732878997
0.091984522170112
0.344732244575211
0.046798933619821
0.425970867929899
0.126868537305949
0.497240027137631
-0.528897358513067
0.114063200347323
0.121105584447784
0.200293301219841
-0.090234478919596
0.356269301297470
-0.089012699083069
0.346955055701655
0.028719949268732
-0.078470674857668
0.383317751514663
0.173655089087427
