-0.109909123184129
-0.033006202202861
-0.135742421775279
0.266730500359619
0.051612657202898
-0.244927519707113
0.231584626952672
-0.033128501535339
0.127510319341581
0.168461209219660
-0.487475409525358
0.008849318587218
-0.013428823115610
0.281883670202482
-0.105395829677621
-0.142130790575015
-0.180140911879927
-0.001045745360059
0.237280297465093
0.176551913779615
0.840401292802224
0.296717696082684
0.489097872643347
-0.421587870270689
-0.100960536543916
-0.202154969251798
0.094463643299254
-0.289689536846006
-0.435399314597443
-0.171595240189967
-0.182146961195476
0.271377616111378
0.284056450751510
0.415189653020220
-0.062893634078811
0.292530876958737
0.087182953686621
-0.306134759910106
-0.313541516341369
0.222765918087422
0.120601727126677
-0.314135247595945
0.269513275891508
0.132572165961469
-0.355879069551197
-0.362298148984586
-0.525008783278471
-0.239056059878360
0.029882750540759
-0.146858615535615
-0.036185958177289
0.197459275203196
-0.335660059338614
-0.563251567763037
-0.115909974889900
0.168730962695954
0.106695079134219
-0.079853571247698
-0.130429651411002
-0.379162158747729
0.346013155452005
-0.179263621542249
-0.601039209829621
-0.045301494771430
0.552889780960061
-0.243591022341564
-0.007216105078064
0.372444982187392
-0.237722820274908
-0.173680875120892
-0.388885301793689
0.134149977567037
0.054397490276447
-0.128501944708547
-0.017623576461386
-0.099946332758441
-0.274853703985958
-0.069497186904097
-0.675349706198332
-0.563675850150018
0.068674085653238
-0.003759819120138
0.239747196996749
0.077871455009514
-0.072853629612550
-0.537272785755511
0.031230453356592
0.071034668833278
0.567471083970832
-0.285601473328269
-0.105002836072666
0.407934043956168
-0.022308067950016
0.388045933382118
-0.144779149020798
0.475481250201212
-0.437563287409235
0.175407825623415
-0.263966881867143
-0.042749643202655
0.082655590666805
-0.477560238725370
0.187858363125875
-0.109624939615391
-0.358416922086178
0.225088500992106
0.143195096617761
0.055192718993543
-0.230861265224228
0.395309197504142
0.432545567874491
0.003596884241599
-0.181892674247006
0.003966094243467
0.261045726135156
0.019879132744311
0.115108831405631
-0.352610440210436
0.091857608676905
-0.265098187999803
0.046495907039550
-0.198246954268793
-0.120554627197776
0.045673208399266
-0.470910700044083
0.079021894623521
-0.268760922248927
-0.302886719950561
0.082077891400947
-0.352811293359978
0.048948728697329
-0.001287203426588
0.191562210859865
0.196893277338618
0.240337688773143
0.269410429669766
0.022194880956349
0.103747151354070
0.068387704433009
0.388288435908526
0.345872602502641
-0.052640660496039
0.662362774544749
-0.180729470127478
-0.188690623270755
-0.153663871579963
-0.080316206401636
-0.291535008384900
-0.216318916617676
0.251354354445934
0.227380093371614
0.162666460005327
-0.285319399784386
-0.424047998215469
0.144064449067630
-0.562419173307449
-0.006206108813871
-0.186135613339344
-0.401592957752843
0.105614299387036
-0.510257442927745
0.228880358463596
-0.216979718674287
-0.468798079134714
0.171170653074574
-0.178666772235058
0.024817677757167
0.127560507021112
-0.045922128569548
-0.339076044948696
0.003915280838089
0.106932686489328
-0.018883723551221
-0.558119821767902
-0.270154060427893
0.415543756644384
-0.500923530884678
0.016294603394432
-0.169117131984980
0.230964676807038
0.270876573121694
-0.210267986186621
-0.391824331366168
0.022419785768210
-0.361223905332095
-0.392018131465053
-0.003618886706484
0.116754540348998
-0.212716021985688
-0.092652695821850
-0.220030534523462
0.324348449606954
0.031469941812775
0.460106829922026
0.225679995820094
-0.529838515723192
-0.119487819887586
0.249585759120044
0.065568415036447
0.047157132899916
0.345901013137771
0.154281481871730
0.112578780351982
-0.121017208048066
0.256582513006033
0.193650030048359
-0.509359737588874
-0.180432438390871
-0.018437762701184
0.215726105269276
-0.063757481225841
0.126882038453291
-0.255651700580180
0.655165456796397
-0.139898865877737
-0.262143077334988
-0.176414191713627
-0.216361623125365
-0.056836218778474
-0.480910918124933
-0.197269240295129
0.178103543838271
-0.640233411614001
0.138281411953252
-0.085972172469077
0.430048579688757
-0.202751332499147
0.078622055108949
-0.001209217227084
0.289388227770248
-0.559951413426025
-0.207339492528746
-0.250559978060478
-0.124009325574292
0.120149244155620
-0.025216803709350
-0.078384179409871
-0.011303837109713
-0.294749972924998
0.182631446355771
0.195816341434957
-0.247247431804443
-0.245966105096491
0.205417068796966
-0.169410322584784
0.113361088001793
0.251039099082175
0.023159652597384
0.311504834170903
0.182055612715725
-0.451795423479665
-0.080166778887938
0.259477279439602
-0.079334924840547
0.455195878191581
0.169189749126946
-0.377807684979288
-0.312485376600811
-0.045945133497405
0.403212447652051
0.073305816722128
0.023808243036292
0.199401364453085
-0.024673044862861
-0.073609190473843
-0.322325183021958
0.233945482464766
0.227871636204191
0.285235799109071
0.096043330942203
0.293797535791065
0.262476344357423
0.337427202205056
-0.298168362878385
-0.254319221297828
-0.045979860460368
0.206056627843231
-0.141040455404943
0.286304547276514
0.091302929339396
0.197711407131192
-0.216883142433345
0.387579025755382
-0.091598362320739
0.341592972765420
0.069660350369289
0.202991067048633
-0.442488641536070
0.458591529879775
0.106082225381099
0.005219873049463
0.201873930644516
0.509832480328017
0.085967631686212
0.172593655872942
-0.126746929840677
-0.240708243888753
-0.083205818518894
-0.139186836079320
-0.028469321942381
0.148892592972303
-0.086588591203570
0.122185124656664
0.470646900332896
0.035117697407907
-0.180569563601156
-0.075713262433245
-0.043421158051003
-0.219021848932003
-0.059920268386195
-0.078826797161011
0.109097866248108
0.141989780334653
-0.300631399262717
0.181720139839641
0.166276071747545
0.179787135261459
0.340984763060952
0.440555394637267
0.355362548372659
-0.104965381751495
-0.100975543606042
-0.042077371028894
0.084277999945343
-0.421439362190789
-0.079129173453383
-0.325256125357863
0.467008117433862
0.111692551966680
-0.505944714336489
-0.385705670667344
0.323238558799324
-0.422156717357830
-0.051390505846276
-0.068068711994214
-0.240030365404367
-0.133424570685066
-0.201176777541781
-0.193802597504019
0.463745890389628
0.456018417095781
0.301639100425791
0.183862899866657
-0.657496610131696
0.167247261674537
0.123158498780671
0.101272232301185
-0.133339390745046
-0.353990600759233
0.192183866980152
0.035635798760727
0.336222761741266
-0.141803982712221
0.368569031029499
-0.409050072784082
-0.437366231376694
-0.187908603155660
0.478895457737014
-0.021950788473128
-0.157204795241916
0.148758721632707
-0.051605829666656
-0.055552341342409
-0.241105084406406
-0.297891497753506
0.016343065412789
-0.333190485287107
0.273406830475310
0.239687822262632
-0.196280158131365
-0.308056354697997
-0.047011682742009
-0.154768661792488
-0.039259163613388
0.248482783188656
0.185742779040156
-0.226509973190848
0.142111305953378
-0.231331075424519
-0.474767220110116
0.383021577798106
0.122870131234381
-0.244612817697978
0.298340785065881
-0.114411116440087
0.396941869801627
-0.410972375254741
0.018015392589597
0.251702417216207
-0.295713363409211
0.094354169810255
-0.011925312092753
0.064056713876525
0.271066403876677
0.029099960695797
0.089461925629080
0.278039787715210
0.138871915544371
-0.439976617609219
0.134324365055650
-0.053688082019904
-0.152665576539404
-0.057297995666315
0.099531999861771
-0.409989814199382
0.526691319296733
0.374924754181224
-0.292084941935548
-0.002419576461711
-0.169190412173799
0.103267682023869
-0.109685221371788
-0.127446707187833
-0.427130067794368
-0.075527371423497
0.434562778136303
0.472022557161703
-0.317682372403214
0.099395198486129
-0.224022884340923
0.094650270626663
-0.250330681393647
-0.041599269105799
0.562102989969230
-0.352600013387980
0.122527808074767
0.120352719361338
-0.073594041492680
0.295373362417239
0.392553519460268
0.234568325192777
-0.166731518282552
0.188074621542568
0.029498778956643
