-0.292468123506725
0.421442826672898
0.321556784674982
0.114837792480091
-0.192524908409950
0.237162892325280
0.075396865616219
-0.023527243599426
0.111046805201686
0.754654978412603
-0.108145440760055
-0.033963940188623
0.183886344547449
0.114361191647908
-0.169917185024565
0.062839364423412
0.244581845647439
-0.589476839024775
-0.080125530098488
0.108127081532857
-0.034148950758057
-0.300194389354666
0.207901923345995
0.005965511450337
-0.095219712481135
-0.214568201966944
-0.046564695658894
-0.270497618439230
-0.013255744089062
0.303285672990940
-0.012609325923304
-0.183224828014775
0.389822319532022
-0.068451286496635
-0.000782581855923
-0.326139124730872
0.126416300699665
-0.403360562285165
0.177699802447925
0.424815619110862
-0.059095841226121
-0.027380614542796
0.352690562771830
-0.173894580847397
-0.468193283327611
0.181796296078843
0.049283323321309
0.148620187055274
0.396136786698103
-0.279021518603553
0.620579631009584
-0.324852322642644
0.122380697324966
-0.053643145803382
-0.251560884020014
-0.128815198394183
0.262731775162276
0.018553935710838
0.173033818512894
0.300658447724080
-0.105170484802909
0.069860720792682
0.554084791069843
0.182530152828624
-0.163047046273056
0.170649031700668
-0.231288592062625
-0.075506286903718
-0.267819408573518
0.303334803084444
-0.275281120998820
-0.241769577578601
-0.027266653863992
0.375546320809198
-0.007445958711176
-0.014683559350908
-0.061914067430541
0.066859891546719
0.109909652220628
-0.234595675425249
-0.068063275388148
0.484301251158334
0.584003068062425
-0.224407027445792
0.042037304436831
-0.037868965878035
0.311044282709672
-0.140984272745769
-0.082245198334918
-0.089522904552010
0.457184875919205
-0.043396005686591
-0.173223492277671
0.122628949257124
0.256439831732844
-0.004644786919500
0.293971027243212
0.027387678099730
-0.479816039703596
0.226824950963147
-0.152394254209020
-0.016090672805440
-0.459233169910932
-0.104524231330471
0.057218598831821
0.415700346738360
0.327267885371246
0.080197063516756
0.084055921660427
-0.041756473171178
-0.143858426088505
0.021479624472722
0.438420499326603
-0.110239181962731
-0.275886517587817
0.071841981956384
0.042025781286572
-0.031124792313543
-0.139178454584740
0.171584372634809
0.205813758814251
-0.296169009133968
-0.280166723716541
-0.439970860317924
0.065217037354537
-0.102325794824601
0.410138889903625
0.391910977707062
-0.452761307288043
-0.140723164830401
-0.062902640507659
0.024212812024906
-0.354574215634871
-0.111729817420497
0.384446711908992
0.047778503017645
-0.421937860901828
-0.213795698439154
0.530351391706547
0.293032431606156
0.188792219521462
0.175724294122873
0.163862019556686
-0.471345497505399
0.197279590353621
-0.147138324403791
-0.455485393862937
-0.650173840401747
0.016423932868270
0.164353743887070
0.579169165456151
-0.235690914928763
-0.256967989571723
-0.155919858286315
-0.232172508866882
-0.351655708681726
-0.159916328359731
0.038512558366801
-0.210268504622022
0.134788953589147
-0.172047678999791
0.018678443326607
0.092505559636711
0.368560364378879
0.174634848179798
0.210010820974691
-0.292573698652986
0.031500633105547
-0.307780646962510
0.171329709781779
0.584360708811388
0.051912616112108
-0.284643166376653
0.162328060148274
-0.124050353561356
0.336398677066717
0.139867846060773
0.181681087483114
-0.076029467376177
0.084292282967308
-0.195704998448332
0.048627419776596
-0.193826497825237
0.037661989678622
-0.073929993164741
0.439807998619935
0.120612842431338
-0.250443249640398
0.371617744430471
0.240940499422177
0.182010022335874
0.058119883396797
-0.303997252567486
-0.004427034060967
0.515250019472429
-0.330687944930641
0.435064921301882
-0.151841063290078
-0.312231696211781
-0.118020192289541
-0.360417769182187
0.291299775036686
0.018833009442609
0.028054195456999
0.348513335170086
0.083212158286282
-0.114780687516512
0.219753136160904
0.262658381253307
0.039246989917748
-0.454850982114415
-0.587109264428338
-0.398147976739308
-0.049819307091630
0.009898152899963
-0.207061364320435
0.121970135123828
-0.093871483999036
0.080683412958681
0.118897492235706
0.044489125286373
-0.584989724662718
-0.182450162794940
0.261699367068728
-0.370633553459335
0.210507441445955
0.118857829842765
0.065949285020193
0.464066208433282
0.225937930938911
-0.233881574342393
0.268112051881260
0.155619414406818
-0.001850781069733
-0.016458031732088
-0.096056464533294
0.500706045139047
-0.039498471399880
-0.414427592417639
0.032405964703130
-0.262633988836139
0.328071178732112
0.108568053678844
0.325804115011837
0.270657337647902
-0.017764348962065
-0.343397050857725
0.281507611585313
-0.512847545017036
0.195453796191448
-0.464501656479394
0.147379681023838
-0.174666799732220
0.661298476260791
0.210052074575761
0.269144898509327
-0.058802793962578
0.188411381307350
0.306793885203726
-0.426268049903864
0.217675607794904
-0.396863289534950
-0.027385044046631
0.228523426005691
0.214740828012165
-0.113977143464190
-0.218077137761936
0.339093918226289
-0.006028911489654
-0.443870450421257
0.216447336870237
-0.006185761032474
-0.072018587377865
0.171681239399094
0.232215537435119
0.209783797614715
0.232141048541660
0.274841820681626
-0.235514532118028
-0.146511750887892
-0.124586470731507
0.125218856407626
-0.216884973641430
0.003483341434180
-0.303584862450948
-0.549592507108749
-0.121949930900552
-0.190985214859405
-0.432879111076015
0.362710420418459
0.029283947817183
-0.180503332194519
0.043675226296174
-0.545231517185383
-0.218432384319688
-0.058101663170507
-0.472044084561554
-0.493447181566687
-0.223391591551982
-0.286696693042141
0.265295721422053
0.128208634540706
0.302975353680601
0.091867973294888
0.218373609550237
0.169163033583007
-0.230661852619142
-0.227237286906689
-0.069468479351433
0.382816762334968
0.048923553879310
-0.363656342098110
0.306268709888010
-0.004495421596138
0.525872929271862
-0.059021372071864
0.237477605776526
-0.087300138921454
-0.163087209072209
0.556304539663543
-0.629577489774759
0.013419910440565
0.173901384281311
0.038640060950028
0.212694795009603
0.193801352209891
-0.038647559956645
0.212163976475295
0.555616532646729
-0.004691795053681
0.055105990890965
-0.095026583989484
0.096943461104389
0.328381024137511
0.647425298475947
0.367710998310794
0.465173535608153
-0.009576888371197
0.243297203668216
0.289170478580864
0.406221274391226
-0.289445358239615
0.290118970719474
-0.185772845978533
0.105012436337711
-0.104495036176710
-0.195175211650741
0.648836218620743
-0.044766184928370
0.190125349966789
-0.120888566482360
0.023492803165438
0.453853559748594
-0.039605465879051
-0.120707391427447
0.133637746588353
0.260736003676235
0.073826339406920
-0.050408600636718
0.173174701729371
0.175238986584484
0.113541471323974
-0.406033400810227
0.010454713235380
0.160492390219501
0.061278497928174
-0.337659936734772
0.210953526595058
0.404580360240910
-0.120024545224339
-0.224289142171774
-0.056852537355368
-0.053403814090616
0.136128108242469
0.062655474970670
-0.071019443288426
-0.007080788576631
-0.187154351903686
-0.739010071827557
-0.119462822602271
0.112613310636397
-0.252261459187479
0.199875249745082
0.145887095107493
0.073745615496945
0.007364006754664
0.555677056962364
0.136850163425592
0.198092716968510
-0.002617082740339
-0.080919574708760
-0.566311594598580
-0.163260907725760
0.398264468060499
-0.002729258241684
-0.070432023886594
-0.226968017529926
-0.378215561385990
0.155518177348841
-0.114491790311311
0.310709034498674
-0.551500215749487
-0.089163686500791
-0.407196340262129
0.033902089532877
0.438183546679246
-0.244837364935481
-0.378814996138598
0.041828643186752
-0.398391360012542
0.426847073916426
-0.023609968126386
-0.008933863216523
0.009415847204071
-0.384722481311266
0.194421054034108
-0.282791580205881
0.040531931777812
0.198245285208074
-0.362431205169575
0.126202375749566
0.100414601887816
0.184998357443419
0.092650781947523
-0.080043268612600
-0.286136682148845
-0.551393127478131
0.194094585536959
0.185765879587846
-0.214900104392050
-0.579804312907648
-0.424984664069130
-0.262298120445072
-0.186768092909073
-0.089178715697703
-0.092376727201602
-0.135798530294040
0.237979106173956
-0.272018250873680
0.215485930298328
-0.132554559453146
0.244605771113058
0.074957362133448
-0.165871411215165
0.509352106680763
-0.045495091277341
0.091096097758920
-0.402247500242997
