0.341607489408697
0.551485638499336
-0.116485802208764
-0.075312906581174
-0.073257376345202
-0.348872425360803
-0.279164617412090
-0.279164617412090
0.341607489408697
0.551485638499336
-0.116485802208764
-0.075312906581174
-0.073257376345202
-0.348872425360803
-0.348872425360803
-0.279164617412090
0.341607489408697
0.551485638499336
-0.116485802208764
-0.075312906581174
-0.073257376345202
-0.073257376345202
-0.348872425360803
-0.279164617412090
0.341607489408697
0.551485638499336
-0.116485802208764
-0.075312906581174
-0.075312906581174
-0.073257376345202
-0.348872425360803
-0.279164617412090
0.341607489408697
0.551485638499336
-0.116485802208764
-0.116485802208764
-0.075312906581174
-0.073257376345202
-0.348872425360803
-0.279164617412090
0.341607489408697
0.551485638499336
0.551485638499336
-0.116485802208764
-0.075312906581174
-0.073257376345202
-0.348872425360803
-0.279164617412090
0.341607489408697
0.341607489408697
0.616452446684336
0.281026208210680
0.187284630440667
0.019994628132311
0.307979789954380
-0.290112573191146
-0.279164617412090
0.212988785884888
0.217217989177760
0.218482789111191
-0.051575462078905
-0.087077709265258
-0.032793347448920
-0.348872425360803
-0.058000010801320
-0.076014817589695
-0.345586044619147
-0.008582626425721
-0.251598179705366
-0.128578755524528
-0.073257376345202
-0.402243451275446
0.206839786927451
-0.307777712999541
-0.648156738147232
-0.229185149210391
-0.262162336346128
-0.075312906581174
0.037228301400206
-0.152716954108599
0.315925006337118
-0.307777712999541
-0.462652187862494
-0.277206580114581
-0.116485802208764
0.168248677942725
0.119680308872306
0.211808524360167
0.187112252279247
-0.076014817589695
0.071238896267440
0.551485638499336
0.131951160637586
0.285115576328181
0.112010602730166
0.416837863879221
-0.082599844139260
0.212988785884888
0.341607489408697
0.217217989177760
-0.008582626425721
-0.262162336346128
0.037228301400206
0.211808524360166
-0.082599844139260
-0.279164617412090
-0.076014817589695
-0.648156738147232
-0.277206580114581
0.168248677942725
0.112010602730166
0.307979789954380
-0.348872425360803
0.206839786927451
-0.307777712999541
0.071238896267440
0.131951160637586
0.187284630440668
-0.087077709265258
-0.073257376345202
-0.152716954108599
0.187112252279247
0.212988785884888
0.616452446684336
0.218482789111191
-0.251598179705366
-0.075312906581174
0.119680308872306
0.416837863879221
-0.290112573191146
0.212988785884888
-0.345586044619147
-0.229185149210391
-0.116485802208764
0.285115576328181
0.019994628132311
-0.032793347448920
-0.058000010801320
-0.307777712999541
-0.462652187862494
0.551485638499336
0.281026208210680
-0.051575462078905
-0.128578755524528
-0.402243451275446
0.315925006337118
-0.076014817589695
0.341607489408697
-0.345586044619147
-0.277206580114581
0.285115576328181
-0.087077709265258
-0.402243451275446
0.187112252279247
-0.279164617412090
-0.307777712999541
0.071238896267440
0.281026208210680
-0.251598179705366
0.037228301400206
0.416837863879221
-0.348872425360803
0.315925006337118
0.212988785884888
0.217217989177761
-0.229185149210391
0.168248677942725
0.019994628132311
-0.073257376345202
0.211808524360167
-0.290112573191146
-0.076014817589695
-0.462652187862494
0.131951160637586
-0.051575462078905
-0.075312906581174
0.112010602730166
-0.032793347448919
0.206839786927451
-0.076014817589695
0.616452446684336
-0.008582626425720
-0.116485802208764
0.187284630440667
-0.128578755524528
-0.152716954108599
-0.082599844139260
0.212988785884888
-0.648156738147232
0.551485638499336
0.218482789111191
-0.262162336346128
0.119680308872306
0.307979789954380
-0.058000010801320
-0.307777712999541
0.341607489408697
-0.648156738147232
0.131951160637586
-0.251598179705366
0.119680308872306
-0.032793347448919
0.315925006337118
-0.279164617412090
-0.307777712999541
0.616452446684336
-0.229185149210391
0.285115576328181
-0.128578755524528
0.211808524360166
-0.348872425360803
0.187112252279247
0.212988785884888
-0.462652187862494
0.281026208210680
-0.262162336346128
0.112010602730166
-0.073257376345202
0.416837863879221
-0.058000010801320
-0.076014817589695
0.217217989177761
-0.277206580114582
0.187284630440668
-0.075312906581174
0.019994628132311
-0.402243451275446
-0.082599844139260
-0.076014817589695
0.071238896267440
0.218482789111191
-0.116485802208764
-0.051575462078905
0.037228301400206
0.307979789954380
0.206839786927451
0.212988785884888
-0.345586044619147
0.551485638499336
-0.008582626425721
0.168248677942725
-0.087077709265258
-0.152716954108599
-0.290112573191146
-0.307777712999541
0.341607489408697
-0.462652187862494
0.218482789111191
0.168248677942725
-0.128578755524528
0.416837863879221
0.206839786927450
-0.279164617412090
-0.076014817589695
-0.345586044619147
0.131951160637586
-0.262162336346128
0.019994628132311
-0.152716954108599
-0.348872425360803
-0.082599844139260
-0.307777712999541
0.616452446684336
-0.277206580114581
-0.051575462078905
0.119680308872306
0.000000000000000
-0.348677152713143
-0.261666196569987
-0.275258175156980
-0.106037592910256
0.236272209620079
-0.148441555242256
-0.148441555242256
0.000000000000000
-0.348677152713143
-0.261666196569987
-0.275258175156980
-0.106037592910256
0.236272209620079
0.236272209620079
-0.148441555242256
0.000000000000000
-0.348677152713143
-0.261666196569987
-0.275258175156980
-0.106037592910256
-0.106037592910256
0.236272209620079
-0.148441555242256
0.000000000000000
-0.348677152713143
-0.261666196569987
-0.275258175156980
-0.275258175156980
-0.106037592910256
0.236272209620079
-0.148441555242256
0.000000000000000
-0.348677152713143
-0.261666196569987
-0.261666196569987
-0.275258175156980
-0.106037592910256
0.236272209620079
-0.148441555242256
0.000000000000000
-0.348677152713143
-0.348677152713143
-0.261666196569987
-0.275258175156980
-0.106037592910256
0.236272209620079
-0.148441555242256
0.000000000000000
0.000000000000000
0.213772185449979
-0.055339053500665
0.215322000940819
0.127321754406050
0.287549952522234
0.125707890818318
-0.148441555242256
0.267079489866583
0.615246707811374
0.185211801475546
0.280676091963321
0.095016245181016
0.420072758672801
0.236272209620079
-0.310811482549511
0.333042676434895
0.553427910445125
0.286294392308440
0.134675360988571
-0.008838434643505
-0.106037592910256
-0.125446132351306
-0.239134024098172
0.148217934815207
0.074866608641673
0.171791466391765
-0.112738663687287
-0.275258175156980
-0.123388280942881
-0.392700978027398
0.012616231944210
-0.148217934815207
-0.460070776469461
-0.072073937625194
-0.261666196569987
-0.230502666489958
-0.047825076763277
-0.364243977608762
0.254866208008370
-0.333042676434895
-0.648565483165549
-0.348677152713143
-0.254218472479905
-0.012173948558487
0.063751385672852
-0.061503832827649
0.305196731119041
-0.267079489866583
0.000000000000000
0.615246707811374
0.286294392308440
-0.112738663687286
-0.123388280942881
-0.364243977608762
0.305196731119041
-0.148441555242256
0.333042676434895
0.074866608641673
-0.072073937625194
-0.230502666489958
0.063751385672852
0.287549952522234
0.236272209620079
-0.239134024098172
-0.148217934815207
-0.648565483165548
-0.254218472479905
0.215322000940819
0.095016245181016
-0.106037592910256
-0.392700978027399
0.254866208008370
-0.267079489866583
0.213772185449979
0.185211801475546
0.134675360988571
-0.275258175156980
-0.047825076763277
-0.061503832827649
0.125707890818318
0.267079489866583
0.553427910445125
0.171791466391765
-0.261666196569987
-0.012173948558487
0.127321754406050
0.420072758672801
-0.310811482549511
0.148217934815207
-0.460070776469460
-0.348677152713143
-0.055339053500665
0.280676091963321
-0.008838434643505
-0.125446132351305
0.012616231944209
-0.333042676434895
0.000000000000000
0.553427910445125
-0.072073937625194
-0.012173948558487
0.095016245181016
-0.125446132351305
0.254866208008370
-0.148441555242256
0.148217934815207
-0.648565483165549
-0.055339053500665
0.134675360988571
-0.123388280942881
-0.061503832827649
0.236272209620079
0.012616231944210
-0.267079489866583
0.615246707811374
0.171791466391765
-0.230502666489958
0.127321754406050
-0.106037592910256
-0.364243977608762
0.125707890818318
0.333042676434895
-0.460070776469460
-0.254218472479905
0.280676091963321
-0.275258175156980
0.063751385672852
0.420072758672801
-0.239134024098172
-0.333042676434895
0.213772185449979
0.286294392308440
-0.261666196569987
0.215322000940819
-0.008838434643505
-0.392700978027398
0.305196731119041
0.267079489866583
0.074866608641674
-0.348677152713143
0.185211801475546
-0.112738663687287
-0.047825076763277
0.287549952522234
-0.310811482549511
-0.148217934815207
0.000000000000000
0.074866608641673
-0.254218472479905
0.134675360988571
-0.047825076763277
0.420072758672802
0.012616231944209
-0.148441555242256
-0.148217934815207
0.213772185449979
0.171791466391765
-0.012173948558487
-0.008838434643505
-0.364243977608762
0.236272209620079
0.254866208008370
0.267079489866583
-0.460070776469460
-0.055339053500665
-0.112738663687286
0.063751385672852
-0.106037592910256
-0.061503832827649
-0.310811482549511
-0.333042676434895
0.615246707811374
-0.072073937625194
0.215322000940819
-0.275258175156980
0.127321754406050
-0.125446132351305
0.305196731119041
0.333042676434895
-0.648565483165549
0.185211801475546
-0.261666196569987
0.280676091963321
-0.123388280942881
0.287549952522234
-0.239134024098172
-0.267079489866583
0.553427910445125
-0.348677152713143
0.286294392308440
-0.230502666489958
0.095016245181016
-0.392700978027398
0.125707890818318
0.148217934815207
0.000000000000000
-0.460070776469461
0.185211801475546
-0.230502666489958
-0.008838434643505
-0.061503832827649
-0.239134024098172
-0.148441555242256
-0.333042676434895
0.553427910445125
-0.254218472479905
-0.112738663687286
0.127321754406050
-0.392700978027398
0.236272209620079
0.305196731119041
0.148217934815207
0.213772185449979
-0.072073937625194
0.280676091963322
-0.047825076763277
