0.301511344577764
0.301511344577764
0.301511344577764
0.301511344577764
0.301511344577764
0.301511344577764
0.301511344577764
0.301511344577764
0.301511344577764
0.301511344577764
0.301511344577764
0.301511344577764
0.290330486025408
0.257617143498144
0.205797515957635
0.061344296057931
-0.100970002137354
-0.173875659312391
-0.298703051643708
-0.298703051643708
-0.173875659312391
-0.020575861810813
0.301511344577764
0.257617143498144
0.138714828119539
-0.020575861810813
-0.276549612778830
-0.233885754264442
-0.100970002137354
0.290330486025408
0.290330486025408
-0.100970002137354
-0.298703051643708
0.301511344577764
0.205797515957635
-0.020575861810813
-0.233885754264442
-0.173875659312391
0.257617143498144
0.290330486025408
-0.276549612778830
-0.276549612778830
0.290330486025408
0.061344296057931
0.301511344577764
0.138714828119539
-0.173875659312391
-0.298703051643708
0.205797515957635
0.061344296057931
-0.233885754264442
0.257617143498144
0.257617143498144
-0.233885754264442
0.290330486025408
0.301511344577764
0.061344296057931
-0.276549612778830
-0.173875659312391
0.257617143498144
-0.298703051643708
-0.020575861810813
-0.233885754264442
-0.233885754264442
-0.020575861810813
-0.100970002137354
0.301511344577764
-0.020575861810813
-0.298703051643708
0.061344296057931
-0.100970002137354
0.138714828119539
0.257617143498144
0.205797515957635
0.205797515957635
0.257617143498144
-0.276549612778830
0.301511344577764
-0.100970002137354
-0.233885754264442
0.257617143498144
-0.298703051643708
0.205797515957635
-0.276549612778830
-0.173875659312391
-0.173875659312391
-0.276549612778830
0.138714828119539
0.301511344577764
-0.173875659312391
-0.100970002137354
0.290330486025408
-0.020575861810813
-0.276549612778830
0.061344296057931
0.138714828119539
0.138714828119539
0.061344296057931
0.257617143498144
0.301511344577764
-0.233885754264442
0.061344296057931
0.138714828119539
0.290330486025408
-0.020575861810813
0.205797515957635
-0.100970002137354
-0.100970002137354
0.205797515957635
-0.173875659312391
0.301511344577764
-0.276549612778830
0.205797515957635
-0.100970002137354
0.138714828119539
0.290330486025408
-0.298703051643708
0.061344296057931
0.061344296057931
-0.298703051643708
-0.233885754264442
0.301511344577764
-0.298703051643708
0.290330486025408
-0.276549612778830
-0.233885754264442
-0.173875659312391
0.138714828119539
-0.020575861810813
-0.020575861810813
0.138714828119539
0.205797515957635
0.301511344577764
-0.298703051643708
0.290330486025408
-0.276549612778830
-0.233885754264442
-0.173875659312391
0.138714828119539
-0.020575861810813
-0.020575861810813
0.138714828119539
0.205797515957635
0.301511344577764
-0.276549612778830
0.205797515957635
-0.100970002137354
0.138714828119539
0.290330486025408
-0.298703051643708
0.061344296057931
0.061344296057931
-0.298703051643708
-0.233885754264442
0.301511344577764
-0.233885754264442
0.061344296057931
0.138714828119539
0.290330486025408
-0.020575861810813
0.205797515957635
-0.100970002137354
-0.100970002137354
0.205797515957635
-0.173875659312391
0.301511344577764
-0.173875659312391
-0.100970002137354
0.290330486025408
-0.020575861810813
-0.276549612778830
0.061344296057931
0.138714828119539
0.138714828119539
0.061344296057931
0.257617143498144
0.301511344577764
-0.100970002137354
-0.233885754264442
0.257617143498144
-0.298703051643708
0.205797515957635
-0.276549612778830
-0.173875659312391
-0.173875659312391
-0.276549612778830
0.138714828119539
0.301511344577764
-0.020575861810813
-0.298703051643708
0.061344296057931
-0.100970002137354
0.138714828119539
0.257617143498144
0.205797515957635
0.205797515957635
0.257617143498144
-0.276549612778830
0.301511344577764
0.061344296057931
-0.276549612778830
-0.173875659312391
0.257617143498144
-0.298703051643708
-0.020575861810813
-0.233885754264442
-0.233885754264442
-0.020575861810813
-0.100970002137354
0.301511344577764
0.138714828119539
-0.173875659312391
-0.298703051643708
0.205797515957635
0.061344296057931
-0.233885754264442
0.257617143498144
0.257617143498144
-0.233885754264442
0.290330486025408
0.301511344577764
0.205797515957635
-0.020575861810813
-0.233885754264442
-0.173875659312391
0.257617143498144
0.290330486025408
-0.276549612778830
-0.276549612778830
0.290330486025408
0.061344296057931
0.301511344577764
0.257617143498144
0.138714828119539
-0.020575861810813
-0.276549612778830
-0.233885754264442
-0.100970002137354
0.290330486025408
0.290330486025408
-0.100970002137354
-0.298703051643708
0.301511344577764
0.290330486025408
0.257617143498144
0.205797515957635
0.061344296057931
-0.100970002137354
-0.173875659312391
-0.298703051643708
-0.298703051643708
-0.173875659312391
-0.020575861810813
0.000000000000000
0.000000000000000
0.000000000000000
0.000000000000000
0.000000000000000
0.000000000000000
0.000000000000000
0.000000000000000
0.000000000000000
0.000000000000000
0.000000000000000
0.000000000000000
-0.081346787234294
-0.156660455396209
-0.220355334255284
-0.295204959731790
-0.284102357571129
-0.246325690921130
-0.041055789455658
0.041055789455658
0.246325690921130
0.300808452041882
0.000000000000000
-0.156660455396209
-0.267707466031221
-0.300808452041882
-0.120122448280787
0.190280174640565
0.284102357571129
0.081346787234294
-0.081346787234294
-0.284102357571129
-0.041055789455658
0.000000000000000
-0.220355334255284
-0.300808452041882
-0.190280174640565
0.246325690921130
0.156660455396209
-0.081346787234294
-0.120122448280787
0.120122448280787
0.081346787234294
-0.295204959731790
0.000000000000000
-0.267707466031221
-0.246325690921130
0.041055789455658
0.220355334255284
-0.295204959731790
-0.190280174640565
0.156660455396209
-0.156660455396209
0.190280174640565
0.081346787234294
0.000000000000000
-0.295204959731790
-0.120122448280787
0.246325690921130
-0.156660455396209
0.041055789455658
0.300808452041882
-0.190280174640565
0.190280174640565
-0.300808452041882
0.284102357571129
0.000000000000000
-0.300808452041882
0.041055789455658
0.295204959731790
-0.284102357571129
0.267707466031221
-0.156660455396209
0.220355334255284
-0.220355334255284
0.156660455396209
-0.120122448280787
0.000000000000000
-0.284102357571129
0.190280174640565
0.156660455396209
0.041055789455658
-0.220355334255284
-0.120122448280787
-0.246325690921130
0.246325690921130
0.120122448280787
-0.267707466031221
0.000000000000000
-0.246325690921130
0.284102357571129
-0.081346787234294
0.300808452041882
-0.120122448280787
0.295204959731790
0.267707466031221
-0.267707466031221
-0.295204959731790
0.156660455396209
0.000000000000000
-0.190280174640565
0.295204959731790
-0.267707466031221
0.081346787234294
0.300808452041882
-0.220355334255284
-0.284102357571129
0.284102357571129
0.220355334255284
0.246325690921130
0.000000000000000
-0.120122448280787
0.220355334255284
-0.284102357571129
-0.267707466031221
-0.081346787234294
-0.041055789455658
0.295204959731790
-0.295204959731790
0.041055789455658
-0.190280174640565
0.000000000000000
-0.041055789455658
0.081346787234294
-0.120122448280787
-0.190280174640565
-0.246325690921130
0.267707466031221
-0.300808452041882
0.300808452041882
-0.267707466031221
-0.220355334255284
0.000000000000000
0.041055789455658
-0.081346787234294
0.120122448280787
0.190280174640565
0.246325690921130
-0.267707466031221
0.300808452041882
-0.300808452041882
0.267707466031221
0.220355334255284
0.000000000000000
0.120122448280787
-0.220355334255284
0.284102357571129
0.267707466031221
0.081346787234294
0.041055789455658
-0.295204959731790
0.295204959731790
-0.041055789455658
0.190280174640565
0.000000000000000
0.190280174640565
-0.295204959731790
0.267707466031221
-0.081346787234294
-0.300808452041882
0.220355334255284
0.284102357571129
-0.284102357571129
-0.220355334255284
-0.246325690921130
0.000000000000000
0.246325690921130
-0.284102357571129
0.081346787234294
-0.300808452041882
0.120122448280787
-0.295204959731790
-0.267707466031221
0.267707466031221
0.295204959731790
-0.156660455396209
0.000000000000000
0.284102357571129
-0.190280174640565
-0.156660455396209
-0.041055789455658
0.220355334255284
0.120122448280787
0.246325690921130
-0.246325690921130
-0.120122448280787
0.267707466031221
0.000000000000000
0.300808452041882
-0.041055789455658
-0.295204959731790
0.284102357571129
-0.267707466031221
0.156660455396209
-0.220355334255284
0.220355334255284
-0.156660455396209
0.120122448280787
0.000000000000000
0.295204959731790
0.120122448280787
-0.246325690921130
0.156660455396209
-0.041055789455658
-0.300808452041882
0.190280174640565
-0.190280174640565
0.300808452041882
-0.284102357571129
0.000000000000000
0.267707466031221
0.246325690921130
-0.041055789455658
-0.220355334255284
0.295204959731790
0.190280174640565
-0.156660455396209
0.156660455396209
-0.190280174640565
-0.081346787234294
0.000000000000000
0.220355334255284
0.300808452041882
0.190280174640565
-0.246325690921130
-0.156660455396209
0.081346787234294
0.120122448280787
-0.120122448280787
-0.081346787234294
0.295204959731790
0.000000000000000
0.156660455396209
0.267707466031221
0.300808452041882
0.120122448280787
-0.190280174640565
-0.284102357571129
-0.081346787234294
0.081346787234294
0.284102357571129
0.041055789455658
0.000000000000000
0.081346787234294
0.156660455396209
0.220355334255284
0.295204959731790
0.284102357571129
0.246325690921130
0.041055789455658
-0.041055789455658
-0.246325690921130
-0.300808452041882
