0.250000000000000
0.250000000000000
0.250000000000000
0.250000000000000
0.250000000000000
0.250000000000000
0.250000000000000
0.250000000000000
0.250000000000000
0.250000000000000
0.250000000000000
0.250000000000000
0.250000000000000
0.250000000000000
0.250000000000000
0.250000000000000
0.206559693578999
0.155872450464683
0.018682523396606
-0.055630233489079
-0.125000000000000
-0.183262967957457
-0.225242216975605
-0.247207706556282
-0.247207706556282
-0.225242216975605
-0.183262967957457
-0.055630233489079
0.091335256091599
0.155872450464683
0.206559693578999
0.238893201446535
0.091335256091599
-0.055630233489079
-0.247207706556282
-0.225242216975605
-0.125000000000000
0.018682523396606
0.155872450464683
0.238893201446535
0.238893201446535
0.155872450464683
0.018682523396606
-0.225242216975605
-0.183262967957457
-0.055630233489079
0.091335256091599
0.206559693578999
-0.055630233489079
-0.225242216975605
-0.055630233489079
0.155872450464683
0.250000000000000
0.155872450464683
-0.055630233489079
-0.225242216975605
-0.225242216975605
-0.055630233489079
0.155872450464683
0.155872450464683
-0.225242216975605
-0.225242216975605
-0.055630233489079
0.155872450464683
-0.183262967957457
-0.225242216975605
0.238893201446535
0.155872450464683
-0.125000000000000
-0.247207706556282
-0.055630233489079
0.206559693578999
0.206559693578999
-0.055630233489079
-0.247207706556282
0.155872450464683
0.018682523396606
-0.225242216975605
-0.183262967957457
0.091335256091599
-0.247207706556282
-0.055630233489079
0.091335256091599
-0.225242216975605
-0.125000000000000
0.206559693578999
0.155872450464683
-0.183262967957457
-0.183262967957457
0.155872450464683
0.206559693578999
-0.225242216975605
0.238893201446535
-0.055630233489079
-0.247207706556282
0.018682523396606
-0.225242216975605
0.155872450464683
-0.225242216975605
-0.055630233489079
0.250000000000000
-0.055630233489079
-0.225242216975605
0.155872450464683
0.155872450464683
-0.225242216975605
-0.055630233489079
-0.055630233489079
0.155872450464683
0.155872450464683
-0.225242216975605
-0.055630233489079
-0.125000000000000
0.250000000000000
-0.125000000000000
0.250000000000000
-0.125000000000000
-0.125000000000000
0.250000000000000
-0.125000000000000
-0.125000000000000
0.250000000000000
-0.125000000000000
0.250000000000000
-0.125000000000000
0.250000000000000
-0.125000000000000
-0.125000000000000
0.018682523396606
0.155872450464683
0.206559693578999
-0.055630233489079
-0.125000000000000
0.238893201446535
-0.225242216975605
0.091335256091599
0.091335256091599
-0.225242216975605
0.238893201446535
-0.055630233489079
-0.247207706556282
0.155872450464683
0.018682523396606
-0.183262967957457
0.155872450464683
-0.055630233489079
0.155872450464683
-0.225242216975605
0.250000000000000
-0.225242216975605
0.155872450464683
-0.055630233489079
-0.055630233489079
0.155872450464683
-0.225242216975605
-0.225242216975605
-0.055630233489079
-0.055630233489079
0.155872450464683
-0.225242216975605
0.238893201446535
-0.225242216975605
-0.183262967957457
0.155872450464683
-0.125000000000000
0.091335256091599
-0.055630233489079
0.018682523396606
0.018682523396606
-0.055630233489079
0.091335256091599
0.155872450464683
0.206559693578999
-0.225242216975605
0.238893201446535
-0.247207706556282
0.238893201446535
-0.225242216975605
-0.183262967957457
0.155872450464683
-0.125000000000000
0.091335256091599
-0.055630233489079
0.018682523396606
0.018682523396606
-0.055630233489079
0.091335256091599
0.155872450464683
0.206559693578999
-0.225242216975605
0.238893201446535
-0.247207706556282
0.155872450464683
-0.055630233489079
0.155872450464683
-0.225242216975605
0.250000000000000
-0.225242216975605
0.155872450464683
-0.055630233489079
-0.055630233489079
0.155872450464683
-0.225242216975605
-0.225242216975605
-0.055630233489079
-0.055630233489079
0.155872450464683
-0.225242216975605
0.018682523396606
0.155872450464683
0.206559693578999
-0.055630233489079
-0.125000000000000
0.238893201446535
-0.225242216975605
0.091335256091599
0.091335256091599
-0.225242216975605
0.238893201446535
-0.055630233489079
-0.247207706556282
0.155872450464683
0.018682523396606
-0.183262967957457
-0.125000000000000
0.250000000000000
-0.125000000000000
0.250000000000000
-0.125000000000000
-0.125000000000000
0.250000000000000
-0.125000000000000
-0.125000000000000
0.250000000000000
-0.125000000000000
0.250000000000000
-0.125000000000000
0.250000000000000
-0.125000000000000
-0.125000000000000
-0.225242216975605
0.155872450464683
-0.225242216975605
-0.055630233489079
0.250000000000000
-0.055630233489079
-0.225242216975605
0.155872450464683
0.155872450464683
-0.225242216975605
-0.055630233489079
-0.055630233489079
0.155872450464683
0.155872450464683
-0.225242216975605
-0.055630233489079
-0.247207706556282
-0.055630233489079
0.091335256091599
-0.225242216975605
-0.125000000000000
0.206559693578999
0.155872450464683
-0.183262967957457
-0.183262967957457
0.155872450464683
0.206559693578999
-0.225242216975605
0.238893201446535
-0.055630233489079
-0.247207706556282
0.018682523396606
-0.183262967957457
-0.225242216975605
0.238893201446535
0.155872450464683
-0.125000000000000
-0.247207706556282
-0.055630233489079
0.206559693578999
0.206559693578999
-0.055630233489079
-0.247207706556282
0.155872450464683
0.018682523396606
-0.225242216975605
-0.183262967957457
0.091335256091599
-0.055630233489079
-0.225242216975605
-0.055630233489079
0.155872450464683
0.250000000000000
0.155872450464683
-0.055630233489079
-0.225242216975605
-0.225242216975605
-0.055630233489079
0.155872450464683
0.155872450464683
-0.225242216975605
-0.225242216975605
-0.055630233489079
0.155872450464683
0.091335256091599
-0.055630233489079
-0.247207706556282
-0.225242216975605
-0.125000000000000
0.018682523396606
0.155872450464683
0.238893201446535
0.238893201446535
0.155872450464683
0.018682523396606
-0.225242216975605
-0.183262967957457
-0.055630233489079
0.091335256091599
0.206559693578999
0.206559693578999
0.155872450464683
0.018682523396606
-0.055630233489079
-0.125000000000000
-0.183262967957457
-0.225242216975605
-0.247207706556282
-0.247207706556282
-0.225242216975605
-0.183262967957457
-0.055630233489079
0.091335256091599
0.155872450464683
0.206559693578999
0.238893201446535
0.000000000000000
0.000000000000000
0.000000000000000
0.000000000000000
0.000000000000000
0.000000000000000
0.000000000000000
0.000000000000000
0.000000000000000
0.000000000000000
0.000000000000000
0.000000000000000
0.000000000000000
0.000000000000000
0.000000000000000
0.000000000000000
-0.140830014515906
-0.195457870617007
-0.249300949295295
-0.243731978045456
-0.216506350946110
-0.170043184442730
-0.108470934779390
-0.037260566544044
0.037260566544044
0.108470934779390
0.170043184442730
0.243731978045456
0.232718437161051
0.195457870617007
0.140830014515906
0.073688793602726
-0.232718437161051
-0.243731978045456
-0.037260566544044
0.108470934779390
0.216506350946110
0.249300949295295
0.195457870617007
0.073688793602726
-0.073688793602726
-0.195457870617007
-0.249300949295295
-0.108470934779390
0.170043184442730
0.243731978045456
0.232718437161051
0.140830014515906
-0.243731978045456
-0.108470934779390
0.243731978045456
0.195457870617007
0.000000000000000
-0.195457870617007
-0.243731978045456
-0.108470934779390
0.108470934779390
0.243731978045456
0.195457870617007
-0.195457870617007
-0.108470934779390
0.108470934779390
0.243731978045456
0.195457870617007
-0.170043184442730
0.108470934779390
0.073688793602726
-0.195457870617007
-0.216506350946110
0.037260566544044
0.243731978045456
0.140830014515905
-0.140830014515905
-0.243731978045456
-0.037260566544044
0.195457870617007
-0.249300949295295
-0.108470934779390
0.170043184442730
0.232718437161051
-0.037260566544044
0.243731978045456
-0.232718437161051
-0.108470934779390
0.216506350946110
0.140830014515905
-0.195457870617007
-0.170043184442730
0.170043184442730
0.195457870617007
-0.140830014515905
0.108470934779390
-0.073688793602726
-0.243731978045456
0.037260566544044
0.249300949295295
0.108470934779390
0.195457870617007
-0.108470934779390
0.243731978045456
0.000000000000000
-0.243731978045456
0.108470934779390
0.195457870617007
-0.195457870617007
-0.108470934779390
0.243731978045456
-0.243731978045456
0.195457870617007
-0.195457870617007
-0.108470934779390
0.243731978045456
0.216506350946110
0.000000000000000
0.216506350946110
0.000000000000000
-0.216506350946110
0.216506350946110
0.000000000000000
-0.216506350946110
0.216506350946110
0.000000000000000
-0.216506350946110
0.000000000000000
0.216506350946110
0.000000000000000
-0.216506350946110
0.216506350946110
0.249300949295295
-0.195457870617007
0.140830014515906
-0.243731978045456
0.216506350946110
-0.073688793602726
-0.108470934779390
0.232718437161051
-0.232718437161051
0.108470934779390
0.073688793602726
0.243731978045456
-0.037260566544044
0.195457870617007
-0.249300949295295
0.170043184442730
0.195457870617007
-0.243731978045456
-0.195457870617007
0.108470934779390
0.000000000000000
-0.108470934779390
0.195457870617007
-0.243731978045456
0.243731978045456
-0.195457870617007
0.108470934779390
-0.108470934779390
-0.243731978045456
0.243731978045456
-0.195457870617007
0.108470934779390
0.073688793602726
-0.108470934779390
-0.170043184442730
0.195457870617007
-0.216506350946110
0.232718437161051
-0.243731978045456
0.249300949295295
-0.249300949295295
0.243731978045456
-0.232718437161051
-0.195457870617007
-0.140830014515905
0.108470934779390
-0.073688793602726
0.037260566544044
-0.073688793602726
0.108470934779390
0.170043184442730
-0.195457870617007
0.216506350946110
-0.232718437161051
0.243731978045456
-0.249300949295295
0.249300949295295
-0.243731978045456
0.232718437161051
0.195457870617007
0.140830014515906
-0.108470934779390
0.073688793602726
-0.037260566544044
-0.195457870617007
0.243731978045456
0.195457870617007
-0.108470934779390
0.000000000000000
0.108470934779390
-0.195457870617007
0.243731978045456
-0.243731978045456
0.195457870617007
-0.108470934779390
0.108470934779390
0.243731978045456
-0.243731978045456
0.195457870617007
-0.108470934779390
-0.249300949295295
0.195457870617007
-0.140830014515906
0.243731978045456
-0.216506350946110
0.073688793602726
0.108470934779390
-0.232718437161051
0.232718437161051
-0.108470934779390
-0.073688793602726
-0.243731978045456
0.037260566544044
-0.195457870617007
0.249300949295295
-0.170043184442730
-0.216506350946110
0.000000000000000
-0.216506350946110
0.000000000000000
0.216506350946110
-0.216506350946110
0.000000000000000
0.216506350946110
-0.216506350946110
0.000000000000000
0.216506350946110
0.000000000000000
-0.216506350946110
0.000000000000000
0.216506350946110
-0.216506350946110
-0.108470934779390
-0.195457870617007
0.108470934779390
-0.243731978045456
0.000000000000000
0.243731978045456
-0.108470934779390
-0.195457870617007
0.195457870617007
0.108470934779390
-0.243731978045456
0.243731978045456
-0.195457870617007
0.195457870617007
0.108470934779390
-0.243731978045456
0.037260566544044
-0.243731978045456
0.232718437161051
0.108470934779390
-0.216506350946110
-0.140830014515906
0.195457870617007
0.170043184442730
-0.170043184442730
-0.195457870617007
0.140830014515906
-0.108470934779390
0.073688793602726
0.243731978045456
-0.037260566544044
-0.249300949295295
0.170043184442730
-0.108470934779390
-0.073688793602726
0.195457870617007
0.216506350946110
-0.037260566544044
-0.243731978045456
-0.140830014515905
0.140830014515905
0.243731978045456
0.037260566544044
-0.195457870617007
0.249300949295295
0.108470934779390
-0.170043184442730
-0.232718437161051
0.243731978045456
0.108470934779390
-0.243731978045456
-0.195457870617007
-0.000000000000000
0.195457870617007
0.243731978045456
0.108470934779390
-0.108470934779390
-0.243731978045456
-0.195457870617007
0.195457870617007
0.108470934779390
-0.108470934779390
-0.243731978045456
-0.195457870617007
0.232718437161051
0.243731978045456
0.037260566544044
-0.108470934779390
-0.216506350946110
-0.249300949295295
-0.195457870617007
-0.073688793602726
0.073688793602726
0.195457870617007
0.249300949295295
0.108470934779390
-0.170043184442730
-0.243731978045456
-0.232718437161051
-0.140830014515905
0.140830014515905
0.195457870617007
0.249300949295295
0.243731978045456
0.216506350946110
0.170043184442730
0.108470934779390
0.037260566544044
-0.037260566544044
-0.108470934779390
-0.170043184442730
-0.243731978045456
-0.232718437161051
-0.195457870617007
-0.140830014515905
-0.073688793602726
