0.891893793091884
-0.449752222588460
0.953505209207726
-0.278413460554217
-0.787886138510289
0.364602616169508
0.913406883375493
-0.330095502941135
-0.992886060929680
0.108407387938239
-0.750557949455461
-0.074063444101217
-0.917437180729974
0.277089149490102
0.798635304043537
-0.601782998873123
-0.774049912121892
0.562993097244958
0.339056708136427
0.070756205655665
0.763678738978686
-0.535286757226682
0.114447655007170
-0.501328989484698
0.586820058731278
0.004788064788605
0.563863312640221
-0.581145051191772
0.976323730667060
-0.156897227262964
0.741121080747850
0.213332873523465
-0.992375885794000
-0.033158145173695
-0.979690688001564
-0.197807838887002
-0.956012940379837
-0.087802079938159
0.927543365002629
0.373004760300936
-0.694232909670028
-0.020690370502325
-0.013354925553801
0.146865510542746
0.888520520347959
0.382340136880489
0.648925082671770
-0.491157520165647
0.740547335881506
-0.112363086029643
-0.677221848363819
-0.281223520450355
-0.281745432273078
-0.355985668429401
0.534528709121789
-0.559363560456548
-0.764458719569651
-0.195761433617947
0.570164169055430
0.419545560384201
0.752863774638129
0.247332822578496
-0.716761534775484
-0.418417628084782
-0.560558286408120
-0.296337071032746
0.839658024436549
0.534910557824232
0.881807871089425
0.425070290270221
-0.048949050561832
0.306776181809455
-0.692362266265810
-0.314707134509520
0.319093941100611
-0.331477583976343
0.267844238014937
-0.127737383061021
-0.207683014946532
-0.743200352123287
-0.566538998891104
-0.543536884102122
0.367441849268939
0.600925353802455
0.656208094038965
0.722219589066404
-0.704090896413317
-0.683112069764153
0.571401655558214
0.820638495931705
-0.559008700596191
-0.794158936407023
0.423292751000625
0.811079242829390
0.187367856737344
0.868022885082340
-0.099140108305253
-0.922300613202457
-0.085218908470191
-0.898786172689623
-0.418932645307399
0.613809708096774
-0.443900957852590
0.829289503770315
0.526113060410395
-0.831835139142373
0.784659011392371
0.519431751163441
0.827496798772373
0.337974536274533
0.601954719593277
0.419241450373977
-0.856066609107593
-0.120487004708195
0.255746508073846
0.752675009482672
-0.421830404459750
-0.903817672307991
-0.254776371438484
-0.955625309949307
-0.263949591240894
-0.923446657582261
-0.448357814972366
-0.883611033525429
-0.386254701901738
-0.726282860394414
-0.051973308112250
-0.984883196141982
0.118177864671820
0.991933484709326
0.062322883964159
-0.998050756831074
0.255454559078279
-0.643366842027512
-0.228730390674314
0.970375922685690
0.266215592532949
-0.952322922296015
0.614444917794233
0.761767022351062
0.588113981993235
0.715785148889023
-0.421746773544717
-0.835140141829164
-0.121796828982256
-0.971226973356288
0.215434883346134
0.887814262012055
0.354643486540503
-0.362162639821540
-0.519757506522253
0.167516334948590
0.045113828869948
-0.548341439025539
-0.453062750024279
-0.466151040517803
0.300167924469416
-0.580822233685196
-0.220881302307067
0.728290035928336
0.543392846224969
-0.531630274545204
0.229980340007893
-0.850998954600893
0.734573008546497
-0.399323584211850
0.854311950718097
-0.199878533040263
-0.620958438474186
0.692316337492843
-0.121818911051488
-0.863882020300844
0.271862336073783
-0.901780842246874
0.158279905813225
0.231184506525562
0.426802665928701
-0.893087914339055
-0.130062640847707
-0.246071600048542
0.401797238379196
-0.913896078685506
-0.554560210232921
0.830984411285876
-0.542685042812570
0.796843226641542
-0.682427637659943
0.722335436788850
0.755905718615116
-0.506778349698449
0.286446721237582
-0.843360003258731
0.546824726571583
-0.664257268328989
-0.657301712729272
0.744466103000194
0.879873497504044
-0.237285345334057
-0.919774380735991
0.056748561715194
-0.029413941767356
-0.037191667757957
-0.082057529040343
-0.081119189614719
0.365728166364208
-0.335474698529665
0.238141804548897
-0.003647638482962
0.042333962879430
0.025158375123910
-0.621331904935487
0.212424185690609
0.129722391956123
0.254367300717427
-0.005896270928381
-0.002026670100675
-0.064323302240137
0.282396917099929
0.802148618629164
-0.486406930111226
-0.182236990368074
-0.311532583386158
-0.657170589954179
0.551087828086311
-0.688487162751734
0.426151052834869
0.586791035964213
-0.002207769406960
0.045863204435768
0.141674978356910
-0.609492388213866
0.183705354997394
0.068755493504370
-0.096764253814023
0.016659785222378
-0.028296046971615
-0.269801778384251
0.074411376586696
-0.002800606629915
0.022867256830357
-0.648601312638980
-0.311334085738384
0.959867218900642
0.238552069486765
-0.122840804876794
-0.221940175065316
-0.549900099673593
-0.187804174189876
0.127539078648946
-0.650152261884919
-0.488037397867357
0.473395604042814
-0.613115339409108
0.646516276552559
-0.232166592779932
-0.589482942547895
-0.072536256381383
0.609933454314445
0.678691835800942
-0.195631631144824
0.588436292406928
-0.160515860560166
-0.551236002543478
0.085547999825155
0.582580264536316
0.508486954841243
-0.093382789430281
0.011169232995142
-0.096801704234361
0.179887622897324
0.818162258831927
0.483841795369671
0.121527375255148
0.637828353715695
-0.753951695661857
-0.468890721472175
-0.649575894469699
-0.699995558882205
-0.537970547638141
-0.339276718594807
-0.286985459463552
0.548853864350535
0.569062944016948
-0.424314237694165
0.206634235679403
0.071358917674617
0.179880983154833
0.072503390470226
-0.006852231124334
-0.002377803376896
-0.055881192893590
0.231728609937171
0.070381794978055
-0.397517435765142
0.456630052140105
0.054023631102589
-0.312890567106945
-0.204039973600981
-0.362015142153780
0.232090909499850
0.112409505024673
0.659618968891894
0.314201322029416
0.128484971062397
-0.104537115055372
-0.142573982652857
0.079909858613415
0.328808920530469
0.064063868775621
0.443754528505332
-0.668771438751184
0.120962327021164
0.233663316816563
-0.445010445767015
0.469030807271649
-0.384817041642389
-0.029745305113964
0.065482378704247
-0.079310836625527
0.124816099661422
0.142532231969149
0.239293641231455
0.131601613343759
-0.029796418419818
0.028796225627386
-0.567883165224788
-0.150970727762130
0.067169223309456
-0.026669754012280
-0.037291801175941
-0.003241255768191
-0.000197950386582
-0.058647607121999
-0.719293078657464
0.075970701245525
-0.016775863797000
0.081035422679387
0.125074258874804
-0.079332024708197
0.189406643259767
-0.363655020846128
0.097614500087753
0.351582604076284
-0.032561864521618
0.202787058541581
-0.027588177959118
-0.390244910503522
0.114379006079470
0.481591671613941
0.714937536854780
-0.515890270122698
-0.660036090779808
0.814138078193008
0.185649126925743
0.644325450665235
-0.402842482354641
0.632621331636941
0.415132509850249
-0.517164473524770
-0.391594153662291
0.383468530724580
0.524447663549425
0.438377070609853
0.175315049101793
0.133849174829419
0.532003353941151
-0.006813626660295
0.479742886744188
-0.310962847769909
-0.195986769540765
0.328618560643370
-0.361770437586935
0.234422904905931
0.240682538702932
-0.109032739471839
0.953736366655668
0.134878084120629
0.045181456833734
-0.370790419009463
0.886028747996394
-0.052981339399080
0.023364808357581
-0.039101818823298
0.019973211834744
-0.265579809704304
-0.001086802853089
-0.111884583671253
-0.002424057268654
-0.153300324873177
0.385073057010821
0.418830239108161
-0.176842900915681
0.281098876047070
0.425121655255406
0.116033798674281
0.016150464144614
0.315726303160882
0.264263494966789
-0.021978809438391
0.387700427160780
