-0.730924754829161
0.187039589389347
-0.012491870715504
0.775648370271282
0.721524129952107
-0.079075504801689
0.810436723951141
-0.175484848089813
0.594423665675716
-0.421357162668508
0.380445715964144
0.738831208325120
-0.830436333698139
-0.063051819295877
-0.366705636599305
0.695801266617889
-0.512534698375088
-0.210311392668051
-0.789191727342297
0.390613452843870
0.047828559632142
0.853724778401862
-0.450234929999186
0.234665038838205
0.417606586491242
-0.782255280755338
-0.531065714199529
-0.246126281801977
-0.135928228631355
-0.639221163204857
-0.554050168170443
0.745233135025651
-0.307182742213808
-0.856858158664972
-0.923885272638448
-0.037008838196795
0.841649717107184
0.367966029575311
-0.707090962632228
0.630951601419859
0.301264321114310
0.821804578765111
-0.838153016537971
0.447718439240603
-0.011192271946356
0.949707069327603
0.789850844192766
0.520524563410532
-0.921218025824613
0.296585077826117
-0.727133627529924
-0.622325660092425
-0.238243761019256
0.935578367982015
0.846758510003216
0.033853624049414
-0.440277586639400
0.612543372307798
-0.541926182158153
-0.803824321294839
0.975055926108368
0.106376555251520
-0.572636604213847
0.622999244432265
0.429384875413524
0.688161069352825
-0.948529726099570
-0.268108913545612
0.209209735546583
0.957854927073259
0.119391485363741
0.086087928559953
0.869850221181783
0.413398499004570
-0.063004731972060
-0.979275947818032
-0.806054422724407
0.546122469911269
-0.877686257173844
0.328471229332575
0.128767629337149
-0.986942979851961
0.787923047240572
0.609105326753906
-0.276049913537747
0.912976506101360
-0.662109731601179
-0.744454358493254
0.912621733169637
-0.217795991710492
0.997252557022998
-0.025636694321308
0.478497657202103
-0.876258296983464
0.514129340236263
0.852492289962354
0.359773907462476
0.932779056954906
-0.627699225240501
0.778205754420081
0.987790938125872
0.154637215137924
0.903076157382696
0.353453732266135
0.711398545044090
-0.563796703202193
0.154601324459158
0.987797215607918
0.850081105278514
0.521088052260503
0.876070885610596
-0.478888471319237
0.022811027744167
-0.998109478619068
0.743052105985411
0.664730242556453
0.053339648855582
-0.566640498990899
-0.944532750686483
0.314628456972040
0.607506974550392
0.789256685317698
0.985201240601131
-0.125047203090250
-0.377953907176657
0.921427912909684
-0.385011710132264
0.374533487772176
0.404468591447799
0.864027257370434
-0.987635222738700
-0.049741022646343
0.436315504978659
-0.279092553252246
0.962342915875605
0.220605258444123
0.285482252916068
0.946949878854121
0.897283879342929
0.371170044128340
-0.064944148939053
-0.964515200592962
0.680314586675047
-0.588324600523739
-0.889104866573533
0.397947233919932
-0.791647551711051
-0.568339484111255
0.020095952825320
-0.931238649621388
0.757732965373245
-0.313695798738957
0.575499143671039
0.349022375462360
0.285607957958102
-0.106609960707744
0.392449266657516
0.821995360427057
-0.334581867329392
0.835638185681214
0.893581190484135
0.085640586313339
-0.728221169179296
0.070546846243630
-0.327188730618034
0.678475863213244
-0.424505651600882
-0.612882086111642
0.758815333728849
-0.297927649558268
0.040155410283162
0.924537982127299
0.855357747491628
0.295236894676985
-0.069970775349146
-0.809156235242384
-0.693714109095030
-0.604465529621878
0.031769800728990
-0.418243761810870
0.268622350931651
-0.469941013549414
-0.363759074491064
-0.764931046472324
0.497090596325539
-0.669022816721136
0.677911200963187
-0.508445920076329
-0.644563453850422
0.222158767505466
0.314963680765526
0.809453538453668
0.228353310833494
0.492367169902456
0.258596330650862
-0.763555661051526
-0.617507197344413
-0.554572950531637
0.770076102944114
-0.061817152055479
-0.326364167583068
0.699737201932880
0.346280381801216
0.696076385316235
0.060157037957136
0.653564323967595
0.629731810720956
0.040637487959244
-0.211695212962274
-0.654473170761087
-0.215076291034127
-0.515887171382698
-0.134358140326591
-0.671614872736280
0.529909387087547
-0.169072600636157
0.178577309428740
0.523937122481950
0.617368218221000
-0.015622310644333
0.013314744070777
0.832406162078292
0.253069473261638
0.400691139975603
0.474475674378913
-0.209139346008547
0.618874809886763
0.599345307017010
-0.248907435967204
-0.389520863330519
-0.740768352563671
0.329626013002892
-0.643742804963563
-0.398139450732799
0.262106197740912
0.262595366897333
-0.412105483591519
-0.040024107848642
0.081071502623867
0.372147498123274
0.332213945720364
-0.214150995890485
0.217362603540774
0.233828881474296
0.208027224015618
-0.436579565729533
0.128528939532130
0.283774614324476
0.311399576676117
-0.031008372478898
0.244990843081197
-0.212530726297669
0.123319849237148
0.219515045704857
-0.050226685157587
0.285420287652756
0.219416138487085
0.140675462931266
0.474493022534910
-0.238139306796548
-0.109782847537463
0.647220202196549
-0.241403776863288
0.043665662739951
0.052062509274665
-0.187721774394444
-0.163486916307289
0.507179740474316
-0.086852821288997
-0.578376658266419
0.042816151888228
0.163020692920714
0.170813569522463
0.097815896974905
0.715022950740130
-0.683430114710915
-0.139046581479377
-0.230495817553530
-0.137367017372407
0.134830724660343
0.226855933981598
0.023725528061030
-0.281351764699933
0.206433209462891
-0.093291640754095
0.025673369884582
0.066338959110261
-0.061376828293051
0.161284679738173
-0.253490821578438
-0.082667706899679
0.023758402205541
-0.345950896832149
-0.002110716068870
-0.042175271288992
-0.055238970908841
-0.052638861944847
-0.020989026487402
0.087457119643097
0.035765476184437
0.021695106914280
0.003910083307967
0.018361846213947
0.007233880256292
0.004200671096332
-0.018405124643352
-0.233549805848910
-0.070557786969122
-0.315544981492724
0.276544304266507
-0.018704207928272
0.002289960369790
-0.073378390418555
0.021094266031268
0.027729869287768
0.048955998327830
0.056464511120231
-0.008299679992661
-0.051481271794789
0.057939201546754
0.211173935388444
-0.794656526919565
-0.075110453321644
-0.056791167850609
-0.075575723641436
0.047931936639602
-0.063985021046279
0.098222347757556
-0.087514927402708
-0.021507739130404
0.388044631305201
-0.748940594248602
-0.245828801040756
-0.171552492351533
0.041681807700920
-0.142706427251046
-0.533025921745591
0.669043715747801
0.030824069873413
0.155818191900939
-0.130222959238856
0.069482307785565
0.054468854142155
0.232696330313805
0.205761253902576
0.152167643525616
0.427236949324291
-0.092275764466167
-0.059965901350787
-0.218024370027579
0.146062943546703
-0.170146998776129
0.239692615620219
-0.273748388394368
0.566513214050198
0.080613133835076
0.370883679132900
0.639866715506719
-0.233618616618908
0.923301008662919
-0.402614833102704
-0.090600754423200
-0.411138427570841
0.143975657874388
-0.323137266045826
0.299600823232003
-0.579360346978483
-0.359247351546518
-0.587982485880630
0.294778957680563
0.032474601170998
-0.665669513017636
-0.220290811324670
0.535640143540960
-0.371821136420564
-0.073253703932928
0.064582947330189
0.420746173769513
0.405383208382992
-0.419564931716801
0.293051962220483
-0.259812828359487
0.873292910197378
-0.247835284951370
0.836915345710750
0.081056649807151
0.531000765744886
-0.024454378881990
0.256969255441733
0.489158677229545
0.157543209392144
0.507049590415778
-0.567158579686759
-0.462076380556900
-0.423418847041340
0.257486560530155
-0.759251711386946
0.359118607412121
0.479648249533193
0.346479793018037
0.439479191667680
-0.343499263256277
0.101314339589909
0.626814837076801
-0.596335948673200
-0.219630860010585
-0.560961642080202
0.284410968669234
