0.681124602617304
-0.624694171260358
0.221233953503183
0.028369067639352
0.531587925203635
-0.101780893976803
0.393834144226395
-0.729708410001549
0.621015149371889
-0.467267453900498
0.846042576916049
0.479373567370239
-0.588977594084716
-0.796674191580444
-0.953083375875677
0.286413187912585
0.847977258459681
0.467628854411927
0.948376180922272
0.261113699826195
0.190481590239873
-0.177283768611262
-0.483859669011465
-0.845828288078386
0.842360150108010
-0.512654298030619
0.522961092730906
0.251787573438226
0.686089514386028
0.596762829978696
0.833767188712038
0.043354064096244
-0.487290573659611
-0.638482478472634
0.173166887360354
-0.772575492686783
-0.059916211604856
-0.997253081173575
-0.513065559631989
-0.807471932299775
-0.553245990098997
-0.740849903447555
-0.096427413417980
0.992367613707775
-0.727714431988823
-0.205361739493986
0.473645659305662
-0.033270040703958
-0.283048347615624
-0.059722008254500
-0.200013249268995
0.596386668086097
-0.074401718451127
0.851281982895327
-0.060030603692989
0.726828579744626
0.425593272717578
0.588504346762714
-0.753109323002191
0.649067093399042
-0.161715229488252
-0.963029343318291
0.884812178705820
0.332325015952535
-0.396968678289936
-0.873326066260984
0.461972662558748
0.310518033918571
0.978821443371301
0.204625370978193
-0.717815477695597
-0.693492711902327
-0.258792705711774
0.908311499604725
-0.375729883425962
-0.351969263123624
0.011834857940156
-0.469108662528094
-0.390055167348666
-0.830497622400423
0.273516571121216
0.961703028099279
-0.297019725773076
0.888454420741361
-0.925659023424776
0.315849965842900
0.665989385808043
0.588759411458442
-0.170383693118552
0.724472271794562
0.591459113220033
-0.800201383861769
-0.069868763397677
-0.798669530470679
0.985585299938980
-0.102634861795774
-0.931963026837840
-0.129503227821400
0.176267850013088
-0.924115937672323
-0.469207994320604
0.755994756649396
-0.381795352503079
0.908964377027956
-0.554597672435951
0.822503404080039
-0.970865521648280
0.041616030147839
0.281607279824368
-0.773365524139700
0.500756838447506
0.720310581081649
0.963644362252445
0.042882094675405
-0.813520010203690
0.573827000651628
0.974034159294120
0.128347650266620
0.549993134898487
0.040222659356216
-0.078296161703940
0.815345354900996
0.571651426163500
-0.505107401847550
0.108280166438116
0.863516872035772
0.835609956758227
0.537030829356913
0.703507200224676
-0.702015667796162
-0.209684648261494
-0.919690541059931
-0.465293752054614
-0.671872264933940
-0.889101445367910
-0.012617134621341
0.999318856718387
-0.020309910936332
-0.877434592678154
0.441478530651801
0.307993318046934
-0.932944028025226
0.369764435505826
-0.550668914228577
0.406296663740625
0.748207226057309
-0.554123345598481
0.581076509263653
-0.904203712893567
0.426382104286788
-0.285943948829120
0.301544155957091
-0.905150618296617
0.260608602986714
0.615533005472356
0.319068624311651
0.650451906605297
-0.200265847150396
-0.611677508944118
-0.774198901783327
0.688385671304553
0.671778889020366
-0.449017706683766
0.893432339640412
0.925888314282687
0.376903045929544
0.619116291473588
-0.533482130457153
-0.717820949501322
0.082309616129167
-0.036438811900133
0.301544732678011
0.592396633075289
-0.527219294645466
0.967819695891545
-0.179520693849257
0.343376670709995
0.898792755042394
-0.064367269582807
0.822244990337064
0.111340167190194
-0.913103512240453
-0.846853770260219
0.338584845844383
0.276913775225064
0.870916703261099
0.781862675447644
0.595402826026932
-0.725506719773420
-0.025949937667132
0.505831339535711
-0.830451284556788
0.591137809338651
-0.708130281313015
0.274327861700565
-0.961011655179651
-0.774020472522176
-0.620536896066799
0.673149272490027
-0.680697375610104
0.728227595241584
0.436839247452481
-0.428785512916013
0.115417927122741
-0.102463370203014
-0.936382949401524
-0.276886076312752
-0.772408340951566
0.869824637331805
-0.070020533151675
0.289289727268555
0.249274791745253
-0.028791358996879
0.974382774614647
0.555806182026130
-0.630978934212954
0.379840981148501
0.410050158218014
-0.588057277571415
-0.224031134156062
0.231158823712944
-0.031281610758237
-0.014223798807578
-0.134956695585317
-0.074387613480541
-0.063765565784693
-0.240169197392021
0.067650427054557
0.021691413302651
0.178694537720923
-0.046271534822444
-0.964440860930235
0.012347955480469
0.224280752152198
-0.116834909871447
-0.118171705818586
-0.714934769828720
0.389849956062256
0.386995887408418
-0.152936215901703
0.046661313322497
-0.548429960881591
-0.573856016219871
0.159929028491353
-0.583249544442006
-0.181549734590535
-0.021506592367567
0.037865632986501
0.113470573037260
-0.268099308320960
0.302290915905151
-0.231690520225478
-0.064149053975609
0.042345862601780
0.353646446781346
-0.550629142078511
0.115526057188488
0.872471560523862
0.743784904354147
-0.602578568069763
0.747941512261485
-0.211898882682344
0.493955548773863
-0.160596655397401
0.640325768114572
-0.241038281140462
-0.453366703162052
0.516712330531124
0.039264195748398
0.099982892566339
0.107412017579127
-0.186776141246905
-0.013423999626674
-0.326323901086068
0.181604254442425
0.216188217103215
-0.319669016631876
-0.766793016051487
-0.005686873439750
0.002167722085560
0.059305499652251
0.017077945719425
-0.130819418545295
-0.301467800747718
-0.838482473669148
0.178582848746996
-0.857287887481490
-0.211788755263737
-0.333756449012713
0.216188108725418
-0.016899736681268
-0.005510895287829
-0.334760714611183
-0.101800239291616
-0.060877482802781
0.199218732846400
-0.451358819344347
0.078075025521688
-0.667522046904830
0.022883212538786
-0.091705981961436
0.037998362164321
-0.226764937196075
-0.553012658315779
-0.032912866308891
0.130401092478885
0.076375792944769
0.329909940503688
-0.322816817405236
0.103579347324262
-0.417664623138048
-0.184043605059261
-0.166834682229189
-0.013500329874275
-0.078673740375278
-0.098590134297181
-0.109763007075153
0.208902673958875
0.473096493263689
-0.314297333879317
-0.437809893623841
-0.196768271260784
0.222945635888940
0.140875521271101
-0.093694993963672
0.011358451808810
0.127576874853015
-0.136045868007717
-0.768834687352987
-0.323701888721216
0.488231013909480
0.301184561956156
-0.645360264592347
0.039890956987147
0.347890197180923
-0.348692454709174
-0.107201736391804
-0.043147145923245
-0.021468329057011
0.108585138247580
-0.291712545383985
0.158446987456186
0.569266166353041
-0.089584684836139
-0.328022953296830
-0.318967662732550
-0.010702556258693
-0.028892653293599
-0.151857227773521
-0.110202653861825
-0.170377236760680
0.075677961153182
-0.625732775578494
-0.410483255083825
0.007214288050084
-0.524458694233201
-0.566296112515629
-0.186027205522205
0.024716388385757
0.001745531043023
0.588873501399333
0.693206447954593
0.205323653071910
0.265758747242253
-0.009275814968204
0.720574972789587
0.351060283507021
0.643088318197927
-0.159013652474266
-0.034370683091871
0.119576303008032
-0.246048368350768
0.012699655517666
-0.000687254569323
0.016827999321099
0.019792470352254
0.222579437696889
-0.531554539092109
-0.423814220351794
-0.546204831704453
-0.951235241857514
0.053800574622687
0.609158526614933
-0.005651011141598
0.144976439301108
-0.100395163089921
-0.135101697307059
0.236667650683770
0.176293962415122
-0.537299236262283
0.376265099849928
0.110769660734035
-0.385089271124524
-0.141085956868038
-0.405316126626082
-0.023274332820751
-0.060037651715256
0.174876275913894
-0.210787534843776
0.654626011897762
-0.086700498326319
-0.216721811342230
-0.303995798252012
-0.238105333209848
0.027158983255968
0.021522372828403
-0.092484521334236
0.085281193999071
0.052302922164882
0.284227979123589
-0.515518213762933
0.114442180565053
-0.296630116988709
0.845477533531971
0.323571444731874
0.089385401441568
-0.565775026598052
0.081351551002743
0.204995823149614
0.443259447410839
