0.658043928227853
0.258801446136717
0.792665389137625
-0.145912634785180
-0.964770893618269
-0.053813418392799
-0.537693905871621
0.453843736274230
-0.422915191832132
-0.889109137476426
-0.351716187796171
-0.922255984996261
0.240349179390320
0.745287252335005
-0.604898754792772
0.741176792625577
0.736868596152080
0.352271369314745
-0.301932386220672
-0.896232045337096
-0.794497417418748
0.596736498250635
0.195939350167026
0.754006539931675
-0.009999970088194
-0.823217049719279
0.835157717053615
-0.398379025541404
-0.711605480841743
0.549061162863446
0.943641930771904
0.329520160807901
-0.698953230487596
-0.537360669261330
-0.167346876630655
0.978608070052223
0.329545382665112
-0.942152625694092
-0.604296053344376
-0.792266653212658
-0.745987442719578
0.282543495703652
-0.861106980383393
-0.045885248427158
0.342875288863567
0.176600060146836
0.701221278236541
-0.170175180973220
0.886085775709393
-0.462138958919869
0.786910146556505
0.450398490032482
-0.729354359569949
-0.602689408730080
0.650878147623396
0.392655176818948
0.653815766626855
0.724421611670081
-0.182929545833291
0.966733254128749
0.784785561334813
0.487629335235030
-0.523848282904386
0.438988736064123
0.425108054180131
0.224404459654310
0.707498396641761
0.697049300881900
-0.644432567809940
0.728537899456556
-0.352257032897073
0.912534782857848
-0.989998715633137
0.135787554745822
0.739024256302281
-0.514673900144731
0.138663801807538
0.945413368861746
-0.135646730849810
-0.989960269564167
-0.601210375291713
-0.487384894702317
-0.351353349417369
-0.687949419985127
-0.833741990722792
-0.346881536789962
0.216206730304716
-0.739217546064922
-0.613995797476430
0.020293774990385
0.064435778546602
-0.679150002425894
0.932497832837957
0.316787344942230
0.587084667564360
0.233563533426934
0.567299355714046
-0.673330997582407
-0.904968883550826
-0.372782851353100
-0.305729521719152
-0.952064159121402
0.985403179772734
0.168318379491929
0.794531319971129
-0.174259342117105
-0.558581482480071
-0.667193254266450
-0.477479665796785
0.096716272584369
-0.910958861613216
-0.246660235851234
-0.201288827959817
-0.764444758087397
0.254672578852324
0.948395379530056
-0.715208538037885
0.506643502960066
-0.579999947782925
0.813595632601728
0.251338251258059
0.844489334646548
-0.221167987095325
-0.796442820452387
0.754247972618775
-0.305623156711003
0.882466574589701
0.446177677945245
-0.907787383404280
-0.186575555247023
0.796373125746940
0.584069890104245
0.488255289706424
0.761150321672815
-0.996234082182443
0.006989263149822
0.706757555424137
-0.706639715122015
0.457361742371882
-0.885971989033041
0.752061538661715
-0.294456816636044
-0.971348482298267
0.162836437413854
0.807546313202950
-0.573784573079828
-0.827738795462621
-0.524231543783798
0.310386506671211
-0.887363281300012
-0.862733106707959
0.428269895933763
0.568444098317378
0.816991093314379
0.599390217952034
0.760521276110191
0.648294668730731
0.274033649427065
-0.031078262564309
0.964541480944287
0.414656775532315
-0.704009496372790
0.550070956578564
-0.794317921595694
-0.995673463398770
-0.033843280377488
0.750634486168016
-0.197726168181967
-0.316031360421800
0.931471427186978
0.965500005003048
0.206983374270623
-0.813333186486070
-0.580927573178521
0.910484490372507
-0.265547731502862
0.387113919833513
-0.556684548928541
-0.010747185360379
0.962098658262076
-0.683405303986016
0.633075103127281
0.613657379007859
-0.524221978395195
-0.816683969072796
0.093530890135525
0.922898982787060
-0.057987198688888
0.092138399834249
-0.959219778447370
-0.610208185196739
0.370570361057088
-0.602284785716120
-0.634930133342186
-0.463367214139426
-0.884056036721694
-0.437612081367305
0.863330769354092
-0.362473210177742
0.730858988682725
-0.145803353200789
-0.937518709010387
0.924301676686373
-0.342045068503515
-0.630928416924285
-0.261568762752768
0.003857626076106
-0.984088956679575
-0.952400725404293
0.304390566052372
0.728385478500188
0.663377302684414
-0.345109347998777
0.830408041296884
0.641143892604603
0.505608656658471
0.270150488733335
-0.824977440150405
0.208196538038774
-0.283904357128986
0.258801446136717
-0.658043928227853
-0.208816321486369
-0.553883406281724
-0.021908005164208
0.256595553620114
-0.616570700864160
-0.353202063228750
0.078219029949181
-0.156554992023014
-0.152900585815185
0.048590454186788
-0.518760785812830
0.343025408062134
-0.039943308032458
0.288373006134141
-0.239009872663814
0.525170291558086
0.324791794505762
-0.010735235614748
0.011586032416757
-0.112005219625459
0.175197144293285
-0.601986602365755
0.497795651999703
0.272787790232465
-0.320878598375058
-0.202095682188743
-0.166069781194795
0.405672659720796
0.016032793068681
-0.026444652703803
-0.293214223482504
0.369774677160999
0.046391124336863
-0.110313787412953
0.047053720377750
-0.039169095731777
-0.082736231989102
0.017162343542493
-0.077535455095576
-0.598046955968665
-0.144166811659854
-0.485391844521109
-0.150694682848263
-0.910241763271781
-0.312954539716482
0.617566662636422
0.001145254659822
0.035752889753251
-0.274851746697410
0.319953338410873
-0.151668396347461
0.286014671529777
0.146370899369876
-0.633052216551898
-0.199627230103460
0.088810139379923
-0.162850688874555
0.073778382714373
-0.375971192069889
0.070533090618460
-0.095334065740061
-0.723728735104818
0.042287754070680
-0.875863874477134
0.052247822938648
0.104107905019570
-0.229312817649995
0.036807964664405
-0.206471184273398
-0.023767686338192
-0.006867915873397
0.037644584636370
-0.320961680833879
-0.293151026849581
0.177999126108342
0.235121719861076
0.034793638406726
0.019184155457625
-0.593886108446011
0.219775656642092
0.632169840470821
0.060313449531758
0.382205469839649
-0.196128710709278
-0.532437663600668
-0.351172612457408
-0.212801143849243
-0.759811158482406
0.649505211930500
-0.335777134902181
-0.137908571764481
0.105236855097668
0.635190562815285
-0.444198849474389
-0.395027711469817
-0.262202051616742
-0.120652528428408
0.165853046175389
0.003251227264849
-0.009629433374228
-0.002172094457217
0.025392487563546
-0.434971264527322
-0.386204171786572
-0.034812743450380
-0.491556671997409
-0.069439067459853
0.870538538651956
-0.126734058030365
0.305370527447105
0.371174298345081
-0.487172104927305
-0.142907685428958
0.123553531362266
-0.476560876096280
-0.068402042370163
-0.039667692820776
0.009417076482419
0.471820102290259
-0.032444386225998
-0.457817272955901
-0.327363559085722
0.344181040839012
-0.468234869493338
0.081985690457002
0.124324458557427
0.348596271250297
-0.139972384371579
-0.039140674596041
0.152053331610425
-0.335586897975394
0.263890874791681
0.017039721611545
-0.084725743349528
-0.031648556861202
-0.012346647795213
-0.072520178417505
-0.024793043090478
-0.589648965685576
0.003566856917623
0.086019451487445
-0.150223415461828
-0.135863157451206
-0.013469156443913
-0.080750917091902
0.183054812493315
-0.252793532858217
-0.228783856996031
0.267971735965335
0.021624790187236
-0.091234765045631
0.032757872033874
0.183952844062174
-0.168819745197583
-0.279873699637456
0.652909100662749
-0.254704445310312
0.061802254594410
-0.471263572772854
-0.332176207003812
0.067609888054526
0.248816971281895
-0.014330634674314
0.085344124382523
0.606291477861662
0.172808780053782
0.099329228667535
0.150395691083594
0.087950828459732
-0.131271759674000
-0.025895934499767
0.018484670884653
0.162207490863769
0.272380478361573
0.044016531469440
0.733694535220727
-0.085753260444401
0.258644636712803
-0.362795279806359
-0.023509343555053
-0.454623865417946
-0.376740068945523
0.232593310358734
-0.519788052215831
0.174510181161969
-0.338291514864979
-0.216562893457079
0.156551732947485
0.254483733040985
-0.652350831870740
0.483667505013787
0.013509524888035
-0.050761242474796
-0.034044750829072
0.237673806799544
0.081650538817937
0.527319316061845
-0.237471365585778
0.306034721092912
-0.078376029093644
0.013961642124494
0.168750271514958
0.647935961675083
-0.337179632596019
-0.090464911767327
-0.152872966221277
-0.014241394013066
0.008742096102014
0.037149319753422
-0.167347175163075
0.433788054147935
0.056124388209413
0.013751980693547
-0.577152733957691
0.459161791991918
-0.188683294053278
-0.821902398715606
-0.447804605310596
