-0.630988514059007
0.738262624200440
0.840846343655034
-0.279229846831742
-0.782698137919040
-0.017079792939284
0.711439781289830
-0.167641893547011
0.948100741840967
0.027153201770753
-0.444487794203869
0.852782693283112
-0.810074747759750
0.224715722185488
-0.458430997624867
0.853882836798784
0.504635261195044
-0.859957325587929
-0.455494333260089
0.397809805767291
-0.188183482606489
-0.829112918394113
0.893295991470871
0.265968079784385
-0.889078811373373
0.254402179269353
0.877940646555795
0.348585908893885
-0.494358245168368
-0.388500407368980
0.452086949567267
-0.007093123302420
0.828856172614306
0.311974803192024
0.223335003050079
0.237016966507606
0.751689633385883
0.616139882009898
-0.408122194717904
-0.902473568783096
-0.487336813578142
0.864128168408571
-0.207116340651553
0.952597719166173
0.250552502159869
0.029989639197183
0.206397161116687
0.966314103598821
0.838068561646021
-0.544090693669432
-0.942358331521261
-0.196862779111516
-0.527273037318208
-0.134155883629534
-0.635902822190680
-0.727357943894024
-0.242663730715550
-0.781646505314869
0.018860650544727
-0.776792129853069
-0.334233506488641
0.920829944321022
-0.168812081265723
0.938067928082413
-0.283014189726571
-0.842009353064884
-0.786316157508307
-0.098236478925409
-0.966174348128848
-0.255047845322477
0.642396783480751
0.305776997707530
-0.868114435521760
0.240147495079318
0.301816664294866
-0.135561283801682
0.915773634198647
0.262611512429873
-0.103026406026558
-0.638991820505635
0.609216001468430
0.791959381374883
-0.975767343267563
0.085744923872887
0.724504012090410
-0.654153660851252
0.995282628252961
0.078556788033114
0.249084766413654
-0.552278966741124
0.442537840407826
-0.796182782694608
0.898447060104354
-0.353263950450319
0.589009088098057
0.309615426904051
0.311881126059069
-0.899400601794368
0.411021578538667
0.174662938039671
-0.133508665818902
-0.990389444575632
-0.907364080459443
-0.413722508840005
0.598874039990357
-0.623156975071882
-0.943796906861771
0.010202250916491
0.128396227748907
0.301198264402856
0.744985450924978
0.540640232146400
-0.385227633414346
-0.881379503586349
0.899710740019461
0.373747324224124
0.201918071518025
0.109656356262660
0.493297497074782
0.753336595528506
0.964173345483652
0.172564455122718
0.740806932366640
-0.593125164360111
0.182226589561304
-0.982305198576157
-0.943484747545711
0.235555797214302
0.626296786075410
-0.778367505620351
-0.374293478658468
0.458166274148283
-0.329584666361120
-0.587830542762092
0.035448015642172
-0.840768422124606
0.279863466381705
0.900610085472845
-0.744306204212705
0.575319123137284
0.344265785293553
0.418842370225031
-0.459798695600586
-0.839318662999397
0.039835928880496
-0.996674405576908
0.604944124265806
-0.630290856056095
-0.794005231075880
-0.080090428731667
-0.557920487405422
-0.817703816805288
-0.298187348570105
0.381018811605428
-0.681644867086195
-0.571510814699717
-0.084729484862925
0.607392309969611
-0.137176511876223
0.802014138460668
0.561714885124093
0.746322626502850
0.244235290626738
-0.274623671696040
-0.834881439989622
-0.545866107459194
-0.806177351601281
0.079273207758833
0.460609728371187
0.544780248693344
-0.975379624383421
0.085278792626267
0.226497600509833
0.458868680939602
0.877162914313790
0.112144193943229
-0.179003111635177
-0.809679627281071
-0.309493335050407
-0.950882373233529
-0.530352656097683
0.051291478126648
-0.758937725925051
-0.647997269401826
-0.996794014781107
0.078225107167653
-0.695232300051419
-0.711984237238928
-0.427370966262765
-0.307940049397674
0.675486926154094
0.661386603435787
0.682612123621730
0.179633213353256
-0.751293782542331
-0.539243178323638
-0.358994707080289
0.923863006813731
0.733795615111821
-0.671576469096398
0.527666037607068
0.826786678304502
0.337882623783855
0.876659832258688
0.728474158229709
-0.249043239221278
0.264920104751423
-0.840183318504496
-0.886427509343378
0.049090367060000
0.584493602800222
-0.320062520306304
-0.762509298440130
-0.494711104919368
0.686644357845940
-0.320614265367351
-0.842504909525832
0.465187891940263
-0.989098022388280
-0.054820056859941
-0.606709273704206
0.770532128500926
0.436992190635972
0.629198262796723
0.625430802013400
-0.174088624642771
-0.239971305038711
0.305339086389811
-0.026747478987411
-0.236867822217592
-0.249853873297009
-0.390616385983440
0.273067603127097
0.559040239780323
-0.474068379412318
0.490926475928555
0.127189324686763
0.290156100469953
0.264403155199327
0.072685970869359
-0.261958668374377
-0.473982492617771
-0.234426432545834
-0.075956363531725
0.074774842765040
0.015012468675372
-0.079837137399937
-0.792400342185136
0.519920414005463
0.082713412010857
0.188392054489059
-0.309502319802733
-0.242475412458125
0.293298606718780
0.234123209960906
0.229987842729609
-0.036604756277167
0.776747996924406
0.460855018558330
-0.763662051893625
0.224426059453365
0.406573623259915
0.188261316274536
0.926553889849227
-0.221461188922592
0.079304997686258
0.134303805794687
-0.030663000107726
0.124454776404658
-0.017214741485633
-0.111280036117667
-0.193072940714553
-0.935895507710992
0.245812253251616
0.102294411084886
-0.114774206726843
-0.023064407014732
-0.032778593196564
-0.194742825620551
-0.187832513379017
-0.200373950717941
0.814761083311233
0.215726782062802
-0.141562628136860
0.465663956385413
-0.336600853011021
0.612356515422215
-0.145800414537559
0.108104189506639
-0.169332988496525
0.156831095688630
0.258718091649979
-0.426887665731912
-0.169381635989938
-0.295836197743142
-0.533420508374574
0.013908791856320
0.035556590433497
-0.134263526093669
0.689782651135449
0.018545910360726
-0.434007553683986
-0.035563959554426
0.943008506997032
-0.076810420865409
0.294098629191597
0.729649994661476
0.220648812094362
0.039371426532798
-0.010300125237222
0.016026707733302
-0.200671483977734
-0.102800649528054
0.191334656861777
0.011097774534512
-0.055840490257339
0.287644693555440
0.741758216877581
0.311470279388324
0.270627976021711
-0.157290585264288
0.207983492828871
0.365823764049006
-0.650676229178487
0.237062808962670
0.193932837102912
0.754432950475375
-0.481024992373529
0.035954068547672
-0.003389569190459
0.028803594091509
0.068516159689027
0.305281128819989
0.399785818947199
0.143289428990363
0.297676757933848
0.447646778358630
0.832109593770975
0.385717538847803
0.062664164559880
-0.065187376530901
0.265556862183754
0.148340499729203
-0.169789923343619
0.042969700997719
0.972295315591824
-0.418140944489700
0.119581368776819
-0.034122102778645
-0.198562208864185
-0.047297936432113
-0.311721884970536
-0.036821668848489
0.022674470453034
0.231356061678934
0.028711848978312
0.005539495684498
-0.043193470959479
0.223420786025372
0.774642633372724
0.649402813833376
-0.352285659771935
-0.098947205233310
-0.531094482292604
0.230596877569503
-0.239589219675277
0.025322012981056
-0.338193696838970
-0.698831701351505
0.466568742166310
0.281477115784267
-0.069999819676011
0.056962010177990
0.042527137625601
0.473888324712644
0.110480310414998
-0.094631121527736
0.595135419117464
0.140158641812583
-0.020994114427913
-0.841174365066139
-0.241525687890743
-0.309916035633911
0.335689908566328
0.777269287792501
-0.140527401026211
0.336186935007367
-0.474272359545670
0.326164049773750
-0.145244406553579
-0.809749158623882
-0.457424596916884
0.069461289454670
-0.013353020463451
0.468961095213245
-0.351950745805663
-0.656894691844875
0.244013365595960
0.142716119104825
0.144893841185606
0.324604497602672
-0.795468598218782
0.148282087172197
-0.442742954931209
-0.214958636595073
0.515916244892616
0.003419173223664
-0.004989698148583
0.341266772125519
0.774359241363300
-0.042350202599928
0.048161471688840
-0.006791222577125
-0.015375434988287
0.095718903384334
-0.023840856180437
-0.515132253728774
0.676140328882180
-0.050079706633936
-0.322144682361864
-0.626280706876028
0.330975941028768
0.133613313148450
-0.356261041224202
-0.108434622669269
-0.076432176051728
-0.083908816548026
-0.059062271410684
0.122464794015410
-0.151640085600832
-0.260466139707112
0.222396630179469
0.214795949876450
-0.600970519831351
-0.470766126111925
0.047839146217714
-0.321585204900287
0.329270956099154
-0.272917026935093
0.693861302991962
0.062422955171148
0.412242485837522
-0.611313843482305
0.228082010356324
-0.046991944769892
0.267539641443632
-0.067030549307872
-0.119108223615966
0.167614197327623
0.100446886479189
0.419093840109342
-0.487347642447529
-0.366342442676908
-0.666575335094527
-0.794406240351582
0.467012355694277
