-0.007208052947002
0.707070041772888
-0.814129339652875
-0.015127052725695
-0.741819428965845
-0.181660938714829
0.730291465518443
-0.451112500668481
-0.453840093304071
0.707101962319679
0.886360465099584
0.370426647670785
-0.467358771093261
0.875511951541628
-0.511451333001338
-0.850770109709197
-0.355983294737787
0.528810230079906
0.187516353058850
0.977674172426760
-0.262514107542597
0.964765733367007
-0.643037682427782
-0.714582534011381
0.541879601909714
0.687040954561398
-0.538479634105373
-0.698096770201697
0.711990869147730
-0.682836202495352
0.056222035052546
0.344756340054037
-0.519275533680596
0.832392714949296
0.432014768205174
0.628042960583733
0.035797507535985
0.983579485247912
0.427681222642159
0.793888514181187
-0.396948040747035
0.912156040098113
-0.986523469591186
0.118562074316905
-0.549560574569304
-0.689857039855396
0.904202532955702
-0.295548668733444
0.701825543754171
0.706543511777177
0.649415789657546
-0.650301896444895
0.470064172748488
0.454062490779954
0.785320150542900
-0.504733085435831
0.178676844016808
0.972611508220666
0.475934438823392
-0.698414415530827
-0.872994330377539
-0.452067785305380
0.119281535340383
-0.990541121682469
-0.679672670947058
0.687250858049611
0.402489003452166
-0.714491248868304
-0.346843604269631
-0.930791476008020
0.962649752753015
0.106705492968308
-0.391477806317150
0.628723604938079
0.760864696526434
0.239036120730624
-0.961648688252981
0.173143242298673
0.307581399931300
0.937964558539435
0.888955940822548
-0.232139825222610
0.881670790179722
-0.471531535499480
0.571343916034292
-0.088381533377326
-0.648874431889542
-0.751836196397077
-0.834236790966591
-0.480532492471989
0.979595326224340
-0.195621476480878
-0.935725383928439
-0.298433581121601
-0.638052015347892
0.603216093159392
-0.631476771368626
0.212054833488661
-0.175495182322203
0.887165945834263
-0.166497807443562
0.784150906826637
0.717403686797169
0.595495866169667
0.977794483371684
-0.062980054933700
-0.573245004805970
-0.559413426923287
-0.880426824802508
-0.254361094929989
-0.749792052105872
-0.385267799870643
0.187197701812310
0.953024047659632
-0.015027386629530
-0.542499177606407
0.437927632665589
0.639878058264394
0.391357332828853
-0.519458648852628
-0.857110919510190
0.149025172296077
-0.358045664570207
-0.644212684813176
-0.265110733815588
0.829115082947778
0.884360683204001
0.312571817781127
0.891827448593549
-0.040964701325635
-0.682105197343991
-0.016111981269959
-0.534051231508249
0.268821076841612
0.622987515293783
-0.031043286123858
-0.403422830669744
-0.517692586044170
0.220548608988252
-0.903053234220058
-0.027828316078165
-0.999295624566969
0.479849249749329
0.370096841791011
0.469544420415534
-0.823148443085345
0.354931503150708
0.423753633180689
-0.510522445268519
0.198229389226290
-0.998898306761973
-0.028061782207504
-0.437359692303132
-0.898913877226397
-0.451170172451335
0.642102739364696
-0.156885424066265
-0.046153641443985
0.365280941368148
-0.315959326996321
-0.607530125296326
-0.719050978069619
0.455631019490899
0.763475407769915
0.913634192643284
-0.177726680152422
-0.447341128503569
-0.664980411599996
0.608707718908097
0.563847712847459
0.414983828425872
0.092009440786840
0.428115211555673
-0.442955401380337
0.299936317892976
-0.943163270031976
-0.203900860105178
0.707765403841229
0.929711920701523
-0.320560073603953
0.937675244335497
-0.332108697628601
-0.931390040332825
0.080167852937790
-0.598763345461619
0.778518905893049
0.814452162628791
0.576824109515326
0.032967293324042
-0.898572242305473
0.310159869811860
-0.322955497489118
-0.177640609921353
0.943257154837754
-0.751086667584317
0.530543914763429
0.306006271866073
-0.649919446648751
-0.139829689757672
-0.646312662273908
-0.313905333570477
-0.184132771186583
0.604028113826595
-0.796656638000112
-0.356092424541006
-0.097114036592788
-0.144923770320559
-0.148559587556716
-0.937981865770304
-0.345900938604268
-0.079027157156275
0.713643900514365
0.768939939131535
-0.598012612356170
-0.982124702237378
-0.188219591843104
-0.653992399268839
0.509595576485797
0.767921297803917
0.624246565957162
0.815738705108048
-0.485849710658479
-0.545369878608094
-0.055916587569602
-0.388041294676212
-0.657283392422011
0.692681522446445
-0.360528540393908
-0.440277208252232
-0.855154363560067
-0.196539137502478
-0.933405639300578
0.616798210804988
-0.506439237503238
0.176579480491379
0.889096317002410
-0.752161888092376
-0.171372373524064
0.579899845094131
0.814165327672969
-0.375372315422726
-0.698045051448767
-0.563048006261461
0.695744832416928
-0.741122976794507
0.502415248903318
0.707070041772888
0.007208052947002
-0.021229816103243
0.580098168847678
-0.331540046717538
-0.553881246817915
-0.499882830902517
-0.115278109372246
-0.502994677295760
-0.202564407548674
-0.147274834117904
0.235498084576877
-0.012469161079770
0.122061958905855
0.084554093603472
-0.086361795091648
-0.741122664307624
0.210648595722913
-0.094454653031334
-0.008315553252142
-0.014787222263371
-0.009734532329209
0.003090084643327
0.275435641195318
0.422063630653504
-0.237072806262370
0.456503793494420
-0.119602966572349
-0.144301752776595
0.077335159905362
-0.138162128714754
0.926765005250038
-0.187022824341030
0.049977508897270
-0.593327224331944
-0.258627308265002
-0.174591502319429
-0.028420801739346
0.425480639393343
0.076131625175927
-0.088671721291606
-0.050407710747506
-0.022113227475744
0.110568909056963
0.183510347388169
-0.434055747390218
-0.030430171007009
0.306826935745326
0.084203009611093
0.033867761546517
0.308031820170932
0.245932863574231
-0.421396799402260
0.628722248229307
0.358457969484638
-0.004965655108184
0.049424986248143
-0.140209165974575
0.067541800800795
-0.530228082305325
-0.116307051935531
-0.141379935945054
-0.066943854656662
0.010895958268355
0.080379211600133
-0.243455336397268
0.137457652221337
0.555527003156905
0.114786502378489
-0.012280115625546
-0.172112926046500
-0.179712359014792
0.652761936169853
0.159228171008034
0.478794438913443
-0.367018435274515
0.013738386902293
-0.212283948410957
0.156292967268135
0.034477205843084
-0.273170574332849
-0.285037320610084
-0.006734376150986
0.016409660301906
-0.678653735951782
-0.452972340046455
0.060145334083105
-0.100433282407935
-0.019656367600681
-0.269724169271439
0.026979649378747
0.037380921581347
-0.020213377666640
0.186940693521280
0.080651869426701
-0.471715217712967
-0.725556431284989
-0.172735925148598
0.401556525204497
0.144535056645040
0.270153489876485
0.533294409634121
0.115607748020046
-0.342566011364819
0.170232801403927
0.104748528842279
0.266676967631803
-0.536031880747455
0.322469571840546
-0.236986106747138
-0.402289055008215
0.357133192523878
0.226762805610703
-0.072669216386330
0.475386227659682
0.692442600147446
-0.152500614127696
0.612796068680582
-0.347123165898458
-0.675653504297817
-0.024720669584722
0.492484779636695
0.621559316325098
-0.265438006129030
-0.481783980238429
-0.100839845447508
-0.345794998266974
0.025116924682341
0.149303683656478
0.425057766929424
0.395966685071229
-0.614559426035899
-0.102690276861342
0.794971205647336
-0.496342573355233
-0.603793772781581
-0.644867113698139
-0.391651390550247
-0.349611254670860
0.116726765763074
0.008357870741488
-0.023748379781238
0.738215994908196
0.296327808470665
0.136996782394231
0.288420802849657
-0.768308360631813
0.322736346606020
0.787228174572114
0.283449719145886
-0.014139003689559
0.034853948156121
-0.024178778912953
0.009258916167386
0.409061066544653
0.465637832900139
0.012879812193030
0.986453706736855
0.786799695569388
0.384299071829677
0.071639655637991
-0.329758392667457
0.321728264903978
-0.325571189404287
0.092431510335590
0.353754441798453
-0.018089802076514
0.597795722632979
-0.472018311133513
0.297908347672664
0.586063251691606
-0.689820665077352
0.702299663473578
0.356767516328947
-0.137209838938908
-0.040678143637014
0.557594001763683
-0.382859636904953
-0.091025449679976
0.156816297708725
-0.101223816223478
-0.014922739324810
0.276861687924219
0.222336038203248
0.120548156626499
0.144426144560646
-0.022481241977391
-0.058619239420943
0.432167245910172
-0.068648047979658
-0.836416389806464
0.316082623158832
0.197268928826771
0.199486148074733
0.108162866112215
-0.377746961177681
-0.047134555013199
0.694077235017917
0.252025830992995
-0.706548357127081
0.929381955955040
0.061706920813960
-0.022024037429044
-0.001783427253375
-0.876991228765515
0.307657981774429
-0.717949608018618
0.664436234778752
-0.007615880133216
0.022012690170497
0.629560153928892
0.296851990519635
0.215852755317330
-0.067230004412139
0.000363126675766
-0.002079096095682
0.166758614820588
0.533664552418291
-0.003744760372162
0.143523803041843
-0.040983071287883
-0.311192563390468
0.623692891768184
0.557182382617580
0.365205810309884
-0.532942034172688
0.280064827437794
0.558368312545539
-0.255924866350617
-0.096795956326783
0.277359898190813
0.114881533882706
-0.540923692784802
0.265482248839650
-0.288439053832262
0.308432064459088
0.030915095164130
0.635553507255710
0.024800828944321
-0.015359289001890
-0.209124410648344
0.572796396490981
-0.194444813819798
-0.401381720048034
0.303351183615956
0.326027161959650
