0.477982653887967
0.521087883741520
-0.467384205757887
-0.474877567343102
0.998816676686145
-0.022467445819254
0.834906408622103
-0.147536637977927
0.194371407956768
-0.790707358843798
-0.705769652577602
0.705362096241481
0.426686174325151
-0.248803189584352
0.440656300496310
0.861261389103240
0.181331535908871
0.906248615718501
0.965407687533852
-0.031359166333903
0.523206386104872
-0.020560236805268
-0.513709374265152
-0.776912265160280
0.852872054304637
-0.395222815017009
0.053559390363133
0.990801590362878
0.839301285913141
0.004165410079745
0.243415820163415
-0.919495010460654
0.724726217031022
0.676284959122332
0.685448988782149
0.335401939885814
0.940259920043999
0.318695932818482
0.371714113040906
0.255461773114151
0.773942134361458
-0.073815820405353
-0.763965182852094
-0.205761958770762
0.658897817844266
-0.007609749479947
0.922262948653770
0.183620483551269
0.990373596698449
0.064511074099298
0.505658820844105
0.562912935717621
-0.694428752260156
0.687404600419401
0.758575686225629
-0.139402283832431
-0.979561778940669
0.196835458301762
0.932775088719793
-0.356490222315197
0.433714816869977
-0.553314245546441
-0.807792989670174
0.297053318866291
-0.217250118517345
-0.893417521621076
-0.344471296714620
-0.895072207554304
-0.284116101472957
0.948534539157107
-0.303753759033042
-0.497621872012547
0.165239608921417
0.960703792176459
-0.834263917177250
-0.533230525922972
-0.107032572340293
0.980855888830761
0.692928066863199
-0.425364867105420
0.749876229608386
0.640846344583986
0.020486581269788
0.925144330097026
-0.928622948007067
0.347714666515819
-0.028095522344751
0.850182963033781
0.118403792255159
0.761929808392814
-0.430038625786469
0.897388881832318
-0.949830267829147
-0.249069613152336
-0.988210465573884
0.107757475085271
-0.944464068330761
-0.089305160542279
0.379110260237063
0.266286014709652
-0.046879757805591
0.867414321653612
0.968591884745929
0.226277758988187
-0.915921979080673
-0.128750130114360
-0.071168927241854
-0.635330523754416
-0.881926335664736
0.280343381145929
-0.360111842610392
-0.840973309422050
0.563335586564463
-0.766835530851188
0.765394722054915
0.475591592714825
0.744977552106398
0.499889479802385
0.844919118068016
-0.094648140877442
0.049223121572254
0.648043812631390
0.751798594912132
-0.018922613260146
0.104468987041503
0.499354426279765
-0.307238610291728
0.864950777229247
0.215041686580641
-0.807937489847708
0.744099881533478
0.065221752975882
0.714186306406197
0.592947432528252
-0.548244524612481
0.655616490063152
-0.235848345549817
0.948647939850801
-0.898660410713061
-0.385988217575009
0.278452318955133
-0.834397224861373
-0.293964250362596
-0.852792199699118
0.658038011830340
0.663607278381949
-0.888036248793931
-0.281662243663437
-0.236291915252061
-0.841795781347375
-0.423995827590353
-0.905152603496478
0.882708502833110
0.469223493052980
-0.425512487031810
0.365181066703496
-0.621425211350023
-0.760105947549517
0.878241179042929
-0.252837467051435
-0.106267100050800
0.231874800732864
-0.799801299163083
0.586781771172962
0.421210310051259
0.858655551675430
0.711279582622573
0.567445820936926
-0.176762643411305
0.984231161489211
-0.792598203715717
-0.609394577294944
0.482634315208236
-0.872991823867089
0.427616152841565
-0.006771308361247
0.864847002845465
-0.502023322198230
-0.778569644609565
0.622506297520805
0.042413933882136
-0.790722273748849
0.632243664652363
-0.768507277508939
0.533610971257382
0.771878302133981
-0.247616939989443
-0.478987026717098
0.004989932310477
-0.787724479202795
0.891177792411457
-0.066777686197283
0.532123175755090
0.823331755551887
-0.084192424747204
-0.762488637847353
-0.713337680059935
0.660614577305739
0.657668340582659
0.689030801660354
0.576385990367633
-0.763530585285478
-0.653114243410541
0.597227960547203
0.610917332047970
-0.387704523770613
-0.192420014670347
-0.981154459317730
-0.842044519398425
0.507829619057966
-0.211191357029904
-0.320803668983143
0.181837816669020
0.776596824578167
0.589210065249112
-0.381466682612207
-0.782379592312194
0.384856723275567
0.020425735768042
0.964583051715273
0.770723899184868
0.256938124466765
-0.559408314356443
0.688330920554932
0.147914515779270
0.614549115707260
-0.988713371351304
-0.142764700969858
0.597526854727099
0.793136868926242
0.825614698744215
-0.203186996030333
0.333127412768436
-0.942141984831369
-0.882077284090446
-0.329600226559448
-0.612011981231501
-0.457966338840297
0.857444068909026
-0.372949949551926
0.369947883416387
-0.907648661803103
0.521087883741520
-0.477982653887967
-0.667424571049481
0.332547353322475
0.019408323263923
-0.038519829180399
0.150807632895087
0.508351538953599
-0.407949567792236
0.413011838301637
-0.001399950910854
0.065966285508298
0.449262756764543
0.744445335049352
0.249347031468476
0.043323231305175
0.362559681363205
-0.119928303761214
-0.026480755773638
0.257494405980091
-0.067126124549983
-0.849309388623775
0.225569757586714
-0.285706659876698
-0.216915480079057
-0.263355007505632
0.092571826620433
-0.082909933991515
0.501470831721683
-0.209959533614882
-0.258118913051749
-0.169269876106523
-0.093381179794425
0.093222956791824
-0.079853188557754
-0.641317932678887
0.119734665536892
0.002791958556234
0.158811911112855
-0.878263444265028
0.328429773682975
0.536375503799778
-0.408016672148454
-0.455567350631590
0.477796727942366
0.580952703858486
0.138741380116765
-0.310588797293379
-0.065149432171878
0.103701551429156
-0.405118446153595
0.513144451680436
0.129981346316758
0.168370047711371
0.059742031240009
-0.633688268183131
-0.004608270587779
0.041149573945762
0.007433804335977
-0.052821338590937
-0.673016176046814
0.229747753160154
-0.426026663213908
-0.278802965947400
0.249692422480596
-0.303745308145533
0.232650677078270
-0.161427790230296
0.118293124746187
0.074612368596683
0.700578329284395
-0.411456110545353
0.202591768458395
0.093277385759728
0.056467553982852
-0.128375769003243
0.162419329387670
-0.009258252831825
0.119263666476662
-0.569817165276865
0.104097575314226
-0.127142824081238
-0.223099148914754
0.306455605644135
0.002970893790927
-0.129402878308559
-0.517966687497394
-0.090055991662142
0.632011068472839
0.077495279791136
0.098788510488500
0.000897380014795
-0.082711147450191
0.170134229969247
0.022075780847783
-0.106494423297448
-0.162291001483934
-0.271429259237039
0.697501235372241
-0.546680158417365
-0.037236065171478
-0.493971819387340
-0.024594423580309
0.100116187104609
-0.347208411142763
0.154779363818942
-0.757996236523605
-0.129351516408713
-0.352645677025795
-0.138760778261219
0.036066032990228
0.402222071641800
0.132027653706365
-0.277821856935414
0.112727809513070
0.418659763234826
0.293461615999938
-0.330150321482752
0.143580390478799
-0.506495888257315
-0.621969202722591
0.436772952547978
-0.377380245888360
0.540393335829368
-0.508690735836822
0.693516490773739
-0.230693324680602
-0.322870220466893
0.312056666495122
0.451236880614927
-0.481170959703907
-0.458842017232771
0.068282297612888
-0.365634776563625
-0.497558947312863
-0.148425244276783
-0.117277042697815
-0.175182017839446
0.038062266641561
0.204875147268784
0.423051586466709
0.217423394325791
0.382910678176247
-0.199273420655399
-0.027420021869236
0.354766821258086
0.133169147275096
-0.338118292224046
-0.483376062331369
-0.043515234772380
0.024478863673910
-0.018085568908762
-0.008660814259441
-0.024083249150681
-0.600436844280121
-0.570138148111692
-0.151682495198141
0.114289438921077
-0.305689112482840
-0.267057696383673
0.935764075721662
-0.243489167768654
0.047299404764100
0.117336273952803
-0.267789533840118
-0.116538765435278
0.412670289428845
-0.042306357302289
0.006629104585385
0.000208854595898
0.011937877292453
0.016847068465660
0.053005175393120
0.046258454645993
0.388467731913163
-0.816205486672504
0.003133689040789
0.001557443823865
-0.039798927961691
-0.068784179667811
-0.602684671853081
0.098643450484236
0.091211395230597
0.036674163969160
0.267392701772711
-0.219007673580643
-0.618971693770872
0.571079085221475
-0.500718972122697
0.358811588994297
-0.124064371542114
-0.431220262340070
0.147460571979972
0.131244526878282
-0.409666310764049
-0.493655980004140
-0.092700266225008
-0.214812464954159
-0.181432658481781
-0.244522184258966
-0.067023269817576
-0.283386867628865
-0.043627585748762
-0.463526894534329
0.226111362369776
0.652180088210670
-0.017288360254938
-0.003402574744547
-0.144084014102796
-0.110949998821725
-0.225692775272268
-0.895291007367282
-0.040217493991472
0.601842947670900
0.481068885847395
0.525249841633028
0.160420917408317
-0.462636580201861
0.261131881301304
0.031184390807362
-0.492481984686509
0.312136134050532
0.061581132728112
-0.457679632197900
-0.695836557965904
-0.340972381584449
0.014260756523337
0.043136299001048
-0.117245206729997
0.012211737331627
-0.322011335531732
0.416394180615842
0.029469076422131
0.022938631498930
-0.244831270414315
-0.231000009893714
-0.602553867448052
0.229427557502803
0.200474118376465
-0.292417734898429
0.192240867991109
0.048537809559113
