0.017885444803786
0.957772127585538
0.937354360588766
-0.259376841426465
-0.865009964556973
-0.337303583593209
0.080847836663126
0.985815529405714
-0.550461585013591
-0.279000620993110
0.215239607916782
-0.892943087193471
-0.349596349129705
-0.448578636329129
-0.860694493727351
0.310248497974021
0.663725408632041
0.572688147081199
-0.741571825731874
0.638517517921577
-0.577404469774843
-0.666200588431912
-0.955086875950764
0.088806512786161
-0.538421787597719
0.638546381220784
-0.376278605062471
-0.832724999481279
0.404499520540331
0.913322108798947
-0.970287970763349
0.225790721772948
0.156384759240013
-0.940368650895901
0.913328931343134
0.398907712592763
-0.748100810879761
-0.662914501194048
-0.744686435439017
-0.167557781760990
-0.628349473390350
0.765179753440365
0.614485051264199
0.754688621116215
-0.821859438715239
-0.252734962560719
0.622193809751544
0.760031806449632
0.266057744583335
-0.864275130307361
0.423857508649174
0.693231400614347
-0.876156499049571
0.435234396557720
-0.979032595559639
-0.186775333818041
0.802208023461649
0.017099386249532
-0.082186651074560
0.830640222091388
0.903472576236332
-0.427903694284038
0.199481966742425
-0.505205339540021
-0.733466755578411
-0.638262078548289
0.674759612840184
0.091273565768225
-0.210606759522742
-0.945898026175008
-0.420510683365571
0.846870795507253
0.446850654181018
-0.076408802108985
0.293850503324846
0.349016076893580
-0.362329677812299
-0.893300752014317
-0.914471370499067
-0.028713229321814
-0.326358108205516
-0.705879411679434
0.076415233855916
0.756321923741204
-0.025999029956682
0.780439857630546
-0.367713726057537
0.928023581107013
0.258356842218090
0.955998097425636
-0.080121900773571
-0.264235882716073
0.609243261756885
-0.591505992563096
-0.681499150620848
0.669894946881019
-0.763395824146945
0.575606598389439
0.209233486538134
0.427274932559739
0.724974150402525
-0.383379752824233
-0.297847614571399
-0.553601052396424
0.432219783627032
-0.880318966490388
0.747559532908629
0.591358736880469
-0.511947711507096
0.858668881808776
-0.351067339316673
0.924088737901762
-0.645639610813783
0.763010589480147
0.096078843292752
0.862528718485471
0.206889824814273
0.567941299609150
0.512699752953065
0.830178510942897
-0.181656612916259
0.789678521632594
0.731709234085216
-0.669113883797259
-0.850617522139926
-0.500726010161141
-0.762315787327518
-0.409493264462836
-0.531575950618933
-0.808540327183720
0.624334486738531
-0.545771428600735
-0.333043287783837
0.826205090396791
0.952242726487265
-0.186555472549987
0.565379882794067
0.269881544150618
-0.917398350139864
-0.326471808353418
0.112934177071414
0.963664549256190
0.965387351581103
0.129268027728159
-0.512775836688753
-0.725670860684550
-0.530689925389097
-0.846170556455623
0.036885192623581
-0.377144801302879
0.546960996483219
-0.751187258885749
0.503768352032026
-0.835246365064139
-0.087131459312710
0.543935545604321
0.520108592464851
-0.538181132356806
-0.063640181444332
0.996476856558866
-0.917419830771476
0.363901551924177
0.379223370045240
-0.634895832396435
-0.650170619007706
0.616949835070835
-0.954401939603612
0.290724620934278
-0.513286565527909
0.271368833861458
-0.587047140516403
0.789691353000886
-0.264940876753879
-0.914525622657758
0.675682189064370
-0.442948827030376
0.356027134696598
0.673659556560913
0.752292259767641
-0.656658386676853
-0.996023020493270
0.078796878899228
0.930989483178368
0.356667714602945
0.993492398759772
0.020987606473543
0.177004004660744
-0.740115753442806
0.581154939661838
0.409938788962566
0.905489124123258
0.308094828700057
0.843853413061771
0.536167906696915
0.953148506245869
0.126683504313609
-0.116452659792881
-0.836971067801261
0.956297774606339
-0.104895807365108
0.780145058994383
0.339948732871789
0.635548071606145
0.032540771894724
-0.824043741077007
0.271491806811510
-0.773263555990239
-0.446681461554519
0.380526029847423
0.523679742271426
0.449061174658135
-0.815276053540987
0.995103410809501
0.084956343164225
-0.305346303157431
0.913746478672749
-0.816954051683631
0.558004624366394
0.953621062487085
0.024853902083210
0.120305442995669
-0.948384735232978
-0.199489489974216
0.962235045992240
-0.513798011774295
0.402765837739799
0.263410597064489
-0.945663961365422
-0.216135427490798
0.976328205412138
0.289523561326758
0.671467058744924
0.939524039137723
0.253467630522773
-0.477063738183919
-0.288702848476355
0.757208229647999
0.633247604856962
0.255067433462362
-0.605282754595996
-0.652243453004467
-0.748063307866529
-0.530176159373042
-0.406788930738667
-0.531440347765797
0.656670646929015
-0.401046799686769
-0.865691045180583
-0.834000913754647
0.538594395920398
-0.775175110067799
-0.148255254378435
-0.217902943439231
0.186737703008693
-0.017856581038615
-0.231887040022653
0.105182860503394
0.356259202784500
0.074523172428254
0.126797736812032
0.234237443833490
0.751188070203552
-0.367562281598708
0.145679522799791
-0.200301466296745
-0.797771221782069
-0.114205453814401
0.387179509131527
-0.041423230929970
0.479354758053214
-0.131448406844067
-0.158391675684427
-0.414716466201817
0.225368824192886
0.044247724018510
0.279221420368412
-0.483532327166621
-0.261833890577116
0.388015923258669
0.120112988093991
-0.044778777141284
-0.014755493194706
0.005022066750764
-0.086801973472641
-0.264584504938202
-0.145758866750099
-0.022091713529339
0.078834359253794
0.007004323989186
0.028991038497176
0.041139580210598
0.644727878708966
-0.112420868319617
-0.083895366864183
-0.220628441502245
0.064624281279025
-0.228818038450884
-0.456414731328420
-0.153102398552053
-0.108564137031419
0.423345072224778
0.054961127193874
0.215712880544205
-0.541519150844463
0.191733675832187
0.078479339817012
-0.003264557006985
0.081237270858047
-0.166380470972754
0.573138235474242
0.206265547420387
0.510623833929132
0.025156116379618
-0.001703589050550
0.549280005779358
0.635032270909010
-0.231180931357311
0.034690265569225
0.333793155676287
0.651882451286569
-0.243096343365385
0.042730372850387
-0.324849219217776
-0.021298020235077
0.077901451120710
-0.887928798796138
0.609827566385996
-0.648035492115427
-0.209300370920666
-0.164086336297580
0.015703727718156
0.403325000384585
-0.408599739678385
0.477777033887532
0.607819619412548
0.229549929122915
0.610570425561705
-0.132066023232034
0.038213600629888
0.045810144128767
0.057378769391821
-0.126598011914647
0.844215434814483
0.459412863253394
0.136974853455240
0.510079599951512
0.131252194840986
0.263766050119730
0.285162402952372
0.067721957354873
0.790882357080279
-0.384918923120583
-0.534589744384316
-0.204074132539325
-0.720517438832189
-0.292689756599718
-0.174976650692491
-0.087222403034629
-0.181533589707693
0.241857695516203
0.022517481917303
0.009500268628756
-0.066183618924543
-0.135762499734984
0.003773676684996
0.030823573019066
-0.493244015619857
-0.059358291034499
-0.301989685478943
0.737184855006476
0.212658292714457
-0.052144547464455
-0.586009771501386
0.001120339612108
-0.075755784426842
-0.105590096079362
-0.141633872872368
0.075253835993995
0.346038847804825
-0.362556233653078
-0.003627252888804
-0.252341813970064
0.555120473937435
-0.064662630688255
0.443176246694825
0.100310176104175
0.080240524366735
0.228018209279658
-0.755771501796370
0.190575384903466
0.108560639211649
-0.200027530917778
-0.076663387468744
0.229606692363013
0.057928869399144
0.219000649552994
-0.443782235340890
-0.116275839525406
-0.047589324081400
0.009942268934795
-0.896680438152396
-0.228835035014658
0.369240155214845
0.014597198043291
0.032219809572530
0.218043209041669
-0.282546396233038
-0.785308706816556
0.492270296935834
0.444430057010193
-0.043127379111621
-0.033523586014265
-0.048120060509518
-0.153626086297126
0.321346540975814
0.591467089718480
0.423423411810892
0.131771322812020
0.007889224578826
0.067334185960990
-0.450174828716251
-0.678408786239927
0.105055422552207
0.143967287949454
-0.005936203587650
-0.305637004981878
-0.261964825477779
-0.527848791062357
0.549407686387005
-0.342897470612956
0.005274622777873
0.053181739866240
-0.037359878908611
-0.018260174455265
0.044543305501083
-0.063738665707903
-0.031416399855233
-0.107449447654242
0.588596076010769
0.272860611200245
0.492427266798181
-0.501721548594660
0.250996722748118
-0.148888104939518
-0.011470374173236
0.017430536669166
0.138473958192012
-0.237242866444344
0.431604142199974
0.315651824209216
0.221989292799385
-0.158783468165345
-0.478084203538981
0.217356942083786
-0.632363138388999
0.441742694392359
0.020046051912323
-0.496832232678960
-0.255737444385150
0.370320812836927
0.750597526686638
-0.132524794189590
-0.365287143984877
-0.015307526797669
-0.024747965165316
0.044035891856948
-0.245639680098439
-0.107201471176373
0.143434586121396
-0.025366042805333
-0.244889062267257
0.173258477178191
-0.085472392956308
-0.280691047960233
-0.130068241744391
-0.131870816118134
-0.580664959087495
-0.486435492469924
-0.136230556247270
-0.133325785478079
0.006320737832320
0.005362888525628
-0.210265383024759
0.648919536736692
-0.229801615330894
0.015490569738426
0.760998821835324
-0.331574498652828
-0.042342303042830
0.154403035168656
-0.278269615925810
-0.700813393299607
-0.056706323630474
0.108462704635797
0.700053705095474
-0.251715744130244
-0.535030879688654
-0.009837479757695
-0.230243835220383
0.191646171624062
-0.092631368206311
-0.076013039432601
-0.352927414820044
0.502559616512311
