-0.887187642128443
-0.336655894520211
-0.550780849460238
0.758033691982260
0.604102545068183
0.279436272900176
-0.357063993286847
-0.610332126549185
-0.448673976578074
-0.546526909439616
0.388213620658596
0.910277958218393
0.735083977157753
-0.610373299895020
0.086447891573387
-0.812385823195904
0.916248153166767
-0.365845419821506
-0.118257330955839
-0.538844681367389
0.951670250131863
-0.074897959064617
-0.375424403150717
0.920360052101458
0.687335697782074
0.641997600578356
0.176363499265148
-0.894038011866044
-0.245445483468606
-0.198286184552105
0.347721911347173
0.033389370414424
0.735500061272894
-0.126550955339623
-0.610332126549185
0.357063993286847
0.546526909439616
-0.448673976578074
0.044099739620304
-0.136892061429138
0.188099640517645
0.227408237621983
0.294323864054937
0.495912794108602
0.088513950985447
-0.137155864238688
0.640535147699385
0.534206268775465
-0.014965296664070
0.297472806551570
-0.108217927435167
0.016815831717923
0.321402499665694
-0.110041594929854
-0.250989424153021
-0.326490824417622
