0.915710652037931
-0.059991365570903
0.575419290528983
-0.723031362273934
0.156302426709939
0.987003088041894
0.909994500607096
0.010237160819661
0.913308068708148
-0.316956726699798
-0.213781179411343
-0.885062140979748
-0.343817307470627
-0.759047320869842
0.703170390167530
0.356877223845583
-0.521922261071943
0.677270479012645
-0.605708428384630
0.596035958822872
-0.873667616636651
0.431736676045136
-0.553892690601092
-0.832412244554614
-0.783468173821245
-0.237622545343422
-0.474687271642916
-0.532584615338580
-0.234225564642792
0.921232620389217
-0.212351367628581
0.938733129060251
-0.917004433264307
-0.397473236012393
0.436315111494972
0.608366302275794
-0.388285307480356
-0.084318193743057
0.349970406002866
0.153749810333571
0.025079103095891
-0.027667565636595
0.259669065914574
0.323074582117268
-0.087001566475086
0.240494350169027
0.405030251495857
0.083145109940648
-0.320042157769994
0.450788022260895
-0.217855722120999
-0.575090370142860
0.365418101631552
-0.367928610814007
0.241462773383409
0.468566072869039
0.084032893610377
0.207958676158024
0.015987859289945
0.006093502240693
-0.359383018743831
0.447835898954391
0.560126865303615
-0.421050491520918
-0.202415704556034
-0.235577432169694
0.219528794480072
-0.159668774233247
-0.014244475237172
0.030248817376252
-0.635872332681999
-0.187579162664620
