0.496911910371864
0.176750164865598
0.677706374335073
0.246129102083540
0.012407538436736
-0.999922731733515
-0.083589228742005
0.874040716900946
-0.190692702205262
0.835449072364682
0.459638305114886
-0.873651304195218
-0.719964823723205
0.659255023480030
0.483946187261285
0.816509889535151
-0.680534366184061
-0.726669364480643
0.149537131536108
-0.774137404633284
-0.929602360538915
0.317206068412471
-0.693642888230593
0.076641527847057
0.729415577908193
0.508694103285054
0.437557048941875
0.720451313334775
-0.976936608614415
0.136998390265768
-0.907358518486782
-0.351496242370128
0.972025063075694
0.191258030244947
0.106915844409868
-0.818681493208557
-0.127089048963075
0.944637302461649
-0.494013194758861
0.796822960913492
-0.516282524163136
0.225781460450786
0.613794747253150
0.618635905903591
0.255164367677926
-0.948089932603123
-0.671214194554295
0.135399958726051
0.901543279067129
-0.149922461575947
-0.664608591673699
0.417996571970653
-0.520210380259035
-0.818210386011579
-0.193511746416627
-0.954069849830925
-0.283968198146635
-0.955091472658109
-0.848615100952532
0.503701609433840
0.316731002301315
-0.624827465865548
-0.859915926680707
-0.446105090880094
0.799645123420582
-0.106011484344380
-0.888668292304918
0.165642134980483
-0.849297799573614
0.023047346701653
-0.303138999303065
0.623090107765078
-0.000108754908990
-0.000756124921292
0.294144444755744
0.377550939155146
0.507755185312905
-0.088576591707430
0.158735206921143
0.016406133999539
0.080323826828855
-0.201448627349821
0.239207838186392
-0.204663866563578
-0.037414983676947
0.086166873937782
0.570477842926647
-0.230010773159337
0.060840037181228
-0.177533803312404
-0.535875772162638
-0.475208140319047
0.198172862144524
0.412202305545856
-0.529829003291808
0.093674763443980
0.153307810423358
0.057645633631258
-0.146682792671250
-0.177862499879307
0.074422460254382
-0.114231957127600
0.496317711774437
0.268325071267890
-0.286091118046150
0.098288415424928
0.293935376196457
-0.186080968896464
0.270262413112217
0.780662100667897
0.442275723679724
-0.211985396701899
-0.188234729570153
0.024172541194113
0.425895452319895
-0.591397852464011
0.084641506196440
0.396961946428993
0.375217233913959
0.492733511208891
0.018933327063338
-0.244037811864977
0.228700307260838
-0.000308384795256
-0.083697476668396
-0.012532904550095
0.157244589077035
0.037566451723274
-0.669911521713691
0.245948496959198
0.067142316238684
0.238802756059949
-0.410781011647101
-0.424956706320736
-0.163352990483314
0.395154589839378
