0.993305756189726
-0.044249694582995
0.944659449533660
0.211177462611064
0.675948882156964
0.525906583592306
0.596048447946293
-0.753935849936739
-0.361875391354164
-0.859691874039796
0.637315069159896
0.432458124013691
-0.640475011487761
-0.753370099810225
0.930066530849611
-0.237909104265127
0.406698490459152
0.653620095665001
-0.813788008306584
-0.181939921485111
-0.152963873326614
-0.798333762919597
0.570128058933710
0.616140853134616
0.262739421118040
-0.909745814209894
-0.124106749042653
-0.896971170175760
0.801863964447617
-0.262354632717571
-0.872400489851275
0.480353352007748
-0.946132999835844
-0.165367426628728
0.934431311018713
-0.305748962050288
0.904853702456494
0.403985629063359
0.450735706057951
-0.891579915882399
-0.139621009033174
0.934097936253759
0.717120047399178
0.663358802347941
0.155823940499906
-0.984650659660859
0.837502643472263
0.175040948135484
0.826844190613764
0.494982196854514
-0.167189197534316
-0.607260391152624
-0.929267084983429
-0.017757155124597
-0.137175503423888
-0.690635393004095
0.702526597944283
-0.711465438485525
0.128236957671819
0.976186650419332
-0.734466616865983
0.406213606278483
0.655566394851426
-0.620465878533704
0.526581569196981
-0.594272551294938
0.391231112832708
-0.192254940676240
-0.239933103825975
0.708259981324745
0.760170913464746
0.214421843922265
0.098976135517979
0.039866826404847
0.155246654904661
0.197284261492973
0.002082423721177
0.516247070264293
-0.239407755411965
-0.137807505345636
-0.226184573568842
-0.280742981250993
0.304138999921803
-0.560632626880420
-0.032164848169040
-0.145570171786483
-0.224184081393549
-0.167681257005261
-0.554858780743815
0.315450220847299
0.239471020348904
0.497293246404423
0.052495822200484
-0.580094341543728
0.068639328650714
-0.539085418164327
-0.321302061378650
-0.009774224877915
0.418612178404508
-0.069311462306204
0.189576552514960
-0.502239942605646
0.067589094490452
0.060081251885566
-0.203872395977879
0.189531018543292
-0.010328748818888
0.182343122000413
-0.045417014608225
-0.126383082115974
-0.038456678023188
-0.021063256989275
-0.290406316639456
0.153724398125120
0.187296600062360
-0.103023883496918
-0.051951477828461
0.059017132664639
0.153241187058016
0.494436171049259
0.081106729117244
0.254446473226199
-0.627703713703818
0.457461077434385
0.130731909187897
-0.345045701506872
0.414269477894378
0.576703073405719
0.013185087872376
0.009973087747997
0.167573778415361
-0.050338206342322
-0.317869503130783
-0.441030921549790
0.430224967508631
0.012699324749795
0.248351659714643
0.554863441647071
-0.401719140648996
0.805355813397711
0.396034939387381
0.532875436970725
0.436966908504520
-0.430375854391429
