-0.875639820132053
-0.378452460807444
0.746722369338028
-0.559319385327888
-0.825834105376169
-0.406157181518152
0.861685983637399
0.500709411299029
0.595199273398070
0.581761009526976
-0.728278437716393
-0.204652387895292
0.820803931354093
-0.070574176774066
-0.429114646437511
-0.902290899755620
0.120118981026269
-0.992127698655894
0.873273338016725
-0.142439177419159
-0.659857958386420
-0.749612410308190
0.235952045883984
0.765867230524648
0.889069133919513
-0.313770109324907
0.917932737937045
-0.384687102885370
0.117732778404926
-0.957488615394907
0.433880133375748
-0.550213525957685
-0.884254844834080
-0.131131470280741
-0.986158366475289
-0.057451914678382
-0.771146241065017
0.407109176604733
-0.358903520796448
-0.752279935835683
0.153303825035971
0.816047450339804
-0.968849559252574
-0.236496152224507
0.322959196798049
0.368889901760998
-0.988130943625466
0.146640702563441
-0.590631080994129
0.798469069825338
-0.371778498300258
0.924520514459606
-0.797342596290867
0.600659866268920
0.443074620796207
0.850642685613785
0.239834632092768
-0.828756216048773
0.406572645394682
-0.442382857391861
-0.762145163642459
-0.265443085049742
0.457761496560793
0.638750135837505
-0.925282757070613
0.131781560562299
-0.368829634396931
0.783732439614273
-0.506448288982392
0.079952640613417
0.160910614817119
0.986965680783402
0.249201962540013
-0.048439695849997
0.094325225482543
0.850777041881271
0.562638982760585
-0.569794376400878
0.574141142310579
0.770484696347809
0.175201529668279
0.732294628299966
-0.276914320727651
0.200414843768237
-0.284675360803264
0.094808118109306
0.179480465703691
0.312016491162601
0.335714352580074
-0.200823922306373
-0.022824958115899
0.079160421464487
0.510001636372907
0.217233247081381
-0.183555317759141
0.627722361086863
-0.369159839295684
-0.430140912838472
-0.035021864018808
-0.022477132193659
-0.029754719530800
0.019201995276889
-0.062718034417329
0.461704674011545
0.016888152868946
-0.048821095427355
-0.593642722943904
-0.073227964244651
-0.187746563088602
0.275418992907644
-0.017697049633252
-0.095405114807018
0.260383489950044
-0.039433265647606
-0.650328240933803
0.293404643383501
0.383707785489073
-0.231659755340758
-0.000077686416943
0.155534393930729
0.187555256504749
0.452126773121155
-0.071040383415745
0.547920089815220
-0.481199559812888
0.281089807106428
-0.020905301533566
-0.070449058807672
0.041209194570343
0.870585664863133
0.015911645161260
-0.042901773271139
0.109439016497110
0.040313426598489
-0.081853026352724
-0.018510770428353
0.004784025822723
-0.058562977134622
-0.282978551425601
0.003878305188212
0.478455201023900
-0.163472028869240
0.698285083830275
0.389093861687291
0.156013009805443
0.569503870844731
-0.586103233978503
-0.197321249119127
-0.113276303506256
0.337125968782483
0.492539561976871
-0.084456756831637
0.296092736053323
0.805882620176293
0.002369700076175
0.000950534839521
-0.568800964933756
0.782315435117187
0.287839896239317
-0.429452408281012
0.426461971306077
0.420597112127274
0.144510297459918
-0.236288076991148
0.529198285141408
-0.391149813202439
-0.273240015941916
0.899161967090111
