0.409891153715638
-0.416527878679605
-0.634506060144786
0.714496079653719
0.849316587139618
-0.331557918275712
-0.202360439836960
0.484979849325421
-0.515393810564603
0.734540248248869
-0.943088289672793
0.281424547326337
0.926214978430019
-0.085885214917300
0.451978475608380
0.683758850038833
0.392109162485272
0.840531695145616
0.445480550481267
-0.867548011937998
0.659448037783749
0.286330704260441
-0.572932413759930
-0.775851295719796
-0.819730907865378
0.146730785735443
-0.078318575853584
-0.995439716133286
-0.678568739159875
-0.588008539771450
-0.191499851404086
-0.797833971693426
0.207248908839200
0.696357711445167
-0.455277222545733
-0.782760817982811
0.833754161707235
-0.534702248996592
0.052305625866107
-0.771362889216560
0.933196176093642
-0.114163966134943
-0.200701243070752
0.968284231253940
-0.459790718237881
0.511285569870400
0.100946918958287
0.821889187038107
-0.022901034073210
-0.948628634356761
-0.546305931819428
-0.406018474646235
0.556432749653139
0.477834174096723
0.673719123126744
-0.738815694349644
-0.411434728806830
0.242854739231740
-0.950708040965643
0.257133141657536
-0.959856268223080
-0.214992613524228
-0.457838132060227
-0.774956082727270
0.166698247062205
0.872852158099389
-0.308059637139686
-0.943171181975376
-0.340939600980120
0.724920822773985
-0.740639285783307
-0.671609222529002
-0.463841632451172
-0.473075990702733
-0.990173693491946
0.047398617054427
-0.962902445394771
-0.204659477248194
-0.864328211019298
-0.472387999267295
0.215355468062455
-0.927138465780062
0.462606327969951
-0.873648881410519
-0.624882722290104
-0.065902580614303
-0.714160230901681
0.385316665856525
-0.251938800438444
-0.153049837087944
0.069414326319105
0.404860880970060
0.822483752660977
-0.217635646772307
0.439275832259644
-0.043088129766629
-0.089675492812793
0.152784187771494
0.173214178493649
0.323645472638285
-0.550025983070877
0.160189608049999
-0.310624044237681
0.208013406520262
-0.200864099167712
0.092526427526834
-0.337196684705514
-0.607816920696103
0.007086947197213
0.264107916148982
0.195631036393586
0.517918731855910
0.029881637469958
-0.045530868241921
-0.054162437816268
-0.436871667335642
-0.501184342412827
0.274960025175168
0.685730903741357
0.043668697597610
-0.106483935679706
-0.410693710572835
0.085772020619462
0.107659942563177
-0.485969696509978
0.407549835868248
-0.213850114811527
-0.265291564426088
0.148419663016194
0.010782493449119
-0.037068542590292
-0.725124461464945
-0.550402590320204
0.106606155317024
0.309657266277790
0.060758819591649
-0.682785596697204
-0.265523362527094
0.677935015470181
-0.049610603485488
0.004689804326839
0.015228875577702
-0.773968121325848
-0.415591610521279
0.026992475637644
-0.171196304176070
-0.141164883573363
0.111922277177528
-0.230508799699447
0.369720175182161
0.235076813684264
-0.393801594963353
-0.106755968542628
0.064269313338968
-0.594061384579500
-0.073082559777917
0.019840238520896
0.000930324575859
0.668450994026497
-0.337969400405788
0.131555944775294
0.001568825078152
0.132533709254960
-0.115620910463412
0.150524983716333
-0.084430747134085
0.070849194898999
0.298356630944842
0.107354656747560
0.105867818561260
-0.307194478660766
0.714709721167988
