-0.896431119905143
-0.434308235039937
-0.819095986887983
-0.053795667349885
-0.388799201434329
0.518368696596817
0.761854482590110
-0.042576930985843
0.917308576033105
0.266822042935175
0.501796381638486
0.864985775240355
-0.235358118694879
0.865459626563781
-0.405758891194031
-0.196748909680796
0.776712210700623
0.569403436683565
-0.225675290529650
0.890129152909500
-0.560703253603204
0.813344464324502
-0.266524614667933
-0.450940995283722
0.013928660607479
-0.627716258563154
-0.253477091521849
-0.964833261012411
-0.510430018155283
-0.009695670874640
-0.478816132390592
-0.300450117786125
-0.711431964984215
-0.701294980314226
-0.962568245723322
-0.042401842938294
0.604454998462499
-0.109374153429353
-0.079192951268641
0.893772952419236
0.751751077637456
0.191449858474151
-0.640397324160197
-0.417907979803381
-0.969620390800965
0.044300238395050
0.317578263869998
0.924909654362238
-0.794978796139757
-0.404321216386591
0.427891343223319
-0.894624586932421
0.132905351848065
0.853390932536637
-0.589123517199600
-0.760160082989643
-0.190598246122185
-0.830708845816174
0.305958446111660
-0.939351648970292
-0.864985775239445
0.501796381640975
0.954205704767639
0.212855779921702
0.173112231980421
0.927076066415133
-0.467365394757842
0.778456844717991
0.894977458410192
0.218409191790599
-0.824319531984434
-0.541168735544823
0.082829602928741
-0.548380464665565
-0.727373259625696
-0.141858891632891
0.950075941025715
-0.243390731025480
0.232022665669457
-0.090576943669346
0.752094850765147
-0.575112203688297
-0.692964467199923
0.689374593477786
-0.053909003606453
0.986703738113177
-0.751986089248319
-0.197215971458814
0.609506989541946
-0.300787779932135
-0.178046256947334
-0.663108214427165
-0.572670036528769
0.627889823828339
-0.108951401801259
-0.947155529077657
-0.885340199532024
0.239198122283045
-0.321383521804034
0.873578593481226
-0.000451444235165
-0.088246248873298
-0.247022001145755
0.514944580890341
-0.696319763469631
0.308654924396390
-0.355963703790521
0.539494943339524
-0.202395391827404
-0.215376598327321
0.000002501415361
-0.000000327186396
-0.046272674833182
-0.439823862831783
-0.866635384280406
0.213524470423324
-0.129887183447688
0.235854165995692
0.323877559260307
0.227692953322147
0.078097540688975
0.134102266534925
0.618856876698420
-0.585348626642031
-0.578944285955060
0.520194006990799
-0.056116270285198
-0.041195955226940
-0.727597697536283
0.458223505586725
0.447679130948803
0.692855131898251
0.022397378264483
-0.039348027036250
0.251015214097228
0.093036650478640
0.079495349183375
0.785080848609572
-0.378340668510312
-0.227501042952190
0.056022177139942
-0.628552929059799
0.038458417452295
0.643245783314731
0.186798184344852
-0.151592298440889
-0.208564878309554
0.013670008067431
0.390046441220515
-0.228903563447712
0.115412485712151
-0.056884136560921
0.500397904336230
-0.060514635009225
0.130028648566373
-0.241210862656627
0.506497677700734
0.130595652843692
-0.154824129114576
0.006115380090040
0.000001296635268
0.000001939017746
-0.178764841389697
0.110575862762785
0.233098665952638
-0.237122614168496
-0.401767406726111
0.118985207429882
0.207820448439460
-0.328821281381593
-0.003153525975533
0.166203983501306
0.734247950502998
0.391532974389122
0.368181541301512
0.561468208085748
0.173078116950138
-0.090336170872910
-0.395257219695652
-0.884156677387907
0.068350878033791
-0.314527337593017
0.114730832141597
-0.177199755140241
0.086876659391392
-0.126340803292657
0.250662254575620
-0.576880591032184
0.692161863092765
0.242775403249515
-0.632480326434323
0.358546598114935
0.510354040444144
0.131689603983351
0.114334282321579
-0.279201840375692
0.267987814920072
-0.295194038630909
-0.335537060981689
-0.144872197581071
