-0.210343588552569
-0.544398637725291
0.598991728860844
0.774933978424625
-0.408073496330967
-0.683033014732095
-0.476516592271112
0.556135719097767
0.056915056879858
0.978996247914499
0.381390012296022
0.411947796561187
-0.794893659107217
-0.083260636794793
0.950443601619690
0.054067242331907
-0.211746782123809
0.841683712360433
-0.021503162590053
-0.826804038204253
0.213775296534215
-0.744893097883154
-0.389719263013562
0.877459349700876
0.763314206880284
-0.173091033186178
0.978392077617274
-0.145313975318927
-0.133380853894313
-0.953997714567159
0.361215951156268
0.819723037766229
0.446705425972269
0.142735728814634
0.833302357602841
-0.503368462544434
-0.256983005722868
-0.921668915988747
-0.904352422547044
-0.052337810775552
0.458191598454903
-0.846452628516778
-0.041071520700632
-0.678871254284195
-0.805769214305944
-0.454019945169968
0.152590043820923
0.753637334873202
0.836997816415202
0.360599754034605
-0.510780080348092
0.859711135090909
0.051895959629595
-0.996516657416623
-0.537154116646860
-0.831054647543848
0.598438016236803
-0.685749190493347
-0.692767838582130
-0.668462146719020
0.777841705353069
-0.573130297781071
0.716837277485969
0.695811513316247
-0.963526917326842
0.179021929237577
-0.678826627051591
0.709597440315804
0.948168967522974
0.314659852035100
-0.019814446959561
-0.548674481413901
-0.644489993617358
-0.262998320027911
0.996045915012343
0.063467808108815
-0.194585292625296
-0.979730241196915
0.912425296522250
0.303109594412756
-0.914301119009726
0.372306688920633
-0.487143324425561
0.682151323820161
0.890555939421670
-0.235664253975730
-0.622557043687845
0.745653489638506
0.814322704191663
0.514892921845341
0.429124252241244
0.899574426308061
-0.812374661675438
0.188963469198198
0.644734902206373
0.292048124796865
0.156711543165618
0.898045332153850
0.894384510495242
-0.091747196984231
-0.748292096376032
0.084916153873300
0.097129626109252
-0.902856602349123
-0.237413862695598
0.917521177158188
-0.735088447348090
-0.345008221022411
0.185994169885151
-0.078053869910553
0.573541976295454
-0.194914144703023
-0.653555419836557
0.191076718718420
-0.182645360387723
0.070481878511672
0.815173668462141
0.142592291780442
0.166032470046180
0.577620079258010
-0.228290186692778
-0.204003147295800
0.232285266613696
-0.439061935860507
-0.356446649434140
0.434601521528562
-0.449776497753899
-0.443999433992865
-0.277467870994249
0.034576960893071
0.367362756247442
0.502429618083515
-0.127459100909628
-0.073395971470340
-0.244378531651076
0.111252153611181
-0.443374341904244
-0.031565343757943
0.803088080600332
-0.367600746631946
-0.022535230467816
-0.227419293633943
0.254178402351645
0.140994623471016
-0.120695147219936
0.406005087202210
-0.252308284557217
-0.099593856869651
-0.473874567292852
-0.559365573455279
0.244625571037387
0.291136038063434
-0.576788772552649
0.275792961964504
-0.042833596358642
0.409350407022335
0.000553048695325
0.000409704086762
-0.064882194560812
0.007187606993815
0.133532325102588
-0.054614521125786
-0.387319805717811
-0.146980803368997
0.212885967073979
-0.167064793577285
0.228462697320869
-0.119535514018573
-0.042562606820249
-0.013382079200304
0.097880449219372
-0.173165949595478
0.022185785178234
0.187546458348444
0.016880212411774
-0.040985911879571
0.657421664462311
-0.516101207354215
-0.268891285928342
0.665704144602839
-0.003700187286586
0.062053856730514
-0.008700710423040
0.046792264492079
-0.237448820006786
0.138645987747947
0.156111876924325
-0.032715058393380
0.311582124616488
0.447523778695044
0.025884119991580
0.388204186596578
-0.236870082242191
0.017781025930643
-0.267333622701546
-0.017220529748308
0.046095310016002
-0.067033201217339
-0.042321824217231
0.550044615982399
-0.047639663126557
-0.704808669907487
-0.401993866178735
0.085772986365209
0.326946282404246
0.291144169877683
0.139543931603725
-0.642942980726210
0.397438593678372
-0.132130070693356
-0.059976745966465
-0.313356565607748
