0.691314773891126
0.148606471620244
0.802595335092968
-0.183619765117566
-0.002527441539324
-0.860367105236693
-0.521060622022389
0.098970650184681
0.038906885388255
0.546221130492857
0.783959953900647
0.180594549899861
-0.229804698026898
0.793549894406800
-0.918433503088008
-0.167971065542895
-0.254385721654341
0.905702490104149
-0.685823959270393
-0.593979678204628
-0.721636319653114
0.492667851155966
0.270302548409661
0.774012320354692
-0.925075380188054
0.180723231742740
-0.337541876046512
-0.869894177102989
-0.817203904675023
0.457414119446426
-0.830582055068155
-0.493754078567107
0.012155159577193
0.447342012595837
0.982769384542528
0.050410122997006
0.046927102553560
-0.979911509244668
-0.307488663764875
-0.277694392119571
0.812143018705997
-0.572486070748664
-0.942606568320945
-0.320173998904111
-0.317627360915890
0.943235884416858
0.285748433402845
0.951684176592145
-0.952921396910343
0.284719968258296
-0.763655419436004
-0.632538072202146
0.610598733018901
-0.685573028818088
0.092341461375959
0.987991423143142
0.993929960607305
-0.086874324515558
0.866042164343480
0.482792089052216
0.475055555782603
-0.875117774214996
-0.395292854942632
-0.864668146507223
-0.892694507463416
0.440642731739229
0.981649940748563
0.161907812003865
-0.179622369025596
0.960849267751569
-0.647409454200805
-0.749409973601521
0.751350806938597
-0.640203446321277
0.200019318195505
0.932923491266884
0.682766183720759
-0.346623383612310
-0.902191880753377
-0.256777534130502
-0.310317554059849
0.905427877263724
-0.245627544476352
-0.501649378073633
0.553284620297816
-0.361036287073954
0.939224734026632
0.074762188615085
0.032881660893779
0.929222571799676
0.407441990262230
0.824345050742660
-0.772667382439974
0.265695182039485
-0.466590982807390
0.144958349564478
0.769853458366792
-0.357305470868617
-0.566433588906292
-0.474022589545814
-0.090027288707173
-0.770789142829783
-0.706466992564211
-0.307926231235040
0.576074141999843
0.081987321400648
0.531622778098696
0.465886950574297
0.148606471593134
-0.691314773886022
-0.309970942647738
-0.475439296502980
-0.509659957751499
0.002963735926022
0.340950641948473
0.776178651042778
0.781495783456311
-0.298986741031267
-0.143490575895531
-0.576370413758142
0.558576707202558
-0.073894709028930
0.076142236420248
0.349954256123279
0.293207794954050
0.170352848569454
-0.016925472631985
0.420175162458220
-0.092739808980850
0.477408356048643
0.174772893528269
-0.545248471754067
0.201561654850096
0.266359820116471
-0.349343806022983
-0.085489810800423
0.310165667663103
0.163546201784233
-0.150480912509627
0.209035534460956
0.536042644118143
-0.715818174922367
-0.110660015590320
-0.139203151023524
-0.140416592803420
0.133620588088973
0.495715607785418
0.763284077155659
-0.011860811448487
-0.111994361990455
-0.036380946968293
0.087509396533475
0.096344907145058
0.011686950550317
0.062760554641255
-0.093306878701802
0.079686498966349
0.067271188988463
0.043325052779861
0.121856174986888
0.205238070476029
-0.339169786125153
-0.056588706885246
0.110198550623845
0.019335666592695
0.064670063743145
-0.126458145713474
0.029851393779316
0.091111715293156
0.013775177291534
0.212603812565102
0.225592939007075
-0.040490697447592
-0.085387368680895
0.007027760783610
0.100498083657510
-0.063636507804857
-0.201133995339696
0.126548371277158
-0.056843643488808
0.017838119795951
0.159038717654612
-0.285538819602095
-0.090075603196735
0.642097869306254
0.037321502286395
-0.096603481800318
-0.332840615869817
-0.283584232889506
-0.059019976046165
0.743892205698968
0.366932414993795
-0.283137833767298
0.695242328578545
-0.133732958929484
0.307218179543546
-0.314468704833521
0.191242364854627
-0.391545493228384
-0.033740015112273
0.289253558754232
-0.498721931643652
-0.241520925021421
-0.838419688718707
0.362333076636130
0.385192412572526
0.626010861902019
-0.250131914676454
0.528353631642491
-0.344414901701357
-0.035156002252807
-0.636278146756797
-0.409641439733938
0.702574233018403
-0.466642558095220
0.531574354221078
