0.383561560608405
0.735921022175073
-0.266857181647548
-0.946826830864414
0.675411274892190
0.733338295414564
0.610165365123272
-0.507312806095364
-0.060902450155653
-0.427971578982853
0.919191956487807
0.385234036291033
-0.370385942356878
0.912303649095326
-0.397280015244060
0.758478189432129
0.574872487058199
0.353938235052235
0.491475311502027
0.758080121667574
-0.576530077350450
0.790888313150158
-0.278413364976216
0.783428376327180
-0.412152657642335
-0.455693619756479
0.570796246527142
-0.142854381955701
0.072685381483411
-0.990199012295516
-0.371314500933226
-0.747632842873836
-0.299151808365349
0.826937097290085
0.439080123037705
-0.619552321563578
0.871011771739809
0.283026910505447
-0.776075475839536
0.617095063494854
0.490045485206318
0.865164145675069
0.848088516998418
-0.443680248161822
-0.231394474130301
-0.711560517528811
0.341283014332578
0.938240246503868
-0.539655791029780
0.247349255932461
-0.136554177148637
-0.726036389082329
-0.936650307129684
0.178685583702854
-0.182068282547032
0.390481990619563
-0.522269471745063
0.472475625132406
0.808741287746291
-0.341922270062207
0.419412672775848
-0.633336331426973
-0.361377651853641
-0.397961605395658
-0.277940666882044
0.938814033458217
0.638631644082228
0.571403803556360
0.146552102674756
0.808167450306057
0.012796263599594
-0.448094064639189
-0.139807837489674
-0.970178598418303
0.682091246805989
-0.229435485126124
-0.606507984633007
-0.364029497361489
-0.780397966195729
-0.049348692901542
-0.817717134252623
-0.491021063745872
0.674706372821865
0.148169439828085
0.137061020224743
-0.985403708566696
-0.999165890819583
0.014805865109569
-0.790402093743534
-0.510517249724291
-0.089644897542826
-0.991488537961302
0.680410504373122
-0.643891814086909
0.515560026278121
-0.201277087895423
-0.288172309653361
-0.346358069980452
0.670657452570520
0.686846336853131
0.802942835034091
-0.585654197330613
-0.896850562771929
0.255140344157364
-0.445709222472842
-0.714960208568375
0.091766296774284
0.948585320875570
0.060853781817676
-0.244217092749421
0.355830957225929
-0.599694706744646
0.505878339040138
-0.847616397545789
0.771821496701372
0.527883443705732
-0.938129767185362
-0.217189510085002
-0.414888551442901
-0.484310878912037
-0.419766228859420
0.470010918258342
-0.663384101163535
0.747752850536079
-0.961179906227948
0.222871458531153
0.818675880663428
0.050447544084708
-0.341518673216430
0.441209444809298
0.178602390949280
0.020183728733268
0.020275724079067
0.074989660887601
-0.377397513221895
-0.477391936452179
0.829868431579548
-0.352774156388563
0.045241262460801
-0.068074316610521
-0.100545005418702
-0.142853097401190
0.107537717392243
0.505287111434188
-0.570993417754392
0.467135811379077
0.389972818789075
-0.178010527559933
-0.085304581698432
-0.186632993798090
0.538432720786138
-0.137172091020062
0.364634626596871
0.699653557697064
0.799142197501564
0.123109783035111
-0.119109813155100
-0.005966890123996
-0.330439310794760
0.440432214460500
-0.462804974372723
0.111780089340869
0.316650135634046
0.568415568049746
0.230248269678936
-0.328968077068698
-0.097647166770785
-0.085822894569914
-0.105708316449862
0.013121558618130
-0.238603731508940
-0.164200986709878
0.639171460709380
-0.177758462669795
0.044755140093500
-0.035044563111018
0.058237471875416
0.802619691801316
0.500779050435604
0.451048180437928
0.269450646260860
-0.134736830748847
-0.893380933590329
-0.127457690977946
0.700177589501710
0.117272015836900
0.427073897543049
-0.215950403489706
-0.645959157735158
0.075596744293187
0.595969927363372
-0.596533820541766
0.123880877383256
-0.161340399447361
-0.212436774324395
0.469593370239403
0.308027992836144
-0.480111038299216
0.715411932630255
-0.535941910586645
-0.194617846570175
-0.036484922145251
-0.665426725548791
-0.198288078615446
0.362063814521243
0.607075270326075
-0.211362691104255
-0.586403899778681
0.298616683093300
0.032635561675977
0.014366903714217
-0.722918197068147
0.100937482845228
-0.002330758422385
0.005124785445492
0.037710019294650
0.202919952114419
-0.271035350044355
0.038710407046476
-0.086114898955939
-0.000551174880322
-0.349920810322613
-0.585634780790427
-0.592213894400486
0.878764884709757
0.157369262276697
-0.121033157087628
0.252609710320995
-0.051776307925836
-0.098036619454268
-0.264495187300333
-0.246180358139918
-0.035464115190832
0.537510451712572
-0.293194092870401
0.076171252461999
0.889424198196447
-0.381548718396636
0.076992617239109
0.712616815317183
-0.075729013085508
-0.141062628922709
-0.241152742682614
-0.259761432448475
0.269700128580160
0.001759907275779
-0.737348209387399
-0.222773608316284
0.706280733925220
0.322573363303828
0.028033133241527
-0.001162875436426
0.094682849429213
0.132274936627447
-0.521492922886283
-0.235095680724472
