0.460028084031207
-0.546231849463167
-0.956516428488797
0.136430254269679
-0.791428970770187
0.540289512496631
-0.235768985053005
-0.970546215753682
0.996466733740388
0.082794709672001
-0.496536391740497
-0.474061163095158
0.129159575544717
0.914441611326484
-0.884107328136181
0.400270188409516
-0.565032571670772
0.280120653285423
0.350062796693084
-0.933748328735630
0.546204004971048
-0.291719042467633
0.376663557032835
0.785437430443921
-0.984422022649788
0.168359244871592
0.326479226022786
0.797213439064269
-0.632701026689619
-0.764121958911742
0.710523196512578
0.351025573737009
0.070882388304528
0.989268929038324
0.546266855389910
0.787774084805822
0.923350728536433
-0.376312519948830
-0.278592901486408
0.946591398941925
0.788737935827814
0.575463626496813
0.860714563148253
0.453401162985106
0.280632492380481
-0.756161677182038
-0.273985035241438
0.874452866149184
-0.161523556331180
-0.077714202512643
-0.713254774873962
-0.647257963367810
-0.757382656128186
-0.652169009341059
-0.902925081448295
-0.047279722226479
0.709139164205582
-0.692828964786763
0.440783658575652
0.891951963429345
-0.953567706526525
-0.270047566276139
-0.549967394348575
0.501896011413900
0.481567042235996
0.708879912908283
0.536665039564807
0.185290050023853
0.669268511447196
-0.396493965059117
-0.652729112830490
0.723022897264092
0.441378445197174
0.830119291631596
0.010719830384156
-0.661808531619708
-0.361606445691206
-0.690534415465796
-0.320022102687300
-0.509382218240193
-0.131987955026451
0.991139650565671
-0.709682853753717
0.313501337777469
-0.653420912044014
-0.122818399481820
-0.761080475076402
0.376947466121085
-0.245775489326712
0.792779032599382
0.003537473870525
-0.950101375195849
-0.239207117606020
0.188234208271053
0.579881550509868
-0.730395261362226
0.895703781569866
0.216448777462682
0.968166646976923
-0.037705284232391
0.793829769610583
0.126876889447321
-0.639904313255373
0.113019014872681
-0.806085222725267
0.406335917916904
0.842051013935450
0.497306926769622
0.276800926982365
-0.480412384039348
-0.829167457595074
0.555621223548923
-0.942862697633810
-0.111198547768210
-0.551494364012663
0.833349765028092
0.690158648424585
-0.601968703297065
0.668844880307379
-0.010405886276747
-0.497847880809536
0.847593431578240
0.459640346325028
-0.649980718155467
0.425011415299387
-0.845461303457419
0.056155375373333
-0.952761331083276
-0.527945164193380
-0.363285135182145
-0.374609582067929
-0.591331201237949
0.025583082347523
-0.256531895967241
0.276901896270825
0.071082816161266
-0.030600766145622
0.038943829865372
-0.008749851588244
-0.011069087418394
-0.721154298401881
-0.093027432613635
-0.321819308355012
-0.208678403984778
-0.223276772131981
-0.091024675955684
-0.576306019616460
-0.519751848777754
-0.036548283765544
-0.065071652112320
-0.644571695684229
-0.448428940121076
-0.383572273539182
0.306732650092888
0.039056354927804
-0.032296240154553
0.457443156842128
0.220471780074441
-0.105348834786258
0.068619718331988
-0.151403069102131
-0.590774867835970
-0.105356542969710
0.072268056021210
-0.232618517091536
-0.163991278783062
-0.070196076824861
-0.029746096204323
-0.156518371353990
-0.043043212231995
0.043847709636243
-0.211687178461216
-0.189380457409032
-0.133164817199634
-0.071250943166487
-0.586845997924032
-0.399535111866686
0.025220621183866
-0.369453415157372
-0.911797574852284
0.099977914742661
-0.249658109301814
0.015348511879819
-0.028487166134790
0.075277769408481
-0.420504676062776
-0.130441765206307
-0.009727138951056
0.087639663049197
-0.049505057598419
0.013549410442293
0.132662558752439
-0.578434382638386
-0.333241539820604
-0.504171380009776
0.106741147109527
-0.380573669606160
0.729946514940351
0.226812572694922
-0.586027518231409
-0.219676865574321
0.054080218442623
-0.340487781655830
0.012453927873347
-0.367481899541682
-0.653338814261894
-0.602231299506275
0.172396233679477
-0.206876221947522
0.771568427506608
0.008341889613820
-0.012320133204019
0.300290979943966
0.554880604872805
-0.690184841463241
-0.285660002567131
0.522065988297469
0.078193491451385
-0.440027762780573
-0.342740984271397
-0.170285096691069
-0.261338571539841
-0.942631193105036
-0.137092200757615
0.304058967213223
0.194443549687578
0.088074332927169
0.378295617600556
0.160071857986617
-0.188702558284540
0.409685065767916
-0.431155074991492
-0.212859067798217
0.729684993274805
0.134417975152644
0.408716947863001
-0.160973163936145
0.133129827648132
0.822045271236916
-0.129718002298676
-0.059122964934636
-0.016457770950415
0.023583432588945
0.313191056852297
0.027266961262650
0.025271494087090
0.400854577068740
0.025106339809712
0.068651135196735
0.740152190602449
-0.149601712803582
-0.106546655719983
-0.171257585386493
-0.580453837530514
-0.318517316614748
0.055742266170601
0.295567592209917
-0.041619926049137
-0.022968651102849
0.767313661566788
