-0.866068373420950
0.456978459455859
-0.941949407751786
0.269464426952200
0.882127625999449
-0.252787555585172
0.731228484417197
-0.506278682120191
0.737070362773836
-0.629521196858021
-0.732118484434667
0.646694665567732
-0.560277581122828
0.802110753796979
0.603608028522668
-0.796501088223578
-0.592741068260071
0.733780953762742
0.851260022860426
-0.488619661491289
-0.669063265550688
0.597172482247814
0.878880466392016
-0.326865825800881
-0.539182626784230
0.716339695867137
0.796356890471320
-0.235161104928063
-0.996493903575849
0.044764756785818
-0.878162579187892
-0.144519662986638
0.926202003511683
0.074337307318114
0.453175224417331
-0.195116842015120
0.889911326405727
0.121159482029639
-0.766964132518828
0.217685652130962
-0.825390871701923
0.226367294017097
0.913346662083600
0.346338463000005
-0.962771189167223
-0.222171887843669
-0.886157981257450
-0.325172751067322
0.817921379272985
0.230215747574938
-0.537344696136384
-0.450789981471726
0.583370808506751
-0.171907980592671
0.784373654138297
0.366750375181075
-0.103544374978108
-0.798909524118878
-0.414711003452226
0.357138776521456
-0.827801014932661
-0.458037097295228
0.681668090643957
0.512202277301206
-0.777399041209945
-0.541795826770974
-0.596643652772076
-0.289178396605092
-0.667251828645425
-0.666636857760907
0.640280646287794
0.533018676232790
-0.499169619160174
-0.793564096916344
0.505870708358631
0.848371232610228
0.359911341946181
0.932843140357603
0.447245109829265
-0.684479639365593
-0.616029112750641
-0.398995739950199
0.064188415258269
0.695094999499874
-0.252687503212226
-0.939520024777635
-0.544749462747550
-0.450508561682426
0.395949542692240
-0.692699893554024
-0.521868609783128
0.240258415195999
-0.392057204335536
0.874009028145243
-0.894610557023262
-0.428887804249675
0.776598687130229
0.608189294533928
0.560779069464256
0.685928787684311
0.483153343862378
0.725549650166076
-0.274372969212727
-0.661596137907371
0.143660828156192
0.988874890340716
-0.279441545896324
-0.863793887576715
-0.261689819445158
-0.169415936868301
0.063944739977468
-0.996679386643732
0.073613978387252
-0.963492053997052
0.124137088415014
-0.892389043188778
0.424528597418203
-0.533013965060991
-0.407198567971837
0.723177484518787
-0.301258253443384
0.800187583161466
0.245537013393606
-0.965106903836340
-0.423777946043205
0.903824966457128
0.400640494886222
-0.849944828736909
-0.063267614618799
0.879594160747257
0.946296930877341
-0.310918262411482
-0.137217099977156
0.149223750211545
0.163733028084292
0.115376476622100
-0.232833660618494
-0.322083513506733
-0.452627024791252
-0.064152755484006
0.214312451169420
-0.120418089590579
0.205661678754430
0.059091523649631
0.202465938225994
0.041411527292084
0.028788591949549
0.020361270471078
-0.331632369807751
0.015604780954752
0.134298778706896
0.136275595473443
-0.410769713026833
-0.164339940356834
0.245774366719849
0.245607040578072
0.437655156797169
0.067804858438610
0.049436555845155
-0.555041426088207
-0.033950522915821
0.061994989150862
-0.394742755637967
0.228303982434913
0.345686220843831
0.130861950735673
0.869718824657533
-0.012280064033537
0.276474225113310
0.341965223227602
-0.523532392206208
-0.300487621370340
-0.123330166253747
-0.502272264018571
-0.214092446093452
0.003459542348744
-0.130401710402932
0.081894343427982
-0.203429275668818
0.260006238421099
0.318048952946810
-0.420535599475393
-0.530161713679043
0.476421690824126
-0.520560298233279
-0.599285509497776
-0.191876997714127
-0.461990639241196
-0.592112872773709
0.020602926447606
-0.739314847735148
-0.392275711507556
0.112743998722014
-0.303704277101902
-0.229949108326815
0.469149068958879
0.308660538345477
0.082684248123175
-0.355785958788288
-0.658641448796537
-0.164683892825047
-0.288529916105746
-0.173973434285226
-0.525038121415325
-0.239892016255040
-0.252066530761077
-0.130229599996518
0.086030979239380
0.004004368021454
0.015857694126591
0.531013688600255
0.222449764097217
0.400403053417589
-0.548623665693636
-0.537521586349960
-0.473068000634925
0.231137795020684
-0.005144752198090
0.197469411160062
-0.679187669457556
0.345067328854521
0.494286714032712
0.231524122489421
-0.785064092132634
-0.254096701643214
0.133544874342865
-0.055084881701703
0.112662586675126
-0.041788091650696
-0.158915123755169
0.293097389750921
-0.359336128990575
0.011501936155359
-0.489906375671072
0.030722874120554
0.697184429743820
-0.038568467987151
0.000700702675133
-0.333765669674942
0.253718387111805
-0.051328120872690
0.948779269767987
-0.050405695270982
-0.000732361207209
0.162613359119201
0.199551846662749
0.353172079075465
-0.251994566286604
-0.196520449176918
-0.705018649455031
0.502543980557056
0.242184226845254
0.033273854847483
0.517528885251869
0.085686965148239
-0.030626511797227
0.059262079877906
-0.000829665425289
-0.305633707879660
-0.153847387265563
-0.371124860606597
-0.290822384213301
0.077855739387504
0.042313550495961
