0.468857375088287
0.529313481622945
-0.845446689331792
-0.008713765676290
0.797537042395364
-0.438961479496390
0.143540596512955
0.871980126585532
0.736138482035291
-0.674037554992338
-0.170001485948693
0.985257423719088
-0.047173741580807
-0.256069580606384
-0.838132853264463
0.534450156592857
0.821411971166559
-0.205414868801447
-0.626044066607451
0.560058664764729
-0.169325487135584
-0.984664476998447
-0.674871587836763
0.445018154693575
0.523546807549699
-0.744244231357895
-0.907556387297667
-0.067905589170422
0.407559075371056
-0.043806620128915
0.517282912395747
-0.258813359181546
-0.083391299154659
0.431975205544284
0.517202604589141
0.638892862282653
-0.418742008417298
0.334917492988502
0.884011177986905
0.463374543071234
-0.373779257304022
0.134273995487267
-0.623193216724375
0.703144886800807
-0.780663434992501
0.083018099380813
-0.425338527790645
-0.863062581661250
0.622254818299116
0.701277136649469
0.202027369358034
-0.868022830703572
0.866218064395967
-0.096308869303599
0.484358463817465
-0.654079460288267
-0.575263977230163
0.809864015753026
0.382696266107491
-0.923335360867613
0.953698046691042
-0.071196215447734
-0.507350704117719
-0.805546839811804
0.092904747610676
-0.553378800942755
0.255205754421846
0.953138219955112
-0.789027658970084
-0.526990540294701
0.204764024247435
-0.937072113357405
0.496655986194487
-0.607707574442717
0.235304304131820
-0.461841626483724
-0.705203729354857
0.163263945166045
0.784808191489787
0.462182734448986
0.491883992202349
0.564536940655135
0.670158116032879
0.022694395552514
0.541201172053573
-0.705231334281113
0.846474693746821
0.227524926447369
-0.766232702273738
-0.332347844188474
0.894985022594833
0.180708647860088
0.106124409135664
0.422335560414777
-0.244603404917303
0.942933083642676
-0.729614070698664
0.230269359224411
0.379306997969494
0.794356494109380
0.801875042577288
-0.146519091191290
0.496586590185183
0.866831644649052
-0.926681324439801
0.375070905311728
-0.536317459126137
-0.551496347319564
-0.411138218005524
-0.438363596839774
-0.627265860512428
-0.753563248899872
-0.226864659779146
-0.919520980399421
-0.961466506470189
-0.154867941294437
-0.779553644726536
0.567364539874267
-0.072684370230186
-0.785582452310870
0.716632204744321
0.696061047164395
-0.027767383129420
-0.922615297582375
-0.443031303656768
-0.023281854781299
0.966240731827732
0.257280976415502
0.828680647546072
0.408943639374893
-0.973393137234622
0.115560715632878
0.493200915807357
0.430530522273296
-0.801476316295124
0.408753933489443
0.529313481620600
-0.468857375085640
-0.013800826838664
0.533810362361223
0.194687276119275
0.365163456609301
-0.466066441799658
0.042764796512898
0.001457002528696
0.061411618366231
0.018433118477429
-0.005246324890657
0.487971510918083
-0.833118726548420
0.010061409081855
0.108605333404617
0.409149484876635
-0.340123219326079
0.414024148696189
0.350695199545061
0.041556982331976
0.006145271607730
0.559779017716569
0.182084137826679
-0.405462234154199
-0.087175920240061
-0.252116156984802
0.328888549849094
-0.282686501302173
0.867216767652187
-0.136973427663513
-0.804159383310700
-0.661466735686002
0.607375559766094
0.332019491642009
-0.462688268167964
-0.506510062699342
-0.675228079733990
-0.060190814898687
0.013613810251416
0.558325526811813
0.728376391061277
0.327884839598618
-0.098534332879436
0.597196510953139
-0.164404755850626
-0.268424416556226
0.046459116538667
-0.279226769895090
0.207465008351312
0.306545276280187
0.334292238913698
0.010700558317867
0.490179930902167
-0.158108588393734
-0.559087303051622
-0.048749024255740
0.103995986094803
-0.030506024318916
-0.008047469112222
-0.034163940014558
0.290213645175917
0.278393922693952
0.127225688080455
-0.090824255355787
-0.822734200807054
0.158176415950764
-0.037118432183316
0.164366830174991
0.269629132250788
0.231442363348390
-0.162486864667870
0.142108089178466
-0.603182912831735
-0.357663151717561
-0.776795511320301
-0.354891331831205
-0.591679581280184
-0.209134573484139
0.355985888373957
0.653792233386689
0.109104978869276
-0.741202156152335
-0.031502819570607
0.403296953817418
0.217029084588934
0.472395621701452
-0.092495282521017
-0.122006064643712
0.536233975629775
-0.040579881485579
-0.405831821248803
-0.895184944081666
-0.094943141322833
0.225867815802386
-0.005486698427717
-0.092196015918902
-0.637290533971426
0.065227158208149
0.469967423753725
-0.444604822201008
0.371288464786830
0.034997641081128
-0.027925318297738
-0.016142602702705
-0.017970957156471
0.597690650157538
0.225790275795755
0.392182170238860
-0.696416447255287
-0.195852601524949
0.017936795114562
0.213969111590496
-0.239229621982218
0.143043978872302
-0.176455370571747
-0.251655899403623
-0.084041074375496
0.135185151938755
-0.599418190949170
-0.031851466297426
0.030377390250067
-0.335976122798233
0.187430066986589
0.795666784394083
0.412426463057486
0.005457362379795
0.012472550964015
-0.370276563529473
0.094597836646746
-0.119390939001298
0.157788862317166
0.121053274727180
0.746151747780364
-0.102900000313052
0.424225796257702
