0.686386128621668
-0.169923754787851
0.313152458813251
-0.774391797697814
-0.117611265135312
0.752854112098904
-0.180988360499939
0.547568987625590
-0.383017630746295
0.525125594867159
-0.554121183670719
0.624426837633819
-0.483837205246445
0.330361672691462
0.789245915132022
-0.248875000459285
-0.802492132673189
-0.351630942591185
0.200085968925387
-0.804833193808067
0.115814487153368
0.780446727997273
-0.908769146950544
0.036680808341303
0.160928734129778
0.907932127838076
0.099176432114080
-0.917014098706367
0.444835192344315
-0.001931171617130
-0.910616529269592
0.171250614932030
0.655828037815564
-0.669901882765664
0.859963271783681
0.344876853946257
0.976353623408569
-0.066069407587543
-0.743181745893911
0.587054856822032
0.913246336451922
-0.354575799591679
-0.610855502939410
-0.649720709368684
-0.865025837594484
-0.442602257028763
0.006629731584816
-0.345078752025241
0.063433482347262
-0.982972886796018
-0.272840004295877
0.945515995633868
-0.390478883957461
-0.895570486759719
0.101170785799514
0.408622659443786
-0.011865201768603
0.672961409225817
0.672033497229891
-0.694111664457869
-0.973671050880645
-0.117444320003231
0.943800073696695
0.327478101797798
0.971760571541011
-0.223240417541261
-0.876107550037105
0.482048512923236
0.815977109726844
0.578078488274962
0.999772087045930
-0.019923410802464
0.672217059916802
0.740086289668412
0.174040540567188
-0.984690250617916
0.477029007356851
0.878498007056125
0.041976569374087
0.997878230679256
0.209821842370540
0.688840618831066
-0.421101102587809
0.906664510124869
-0.756965820364314
0.652341566378842
-0.600803638509597
0.797459741678743
-0.733974953967530
-0.061142508146262
-0.872001434292781
-0.377519099329289
-0.913655206938257
0.352658584351675
-0.571879463406942
-0.798535407528368
0.745873554596983
0.634314397322075
-0.341792193289074
0.813324169548678
0.233132668246585
0.326839056896201
0.972194684925325
-0.109700435486253
0.093870417018003
-0.967997405456855
-0.832548186268228
0.481846041841419
0.380212427371603
0.902728389973144
0.570362498793150
-0.338734482565826
0.440942255705411
-0.845302669292662
-0.700294028368286
0.008463902575044
0.806909222140765
0.489545805814756
-0.851779941314613
0.343722341406175
-0.923460037957676
0.033771831452332
-0.095508563141802
0.687232843094131
-0.328701347871940
-0.795691553371828
0.071726618106687
-0.803346501183353
-0.031621648596636
0.917154852139616
-0.672244014205742
0.086454197302492
-0.483437446049302
0.751684847308130
0.426817441478328
-0.343575383391437
-0.545974669240481
0.141205383327258
0.849703671533825
-0.079389731226687
0.065616977689967
-0.736768916127486
-0.008666225128911
0.803671589129295
0.380437254541826
-0.666825326173752
0.356457063822293
-0.552672697755904
-0.169923754795374
-0.686386128611876
-0.478240170229652
-0.271181158593801
0.551756713306229
0.339032160024016
0.683551909785651
0.447401613522594
0.739639475115979
0.174568184395285
0.457789992205369
0.305727266181145
0.682139825386124
0.437547691866838
0.218557313608558
-0.517092661195282
0.089880983307631
0.473585753638901
-0.494985996069051
0.259225768162475
0.496808490902439
0.361484761353774
0.183737917868148
0.372872006709659
0.340996667828729
-0.182982147491264
-0.373687144733018
0.098015794381089
-0.498225049540726
-0.744237678593554
-0.048340375023290
0.372979854213349
-0.209781128345666
-0.277692150540890
0.323621248037936
-0.191813489133607
0.048462612689010
-0.200049520392688
0.320993015513188
-0.003312347127589
0.001997459757559
-0.200631855535408
-0.422448598758317
-0.162036217412125
0.053573679870900
0.230137791751150
-0.509198211131129
0.788412254687022
-0.171602542172113
-0.017119131440301
0.177644159334614
-0.000621860611032
-0.106412920671403
0.184813513419548
0.575470709048763
0.701160079665628
0.225953040903337
0.704221117253897
0.049048111639110
-0.253326387510514
0.122313346849353
0.152351440946484
-0.001111164038366
-0.044702114575300
0.056282658680975
-0.051743307838707
0.000610039272552
0.008026195148693
-0.002133924745830
0.001436718740470
0.001650497334052
0.007490495602567
0.006100620675537
0.018954963176634
0.009295394149971
0.002931931906278
-0.022354601917345
-0.013595937322240
-0.011491772465985
0.048424616938183
0.182394623367056
0.669481588753161
-0.017185665228536
-0.018384242981848
-0.021066937383727
-0.031771240514832
-0.047510765601642
-0.028908052636717
-0.649721935836533
-0.188158886951357
-0.196775562282188
-0.241603407098211
-0.185847940177217
-0.079540108433223
0.152484155209362
-0.109743631555448
-0.067020215224431
0.191901476424921
-0.033269262776262
-0.469654179145594
0.076550901048079
0.912669353836403
-0.054784332531917
0.199504350744807
0.184455543113738
0.141934916254880
0.061618333369272
-0.266253808416021
-0.169116060711484
0.109177479445711
-0.400830918480439
0.631886180479858
0.298553082514966
-0.043581892351484
-0.603446706446241
-0.381272486109479
-0.184460494994643
0.274256699133672
-0.301739712199212
-0.255497611875862
-0.150422268880291
-0.351360445583263
-0.427618678210126
-0.579423333828705
0.495900380456561
0.113636211054994
0.478839524408888
-0.346702179334530
-0.397211137380462
-0.007096539840627
0.427225158251092
-0.598408156103058
-0.435548071653293
-0.107498852848670
0.739056316688656
0.391891041413194
-0.491373905171092
-0.663720110878118
-0.005504822144157
0.521220335454070
0.600054297888090
0.304632263644538
-0.583246239270337
0.117731464551396
0.623518637971120
0.147770050526441
0.653768072735767
0.374270701334957
