-0.929634228071459
0.262583450601610
0.193693518063841
0.848111511063334
0.527597177559130
0.793013666801169
-0.428766205991697
-0.572018818348109
-0.070859754022011
0.640842593088366
-0.243725213460070
0.866563637368325
0.144045139198053
0.976342922326657
-0.731653772340040
-0.156837377427843
-0.970947783162891
-0.121800362375047
0.833172238603922
0.177829613410997
-0.846277448870180
-0.514753117045238
-0.681896126283935
0.145643433334750
0.209995286849002
-0.644928557093980
0.701726477285278
0.028960807335327
-0.899441237015799
-0.150202940917573
-0.852691500686312
-0.485080686827978
0.914296522178012
0.120438742799077
0.817859006002552
-0.464596224627388
-0.098918826536321
-0.556739582413498
-0.541741574125247
0.693193522657650
0.844694732365895
0.404299857432196
-0.485044192412133
-0.297766922564777
0.280080345563109
-0.944278674312769
-0.991046796079176
0.098451128345423
-0.877823656112808
0.463377179154062
-0.880723567572242
0.443641483933624
0.921522094592765
0.250226374402300
-0.069888474110109
-0.734546869507905
-0.292622950633228
-0.956052550492866
0.775698561779337
0.094813512660088
0.527247057070406
-0.697908458550970
-0.433472886359709
0.706270914311293
0.949808389913015
-0.057975726451537
0.649406972802129
0.165782870154526
-0.837696496403983
0.112312534959049
-0.769566856903740
-0.637835533996442
-0.225375562502362
0.971699349395050
0.442286177759863
-0.856623719200184
-0.628924220102983
-0.767306716524787
-0.066998666432805
-0.744928847671024
-0.957258838078735
0.289097174576308
-0.264256658131679
0.444475540834818
0.615536570972366
-0.010135317314884
0.635382311850426
-0.771818298662510
0.792103614833486
-0.542468958402230
-0.045272909955658
-0.704344439538885
0.016285331093319
-0.998879600679527
-0.335058389171086
-0.400166043810265
0.364217166540486
-0.771136516147595
-0.036694975263600
-0.616376325261927
0.393169718058594
0.576626250131927
0.056424741649309
0.319670598953602
-0.645039180992309
-0.753409925570334
-0.984882274183924
-0.167138787278224
-0.134189157245388
0.631069276999308
-0.863403741387028
0.067000942452015
0.646851455425698
0.538280179545060
-0.761775875318114
0.639912866402701
0.643278388034743
0.594625437508175
0.926767591253227
0.368235876815244
0.225481395163114
-0.142657924510048
-0.882528637914404
-0.226842815688555
0.822660352390170
0.041309306203815
-0.095123840609215
0.820791510606056
0.072266070889720
-0.894577359629431
0.617306913796268
0.274453480463181
0.477044371940405
-0.874639456999548
-0.126642467372686
-0.980425841553360
-0.744902035228569
-0.607192894997659
0.560772165880192
0.470620673262046
0.685951774639580
0.038538130123951
-0.454583365222837
0.727637329881659
0.233578405745659
0.808957307119956
-0.764339403521104
0.611431444115236
-0.620870851668473
0.744889161833368
-0.572911365203620
0.769411852462225
-0.043133720252034
0.254891380092291
0.487848663093274
0.072065024665408
0.210800833644349
-0.219848927750517
0.344026019905916
-0.608769340294675
0.507433465157388
-0.571673809599570
-0.361655320197608
-0.242633287262049
-0.153897261343363
0.048178095095910
-0.570945694629563
0.337795512471837
0.138109739623615
-0.152809600213704
0.500665672244488
-0.153409693467521
0.121283813051181
-0.064295759718331
-0.205406933651937
-0.686741330409885
0.092316954300406
0.729003920218937
0.484424864768972
-0.521606914360655
-0.028441680790380
0.409433277212563
-0.001464010049197
0.193937589441545
0.094398921251881
0.375026962274248
0.007668193527815
0.339408593247895
0.588821557543960
0.577533788190982
-0.455971775981033
-0.134493667205858
-0.042639439521994
0.348158459025291
-0.186325716717628
0.800843129784620
-0.172873130811880
0.002768738100202
-0.009611762821601
-0.089672946445255
-0.100696049129476
-0.067583461717205
-0.068057193612772
0.151249626953414
-0.126660497913474
-0.268590597376665
0.402550400449236
0.541765329991554
0.009737293816341
-0.015508532100851
-0.130616634776743
-0.610115918322184
0.140949043574096
0.463753912554010
-0.445879175837406
-0.338340675862997
-0.011816296710435
0.307185957890840
0.299097313789190
0.679210880745732
0.251464774498239
-0.471609946449515
-0.004984804652629
0.030130317777073
-0.018031642906073
-0.068418492135446
0.222881165247941
-0.144577753627368
-0.108575655810407
0.062498440853705
-0.186064128242401
0.637159580313394
0.008599667009894
0.002094349413217
-0.768140130572039
-0.377585291076657
-0.712445420839409
0.336798942194695
0.024069614116398
-0.002546627888755
-0.160120913155246
-0.229478943931800
-0.384906612340606
-0.594723611345033
0.016498826827754
0.041256757637955
-0.474013607318697
0.709164376787240
0.039248378994686
0.520724393328428
-0.735235684875247
0.279575020581300
0.265629245418885
0.665102130833086
0.459792274668628
0.826570033844382
0.004908832694616
-0.127568971142875
0.026410338853443
0.037067853823927
-0.759835352390137
0.079969212597723
-0.089025273310225
-0.492056250627369
0.533543766508230
-0.084668129439627
0.091055594454427
0.043794039710349
0.227737216026337
-0.425146168972753
-0.057357495680972
-0.047056227196915
-0.960251036690605
0.082004899514605
-0.302803530553391
-0.279276855675218
0.136589417019594
-0.550333368954207
-0.358766467101663
-0.434211207994649
-0.391342785817292
0.203371056508440
-0.405225020488247
-0.615954660678262
-0.058825272959406
-0.063040262695926
-0.136684653783799
-0.063593711105327
0.049793948102025
-0.271952769629414
-0.040574179059227
0.680003305775851
0.022044117561485
-0.726291286107919
0.512608737986627
-0.033617881627618
0.255594184112843
-0.475079800322258
0.054807127881470
-0.197314581583684
-0.190348897990538
-0.153058221489197
0.278832573035343
-0.045059573074574
