0.493253163705453
-0.869862042589487
0.005078323848981
-0.403997477008616
-0.721552646428756
0.639379074693545
0.123545516216249
0.496440952730567
0.909681393414051
-0.330445320793669
0.897338888109719
0.079675900560387
0.330987982097065
0.716885093887322
0.164484524258145
0.804507752067178
0.138583790965593
-0.986602749750727
-0.623164029485335
0.378004108586297
0.119502974286906
0.813386672708364
-0.206311705698985
-0.933974934227818
-0.345971733595716
-0.113349978857257
-0.042453229773893
0.821850313950402
-0.429036511277631
0.806739014349985
0.913071092418607
-0.241830455276272
-0.944909433842168
0.220430226936635
0.981371793824038
0.190120394836384
-0.908111581398977
0.409275133437015
0.531938706678987
0.829242238554086
0.745328831450533
0.526556605834080
-0.898605964901010
-0.298699460480684
0.160031270992830
0.190446152511140
0.947977798377168
-0.089639029847415
0.355232277111975
0.843023735956970
0.639740359667436
-0.338540187193268
-0.151220675240137
0.959166385131399
-0.778500619497632
-0.331854449346070
0.400163635574827
0.915459223556002
0.702287287276733
0.668982910303979
-0.838299414174809
-0.192153831094962
-0.508433119824275
0.184417730651770
-0.999803976110920
0.017143015667716
-0.507612254836283
-0.533355399224364
-0.563350674554224
0.793731619099119
0.402070709709481
-0.343887889519972
0.762765987052761
0.503322192215635
0.918539858574315
0.372438481682321
-0.853277364868228
-0.521438832942197
0.369497985272333
-0.782771339312876
0.978493741286211
-0.062278647028275
-0.254004145585671
-0.701005518009461
-0.283134925639007
0.912195974276258
0.833819587725403
0.443228390025132
-0.429925897577221
0.519501531320746
0.375263976923513
0.133658440668429
-0.635847857071944
0.039014888890255
-0.634492561288518
0.498040375617959
0.678630611023187
0.592902131632968
-0.185200973141208
-0.966813928747015
0.612141506617419
-0.753600565402551
0.691654770116092
0.290035579940735
0.710995243851017
0.668553364790318
0.002181480664059
-0.814214148181555
-0.280117222435229
0.941425663446413
-0.676821584058935
0.733433408124770
-0.538473988314338
-0.759341529600765
-0.789463140555702
0.604903727781028
-0.671682188393048
0.437562355212821
-0.826050081016181
-0.219852750654037
-0.791865887287429
-0.558359048243302
0.534107944541481
-0.316917301629160
0.344862382088080
0.916363551747424
0.669326270690484
-0.536551874910659
-0.822250765824057
0.328214682666066
-0.773544445634611
0.451609518515960
-0.288946539182023
-0.887415610125652
-0.941894950216450
0.271808702002774
0.226240349404590
0.659736371080554
0.923118531809391
0.359234671059466
-0.824828944948674
0.555554137877405
-0.253254903853547
0.773218686578944
-0.176169395687658
0.826899411154530
-0.529683819537304
-0.484379889532685
0.448424042670106
-0.078854811625543
-0.030384935525593
-0.924073325347792
0.581886838116198
0.809978796484101
-0.006400668507580
-0.000612208513248
0.497398000552268
-0.767694912217193
0.097967330111358
0.246897913127142
0.843767801314336
-0.162292277511900
0.127056957532874
-0.217122504555216
0.330471083834580
0.281466753818463
0.609090488977556
-0.074374014995560
-0.326856862048898
0.467842612290646
-0.021502257438474
-0.083349864972644
-0.666177994970405
-0.158070760309080
0.095898489227811
-0.561181467584973
-0.237185411292491
-0.169909926124785
0.654791888818447
-0.662346528777349
-0.535381482731847
-0.190069599592466
0.168125989764548
0.369910105677075
-0.103637012593969
-0.311574358237261
0.238667578827414
-0.039930736349293
0.006946887911169
0.026746560567605
0.049519082434542
-0.073314946320675
-0.049237266522896
0.164238283356371
-0.131604730337123
0.387173435057171
-0.054189093450337
0.316779883047999
-0.847232269963957
0.469380161521388
0.233201106413638
0.197281986201087
0.352960294333613
0.196316174919242
-0.363632727523237
-0.586424806212814
0.236683470052343
0.033362973756313
0.181684951475895
-0.500799349338856
0.042387188386649
-0.002607878534938
-0.186701787984170
-0.156194987801210
-0.251657090047793
-0.443846489699285
-0.421605236583715
-0.727828886327134
-0.007603000745593
-0.006349861909784
-0.067594090314790
0.673270269514970
0.100586357135118
0.206175942049208
0.806710595483536
0.263245662774932
0.205771406115471
-0.350018497002569
-0.091780758435450
0.095657712461975
-0.004378920383414
-0.000327352543692
0.142459693273758
0.480047398724710
-0.010461707830464
-0.196371894774460
-0.598044974607531
-0.293964906225655
0.191337738486160
-0.226103932359841
-0.116211381039439
-0.307877255278909
-0.699670249911560
-0.236100450945179
-0.470467447871848
0.787383483033892
0.733980202781434
0.235474845847329
-0.021141621829368
0.590701283010527
0.120848510630038
0.416321022248312
0.039042429814460
0.171601618298007
0.235502277050760
-0.043676552119169
0.617115601502978
-0.238036500826482
0.062135818221374
-0.208952869668584
-0.573563711387315
-0.089862289213592
-0.139029385460470
0.126185941681863
0.062094343482202
0.011500943698314
0.215187242784088
-0.295195961820963
-0.088662876375015
-0.054574024713704
-0.187649578285543
-0.567600087090720
-0.102573186252078
0.508708927723026
0.230987105166601
-0.088479076860467
0.037066170793336
0.782890941631391
-0.101633269225845
0.176120575276849
-0.369961896705649
-0.356710840709088
-0.159380350249112
0.436779926437371
-0.269816640448564
-0.353379136269638
0.318021259460877
-0.166930856737053
-0.106225843389324
-0.166343026510115
-0.055823004857141
0.714455748877053
0.124250227627981
-0.058004381500591
0.071452521487028
0.076885295312535
0.575242147572336
0.084209785984944
-0.094203552996116
-0.525668525268771
0.450745773547685
-0.530697109060880
0.073430001996196
-0.887302559133996
-0.353716719934072
-0.141597058983800
0.042687135468001
-0.059328453029201
