-0.850371545185078
0.517814046868481
-0.728377662343662
0.223358908709808
-0.503071198062775
0.500622307267868
0.141857801436814
0.980389446923939
-0.348395950578838
-0.919085846095539
-0.286890398556085
-0.646188919838098
-0.378080760851470
-0.924472407745603
-0.238491227374739
0.306643139600527
0.278012473325899
0.782630427962541
-0.699078619785210
0.146513649345080
-0.276716376306114
-0.866974495785303
0.174673403843010
-0.512519166138063
0.089660303443332
-0.994180838097698
-0.526699412817412
-0.828070078268867
-0.622979462692823
0.782156663116352
-0.372937694329129
0.229239274346501
-0.759979618057260
-0.601202113015430
0.990044907259835
-0.139699276672817
-0.324446297789949
0.884726462657772
-0.654171984783516
0.502940993583567
0.641861390639174
-0.665652360724917
0.909595376822837
0.294594107369691
-0.943421320672783
-0.104024773639905
-0.372708788884182
0.846174785356217
-0.417947396928338
0.720074822443824
-0.956888932143083
0.181280944375148
0.676421662671009
-0.130905930345493
-0.914604955339080
0.195263762212073
-0.994504871534977
-0.091736924873848
-0.763151955509574
0.193528067512231
0.832398388568380
0.367093677598884
-0.314128377223438
-0.699624646899658
0.014465997254946
-0.381675098565516
-0.119772985668924
-0.989103706746221
-0.980247925591933
-0.011486361163133
0.680437902749586
0.725711168842159
-0.289867130923111
0.953706527098116
0.216127689727534
-0.927212232343376
0.809248342108713
0.561251445682986
-0.304811633457902
-0.909628374202846
0.338827579943911
0.042203696630482
0.202148363146867
0.833731618877824
0.570317855573791
-0.728115005721840
0.967207954587562
0.188471931083582
0.088234097115694
0.808197692281886
-0.834196544316567
0.447067767234960
-0.381502354061336
0.620941056886902
-0.557984147163587
0.090789849516229
-0.282803067846439
0.950290042624215
-0.576355300993595
-0.768298312545189
-0.428521658107161
0.433378962419133
0.834701591568745
-0.237296715785147
-0.443963449255390
-0.846373075663157
-0.338243222820274
-0.511881611816922
0.440363085519859
0.457159183589926
0.558821666330893
-0.361922019149706
-0.333991423404017
-0.605932187711459
-0.522635513915552
-0.705333531208554
-0.912943310871677
-0.159780947091250
0.036172032666465
-0.962533931988427
0.647652490933543
-0.715107797254444
0.036312060793188
-0.726957929881995
0.453468373013141
-0.890543941017244
0.702138265025505
-0.616125450127506
-0.762573933908775
0.424695313458521
-0.936797853472579
0.338986903463953
0.338362822952287
0.676971277542266
0.567126811152117
-0.660052700756703
0.894755276951682
0.308112167813111
-0.354760935107677
-0.410706800139240
0.758375569649021
-0.626786009052522
-0.814268325299706
-0.493233086610454
0.114647624130883
-0.891473825996521
0.859685290174045
-0.133810330815327
-0.338978293893671
0.043682731048366
0.710951179556959
0.685758350772477
-0.298249669114535
0.506125733679981
-0.886790198803509
-0.417376888260669
-0.883010129882051
0.333904987212106
-0.018766951752140
0.091567731910110
-0.133513950730224
-0.633838152732346
0.632083306686401
0.311074538581777
0.124803451222683
-0.056008884068452
-0.138638949206288
0.121163983469060
0.621710092105849
0.337061330425992
0.013037708323011
-0.047283440576016
-0.134771361194631
-0.911552850691044
-0.554384007373935
-0.053451382305815
0.676295154292315
0.180132446259762
0.357402058570019
-0.209873865147012
-0.821945852801659
0.176687071946972
0.039219945989388
0.045025403744965
0.005144314001396
0.191992734360031
-0.006432563243271
-0.009282539295682
-0.025034530527067
0.898743625027100
-0.110495552102309
0.220856814268725
0.001399786103186
-0.017124085517790
0.334126235012010
-0.018797478558567
-0.006271337285877
-0.564862852050139
-0.348353514398714
0.153527583430979
0.290773873856534
0.036070994552975
0.032515343105915
-0.313173770663978
-0.304455261723990
0.228874168320549
-0.431022681215150
-0.347896064596059
-0.040048405729598
0.223376175871649
-0.364464583281420
-0.626484588161010
-0.231626431015070
-0.267804098719956
-0.036438993403448
0.034879748675021
0.182544490465805
-0.588917217346779
-0.281438667039994
-0.305200641005948
-0.399739935256494
0.502052487529573
-0.848246559677214
-0.366868679576485
0.067396333830525
-0.052782794460340
0.136648533631879
-0.142510512370843
0.101588060289701
-0.005236976806205
-0.065644429841187
-0.045953404788766
0.208863859146471
0.223477484924756
-0.150332105153787
-0.086684448853803
0.140417599040232
-0.244844821945635
-0.890032985980752
0.302086085290703
0.460642927733980
0.227674592541796
-0.283505247440661
-0.253398612328494
0.078539901214782
0.151058226169055
-0.581457459755027
0.030634242142463
0.300660764876804
0.117684499461657
0.555001199192298
0.401075836486003
-0.556799070988676
-0.608593205092772
0.120098563007235
0.050473704733326
-0.238344560572861
0.143958814951106
-0.594460026199854
-0.524565668640328
-0.367785950198938
-0.334211035943536
0.273141856927720
-0.109282196682819
0.786837372755711
-0.066750929092817
0.765462548650305
-0.105607387926232
-0.032637910158316
-0.745429784831718
-0.123967403040351
0.711286156178507
-0.179297362066361
-0.444082408234263
0.218144760902574
0.305642639976888
-0.173715878697723
0.205043427868226
0.059810585711754
0.256105023633452
0.485602971842383
-0.484152203506792
-0.017631286027410
-0.031417535665776
-0.326878841907951
-0.143323093760459
0.178533131186261
-0.454137431971967
0.081828914579001
0.028314126296111
0.639848229890903
0.133471840221188
0.132585613580509
-0.474466718925251
-0.012819920403015
0.322979157305056
-0.623308709544018
0.562983885957213
-0.068065091064131
0.165447688391123
-0.031740631082983
-0.304435131062088
0.423364794836085
0.113545543011024
0.063839300082799
0.488835903949781
0.804357296641280
-0.485998842197205
-0.021708719193278
0.154313434746844
0.548197466615423
0.595284313732861
0.195591001392867
-0.033820653837713
-0.017786416734921
-0.329369417858274
