0.074594917701052
-0.518324634522504
-0.625144779378878
-0.430542733827496
-0.336022158118620
-0.789915018172521
-0.009813092389260
-0.833839163818489
0.137158861091241
0.967212318640892
0.129454491363722
0.809278197066993
0.412274514427548
-0.857488172502168
0.301822377275531
0.270021366849526
0.838974431532490
0.203740204639506
0.682981602094569
-0.372782962281803
-0.843136887754619
0.531698096611835
0.674949640585744
0.365388504233893
0.273425431177886
-0.960100007369194
0.868381996256803
-0.051837247045528
-0.796130511274368
-0.604652372682127
0.253215247766893
0.518774436575180
-0.510990412637889
-0.835438321729174
-0.370715320986608
-0.566080592030016
-0.781955899912113
-0.141644099980963
0.025764930342148
0.830164996707912
0.789525627614296
0.246672937549791
-0.005688260962243
-0.537911348549279
-0.601098812803441
-0.732538969990516
-0.234377341567630
-0.398796901487992
0.083181134494833
-0.986011804562010
-0.671702182744857
-0.736053712379432
-0.642961031651289
-0.145086247022490
-0.885997506235551
-0.447572243773668
-0.802652824508746
0.379880260765758
0.551940464172190
-0.539049291686297
-0.273010955398207
0.735698338983498
-0.942668429219252
-0.256709232132963
0.979493542185351
-0.099888114471902
0.606840568541125
-0.692690945227958
0.528711400115057
0.848585938265822
-0.610954273956978
-0.452787995458833
0.389140178397277
-0.897113079530072
0.539797202295402
0.465754332656899
0.888653474104964
0.450673792298847
-0.353183503700192
0.836526542801704
-0.954897817096120
0.290237691128275
-0.421517997266163
-0.847586235025916
-0.875040908151690
0.463647295345290
-0.484347970374316
0.873174979044191
0.408073314138333
0.079090527205415
-0.225554075421968
-0.745557118339102
0.626444627479389
0.594548291028044
0.083394057323399
-0.348221692581401
0.916450898366480
-0.049128601820979
0.814612265065320
0.459082429128685
0.069423658348305
0.941008698173202
0.004058441135587
-0.970678317346920
-0.988578776569342
-0.071471284797180
-0.011114023044497
-0.824045512483164
0.552537591604055
-0.822773272712433
0.946809526130689
0.253095925067293
0.919690163769920
-0.326657687608540
-0.486877959484058
0.796257301303790
0.209710511933633
0.971917264915163
-0.761738020973342
0.642442684747110
-0.765767671668522
0.053148636910321
-0.758961986517215
-0.481150432275180
-0.484900984283322
0.398659822346424
-0.486034682869550
0.687310396983523
0.960560637723271
0.277902159808356
0.549864070292879
0.747228155418626
0.907306526003720
-0.116237217850399
-0.012000885354600
-0.967979709132391
-0.076212781599894
-0.241425942125765
0.728150595080333
0.612597678704215
0.716304316811154
-0.665740965637645
0.444185070687647
0.154482807266788
-0.486894272588952
-0.247320854142945
-0.968391034280711
0.128649937317405
0.586557412445203
-0.065656159777491
-0.692146127270936
-0.049976570238226
-0.761130316461480
-0.606822730984812
-0.847935178658036
-0.306737030167265
-0.649642656175912
0.759148409463946
-0.392982325949889
-0.904149675649554
0.985150335432136
0.055909866917821
0.524762324277978
0.326669707479425
-0.365052641457405
-0.893385575581238
0.358601576318846
0.772774275556533
-0.049937852851579
0.649101817911684
-0.333192024682005
0.390008266588180
0.515209474638179
0.197927131397629
-0.105533454265457
0.185877560572179
0.405020587739718
-0.405300700622058
0.113755835140417
0.286012882129334
-0.116795305564481
-0.906835470533966
0.437814091000453
-0.250859829326329
0.383034133539235
0.497849220925962
-0.014617228413740
-0.078763311257888
0.255926414355781
-0.587737946777206
0.058589029613124
-0.003719548877751
-0.434688776949100
0.232961961681058
-0.011977575092766
0.020694321027380
0.508115366428538
-0.639197854074658
0.127869071220729
-0.156783638826406
-0.547894427683366
-0.491868488751068
-0.253104198672118
0.551742860531756
-0.512940269311741
0.216920553945023
-0.110438649024944
0.551003675144145
-0.215194056053415
0.815052478695943
0.308365024660195
-0.083533743228980
0.766565862061300
-0.445426842753648
0.140268267998886
-0.034444638495912
0.082592766933011
-0.014817052291185
0.115286292982527
-0.743142088266561
-0.035211484556827
0.115964032799372
-0.158772079983316
0.431544733957493
0.084598277820843
-0.630579667077552
-0.619543072871549
-0.019476989150235
0.123246216913671
-0.174031527912274
-0.174757044143490
0.008645283492922
0.342713167408621
0.185664923064731
0.016380939608020
0.009890681647316
-0.613970118446091
0.211562283872544
-0.036440831766043
-0.205985703079617
0.058387819644218
0.698772312361171
-0.057143676511208
0.062631750182597
0.171941840092365
0.381995758520872
-0.005053856813729
0.062503600575481
-0.276943268221871
0.164992661539551
-0.014720783959168
0.138267469419568
-0.034820064147148
-0.041953101175550
-0.370484403255363
0.830639612430713
0.624650298908080
0.055515281035786
0.445076713586195
-0.236613983866453
0.840810668425561
-0.405985841970686
0.287983133883251
0.273440754031232
0.290367866947659
-0.203314246216838
-0.328535744821878
0.041800119596101
-0.040437607921488
-0.236921786996656
-0.098507576794075
-0.088882592672937
0.355457243064527
-0.440993900412570
-0.125067176216767
-0.045875407438269
0.030420691881591
-0.196389295655227
-0.117697464279930
0.183335933993243
-0.339872541881519
0.115805086088830
0.031148925733230
-0.102117950283133
0.074854214830395
0.037675333318610
-0.467725657895462
-0.438186951389703
0.128476324538420
-0.419481583119389
-0.747451932799075
-0.217386728303985
0.498670991022285
-0.206644496561362
0.008538585540397
0.004554490913752
0.368901830443617
-0.056665928440067
0.022065403302419
-0.403480972332725
-0.238771043896323
0.076548351094835
-0.912536397374445
0.321220251317320
-0.306841991160503
-0.019203837924291
0.188200575973307
0.090981512368598
0.535476202949396
-0.701498340206218
-0.653260705287404
0.524420454743599
0.075436681351731
0.199943255599183
-0.047572765028113
-0.805839005395272
0.582614863621430
-0.423079190717827
-0.178890190982583
0.142986412269126
-0.193921253704823
-0.386410241168477
-0.020863522761400
-0.034968916240738
-0.080167775688283
0.147144090112428
-0.101860576460147
-0.126401449130888
0.475515037942819
-0.625936781092085
-0.030453224146233
-0.260137239639867
