-0.845494016977244
-0.472004980382404
-0.878687669016173
0.116624046558314
-0.362688828359866
0.607291913968945
0.654091429008654
-0.425504697237224
-0.382002359770084
0.404793719864368
0.800308717178073
-0.148372899788112
-0.665226413256159
0.153034358261306
0.617483042742172
0.737641766690481
0.427171308763939
0.795812445026650
0.931089528182006
-0.092136082787293
0.975663650646322
0.219123993642516
0.192131814912106
0.981340785431769
0.548624214270442
-0.833102216430856
-0.502745448882301
-0.796685445187736
0.394280344199292
-0.781493955550486
-0.295798992607405
0.650257122470691
-0.075167989735399
-0.830528279639549
-0.649000548620016
-0.044181828500327
0.843474054720265
-0.288455598693427
0.090657770441307
0.832909679112988
-0.309977529129675
0.916052866510192
0.001330342916203
-0.999921725032241
0.300733657445850
-0.940996016988547
0.199212762226789
-0.106918088014634
0.373094015603753
0.462191130502655
-0.489285924966363
-0.819359462731028
0.123145498889007
-0.584751449520555
-0.621390708211970
-0.596073232688839
0.180454358543798
-0.398539228640580
-0.196349028222706
-0.860451392856044
-0.942117339972437
-0.209366962602593
-0.812989138562424
-0.286394679124380
0.173688267557043
-0.613585155057735
-0.052637962249898
-0.782751454928191
0.786224497688627
0.366549344771102
0.461548937143921
-0.814797763888784
0.851704758950069
-0.075762628326014
-0.045346597542569
-0.937655979949028
0.053152204826437
0.658074619760995
-0.289022358956570
-0.928305829368991
0.421672921391569
0.902965078556350
0.990901098553219
0.068384635593553
-0.382245202282225
0.922736967637886
-0.931641581990371
0.314746502481901
0.963387488990561
-0.149679818831072
0.921744272148847
0.339950810456927
0.662989999348455
0.683472910900749
0.337552782157088
-0.425643349070277
0.792189108355499
0.564010648290915
-0.965560493569157
-0.160365598926892
0.064107111890806
0.971482293604001
-0.731122157632999
-0.365063449231532
-0.218545870130077
0.920778420331255
0.355035652800266
0.699831697021755
-0.686360308295219
-0.258249818450142
-0.658557876947201
-0.741902835424441
-0.418592263487037
0.602249199815965
-0.353385829626672
0.830184823698507
0.761368170515362
-0.643303652114650
-0.052194808382727
0.833478406279497
-0.896225767069206
0.129461373483047
-0.933170769716802
0.354365037552301
-0.651912502507813
-0.236003880619320
-0.463751793536886
0.493257709591447
0.194878465774769
-0.980279634336596
-0.313165053157608
0.382064133742775
-0.966455489144782
0.000822026017455
0.505502407915350
0.848517437720199
0.235383056984996
-0.671106461787985
-0.647237419976283
0.307511875806927
0.021831377747388
0.281999098550814
-0.836356456709833
-0.419072690310199
-0.251519299106683
-0.931780245377062
0.840502290229845
-0.233983852346618
-0.671020261974018
-0.564492832027559
0.422826041840158
0.297848933023179
-0.823428538305210
-0.493674914822485
-0.316339225273324
-0.239200336110491
-0.875078006679207
-0.312164657646304
0.541947076773878
-0.392033319649447
-0.279207879908621
-0.743316992932366
0.398566270216966
-0.549447220467687
0.840494038560610
-0.537847077972766
0.753084356949788
-0.596640718241825
-0.756216556063421
-0.589097605200602
0.768385832304780
-0.541137438057415
0.579777675258022
0.808925882123472
-0.669941593610527
0.738982228229518
0.867322365370477
-0.482891515329180
0.184048984187975
-0.168751702715157
0.086170931431642
0.454842151366265
-0.576207554287280
-0.409436441212985
0.448094059820480
0.436258946819518
0.790342465809577
-0.256076215659503
0.352128673963463
0.462057179134778
-0.403148304760260
-0.609529120442022
0.236981187260621
-0.135791136839493
0.411234691212022
-0.122854605340465
-0.251935396795622
-0.247207986521179
0.006241726234080
-0.005114398426420
-0.006789201317194
-0.003087926846999
0.070370951618513
0.000312509902856
0.312838227999710
-0.121126207552922
-0.452695556942243
-0.169932163938716
0.561304862778057
-0.417858207613884
-0.543630777768246
-0.095069067005005
-0.071000298711904
0.756178028974729
0.278235950707828
0.357672535051104
-0.541129236379060
-0.072261916901828
-0.137138264687514
-0.214369245815764
0.012382990618555
0.001198140064404
-0.154736780733992
-0.011928620163817
0.459299070030698
-0.859026869248106
0.333871795897200
-0.731922016549389
-0.120275378291609
0.273465149223339
-0.410378845743296
-0.688832440694678
0.493424717195463
-0.122891567978769
0.036985537104693
-0.898462452060294
0.111598958606283
-0.456745150041121
-0.137469748911376
-0.222895627655787
-0.418187465150166
0.286611221587799
-0.696285293515673
0.329442609933203
0.198360862598338
-0.587522231857843
0.236217795682113
-0.437828471076546
-0.188728381902218
-0.295734307187590
-0.506097347132239
0.112802938599349
-0.342054716388768
0.041755482913494
-0.678821479125940
0.321425010579109
0.195848270612707
0.127897685986657
-0.018200872004699
-0.080713954995980
-0.033427676298729
0.111000652962167
-0.010270396166292
-0.048369544645854
-0.162528617431367
-0.081012655787462
0.157530651486289
-0.157049647352241
-0.076749135269064
-0.170089721811522
-0.292758947446356
0.087185087709389
0.815188928165675
-0.200880238068223
0.104256861100680
0.208468012248435
0.025640292817432
0.203269238507803
0.173700115061849
0.148123939477825
0.091142345063945
0.569106441353012
0.296865187151795
0.127576894297892
0.601092846116294
-0.151237136418785
0.657444982559111
-0.173154998123674
0.123248901041331
0.026294750275952
-0.679607621385855
0.014487899229697
-0.369731772861958
0.221833338468547
0.031894671573350
0.073902977120492
-0.546284088056033
0.064522425407506
-0.226816882167022
0.358571093621793
0.009689807035427
0.059361960431951
-0.643987574949528
-0.323407267570239
0.633748114691118
0.374158299447405
0.021912780340657
0.024373184853938
-0.213502458143888
-0.842835302745852
0.244753468993067
0.077838622746075
-0.155311780168100
0.019071560438167
-0.702718527272309
0.019940031570886
0.222494847035706
-0.661072016850440
-0.660452018059055
0.695559509462635
-0.272830030496447
0.224610177897736
-0.209842045752085
-0.156492595149181
0.462316129541969
0.158339045483903
0.282293610447782
0.389088637857986
0.139273703507182
0.844456622302254
0.194506335000698
0.201041802678332
0.234774526262021
-0.887464712299337
0.174551823247190
-0.326072644887596
-0.060699265729310
0.740890573162330
0.604742508583342
0.061719576531633
-0.731785342946565
0.061179179581344
-0.028315790439320
-0.059063591763714
0.225195329999955
0.161774126483860
-0.257291341341041
0.122072509409049
0.066028551029192
-0.335251720793396
0.047508254423719
-0.085086604496702
0.030455766708033
0.064466842529708
0.047259610251210
0.111059570457270
