0.216329982990777
0.933783950279884
0.610316270333426
-0.572504480186215
-0.885763391366728
-0.257931599961362
0.561457864353029
-0.772906429248919
0.156992791275110
-0.945391170394246
0.795648205786006
0.407284379135044
0.895367044854342
-0.252128216893500
-0.541066835333097
-0.797791646242586
0.236958001790412
-0.158429094696650
0.540350325754156
-0.088171400070470
0.335373610114478
-0.190837747562338
-0.142480322079261
-0.258998216213955
0.279823193536463
-0.057339155795172
-0.177224030554083
-0.411891988434171
-0.308820496138950
-0.198441725449560
0.206838718150886
-0.167310829182900
