-0.761856607749414
0.275053393344054
0.336799993349498
0.915893303111408
-0.985688257087425
-0.161633724724957
-0.640893383004385
-0.202481352619339
0.859149573818291
0.157223288138736
-0.459293583514223
-0.793308109332466
0.966113281709056
-0.047708886541098
-0.462141743039841
0.885433728568622
-0.746799806760614
-0.611871548293710
-0.867995100590672
0.028667535664658
-0.368999460035829
-0.403280232496691
-0.288789836159925
-0.800407904785467
-0.199237498141863
-0.925802921455893
-0.652817920160421
0.708492938317052
0.260762472399229
0.856448089598799
-0.546485644800066
-0.748518354291912
-0.232975841952342
-0.038130110874523
0.683463625772205
-0.581874917231007
0.205126763570416
-0.239113180273326
0.973020131596892
-0.007178508795999
-0.602249750565693
-0.711991387262657
0.934803179009717
-0.354847351620427
-0.734731672447112
0.669124215515249
-0.292876089029852
0.918223566671452
-0.028551157540046
0.933922443058555
-0.866622535697532
0.077579107459355
-0.696234761333004
-0.068654400556051
-0.102341009521302
-0.843499820805352
0.501423528644322
-0.743626638099103
-0.193992611317086
-0.974300430343680
0.789644239803694
0.613299769539888
-0.823892919791440
-0.464463901632399
-0.158173009354390
-0.629137904499336
0.003838008309366
0.853518790560176
0.223509904487456
0.969744722534845
0.721977634292709
0.580309089718033
-0.528458861638815
0.234054702227823
0.885130838732756
0.304227095301676
0.098157548554658
0.247712433622090
-0.257476836603307
0.868071773514903
0.180046329457918
-0.877480016794846
-0.929459152622380
-0.324154001746357
0.290230038094114
-0.800886071804122
0.884108318768640
0.263255111963575
0.306896725568174
0.623990003060134
0.316490550352337
-0.268903561309542
0.532730531105722
0.721206556746282
-0.698315148482134
-0.659045577658921
-0.306457031320952
0.854400121999843
-0.853669340428982
0.519408906120644
-0.758556747948186
-0.259710145755962
-0.820194117020220
0.406510039034342
0.999767506702413
-0.021554460345267
-0.683523913303620
0.499641481641784
0.506101387609474
0.601015123343312
-0.279638320382503
0.679468914800194
0.770582976444474
-0.467906070871986
-0.375433074496485
-0.926459009429332
-0.781996637245323
0.159950317183794
-0.107393070002542
0.987584393663526
0.364761943780263
-0.341196020366559
-0.616438859811833
-0.360460413366039
0.591766945861556
0.464976973461857
-0.636871302117234
0.770028194778367
0.854045920887584
0.233507130125437
0.762414721503111
-0.212493449220086
-0.919399776204324
-0.154840867863020
-0.675030368082775
-0.731375115237707
0.432767780980855
-0.801673157801838
0.883642587385305
0.464137755994390
-0.200066440142272
0.809450766180436
-0.302813107538160
0.834644966310617
0.499871799130435
-0.766930596907721
-0.657909680136286
-0.270356436382661
-0.744092082066932
-0.334805923466097
0.085886956024569
0.971608611178895
0.719517963686116
-0.630023208037682
0.659658852259518
0.695882568644805
-0.270206120886667
0.774968535633467
-0.781932414654282
0.563482628736310
0.978401642823734
-0.187356949033261
0.595947538729473
-0.010170086587801
0.465244532328924
-0.495623026603721
0.162287929662938
-0.808304810572501
0.039779573273099
-0.859328907747329
0.632591378950881
0.174161895615061
0.737549637957386
0.288069807775804
0.700731262264597
-0.634427200204823
0.637223794895788
-0.225864007424443
0.250542640914598
-0.640499069538241
-0.130755439978624
0.973423409004035
-0.048754998496005
-0.998777872489132
-0.949062567741727
0.221897616308654
-0.917449627355226
0.315334390779439
0.539520597199609
0.840534727281415
0.329784654639998
0.484935275683728
0.218037035058425
0.012848079171000
-0.026737421030322
-0.039727939641257
0.218088967205265
0.707597467382394
-0.361859605603005
0.325884140926696
0.261365660583405
-0.302323732574557
0.074224816888716
-0.242568888376486
-0.020005054513714
-0.045076817179889
-0.259526533087149
0.023435776810951
-0.260810319103574
0.421592997093876
-0.829112919460206
0.117372140454439
-0.163505397781582
0.499212981986596
0.300092026707363
0.114621749526745
0.066803661044395
0.259622399540868
0.426044222677793
-0.130330054606312
0.056161705695738
0.371375249752767
-0.842088131371456
0.484928789323364
0.312336400053389
0.311038624844905
0.273798450973284
-0.908725649539691
-0.131900308795270
0.189162895564498
0.035906732904899
-0.359268992454755
-0.014055188946669
-0.005368912829396
-0.031077205884157
-0.107127778790593
0.017120828551629
-0.266075093372982
-0.354462549198396
0.036469205782928
0.109966421833201
-0.480472942813841
-0.133694607501468
0.701904183148165
-0.144389053218148
0.507135259454779
0.098905850915755
-0.431058581501323
-0.111055985872172
-0.027786798816307
-0.017678802967380
-0.003581501473801
-0.306003610419094
0.108791227626239
0.419802871265423
0.634769521567684
-0.458225029685674
-0.248033800161338
-0.070185009617914
0.068648089097640
0.308368593758535
-0.216560537391084
-0.701009308084334
-0.417774553915837
0.352057978117511
0.006667297230720
-0.670900712630957
-0.692023034068979
-0.412083826906444
-0.101705428771454
-0.440358737059123
0.060797385389032
-0.122174021044875
-0.126899075410490
-0.469741592375688
0.231712885637389
0.182119236950411
0.340414174560541
0.710198634097342
-0.109857981243137
0.599734820638421
0.683990315111640
0.129515343148268
-0.423420665087538
0.250943492663801
-0.122646824085609
-0.143429595331465
-0.394350695021137
-0.032543773422064
-0.020098464258638
0.591963917499495
-0.081981831599089
-0.402362838669658
-0.011633770988527
0.000145065146314
-0.000562794250335
-0.522496484636593
-0.100751542456232
0.393852781841468
-0.476992864944671
0.636327220980148
-0.234972490801754
0.134471108624225
-0.411318983515820
-0.002885528154326
0.026746666121362
-0.326067788523448
0.506534256153754
-0.113571780326158
-0.015660288031265
0.864218529063494
-0.060500694863764
0.323502445855324
-0.620820094742023
-0.166987994088587
0.636964132244672
0.020528322434956
0.032095354241316
-0.030486239561350
-0.463843264900191
0.072116307500468
-0.606934563743393
0.166843797208557
0.320767056425525
-0.091000398821406
0.033813760385506
0.409687183174541
0.046782558154152
0.050228083265087
-0.035057964444765
0.326883306496220
0.444870970723875
-0.363464740084166
0.282073367815859
0.333461124825819
-0.225276102129740
-0.530437724836673
-0.461192010077724
0.101827216461703
-0.569089786417727
-0.192485267671900
0.107468875480897
-0.266431174900613
0.119912827954192
0.151659538075135
-0.239993820342943
0.570705315445335
0.026605712468200
-0.251192947153113
-0.089281181252687
-0.010063522756976
-0.086754391695676
0.550450118159080
0.584591966964766
-0.291847551841774
-0.672852396237221
0.530411307782398
0.197407714306300
-0.302537584673361
0.410417377458608
0.754472771632821
-0.016328449328703
-0.353491310772035
0.498076510794886
0.072198862415976
0.318221856557923
-0.054467576020995
0.734822814378527
0.724922701646831
0.038423998246477
0.093362502461453
-0.163197196217014
0.007863458776387
-0.001969153068971
-0.217032772858124
-0.054207618408588
0.138478721093381
0.199183450773048
0.002257887639028
0.049130432267022
