0.326882648860158
0.510466610435616
0.682958393996204
-0.319209401861914
-0.017128771719366
0.187012426363134
-0.257343872193675
0.386369665997507
0.378052988398830
0.008051351721075
0.229350537706238
0.267941926577894
0.529724828814128
0.289831286129866
-0.004169305826263
-0.063281915688598
-0.392288838886655
-0.261161228450406
-0.055604875704518
-0.084348424149223
0.547187079873212
0.248793742173364
-0.516566281778376
0.158149399509444
0.612385699139005
-0.293557765209223
-0.295782487245805
-0.535936995242567
0.201844876673801
-0.744999037022213
-0.303032353089256
-0.587191837302387
0.035447751976914
0.118170036165719
-0.728049947797810
0.454252312149572
-0.641665573297715
-0.124235704153553
0.156921667265973
-0.468242128946300
0.407836407388436
0.783847381147423
0.397656309240789
-0.085723680891589
-0.025696611256287
-0.640738411776596
-0.574650635822634
-0.349384100598132
-0.714689177498859
0.284381141066161
-0.223417315300240
0.720516551355707
-0.587556328242781
0.105707572743820
-0.564506084888964
0.195353100202851
-0.527770873174663
0.071893868055930
-0.852550324980978
-0.204667764674366
-0.452142200787824
-0.417101560040420
0.558545843812168
-0.526122202648139
-0.606209413149403
0.044218696380224
0.171504737175755
0.615853867678193
-0.206471433874445
0.283370273902645
0.190706153821629
0.018413812472810
-0.284096607867543
-0.094664370060643
0.687348798286282
0.155904303983397
-0.355743330222235
0.314284081640819
-0.702963934217548
-0.002695801561616
0.232466797723418
-0.000566574608760
0.001248922390456
-0.000419216808765
