1.000000000000000
0.000000000000000
0.000000000000000
0.000000000000000
1.000000000000000
0.000000000000000
0.000000000000000
0.000000000000000
1.000000000000000
0.424035256080077
0.640388203202208
0.640388203202208
0.424035256080077
-0.640388203202208
0.640388203202208
0.424035256080077
0.640388203202208
-0.640388203202208
0.424035256080077
-0.640388203202208
-0.640388203202208
0.410097050800552
0.424035256080077
-0.271547175735508
0.410097050800552
0.424035256080077
0.271547175735508
-0.410097050800552
0.424035256080077
-0.271547175735508
-0.410097050800552
0.424035256080077
0.271547175735508
-0.410097050800552
0.271547175735508
0.424035256080077
0.410097050800552
0.271547175735508
0.424035256080077
-0.410097050800552
-0.271547175735508
0.424035256080077
0.410097050800552
-0.271547175735508
0.424035256080077
0.000000000000000
0.000000000000000
0.000000000000000
0.000000000000000
0.000000000000000
0.000000000000000
0.000000000000000
0.000000000000000
0.000000000000000
0.000000000000000
0.000000000000000
0.000000000000000
0.000000000000000
0.000000000000000
0.000000000000000
0.000000000000000
0.000000000000000
0.000000000000000
0.000000000000000
0.000000000000000
0.000000000000000
-0.491851054411029
0.000000000000000
-0.579964811131349
-0.491851054411029
0.000000000000000
0.579964811131349
0.491851054411029
0.000000000000000
-0.579964811131349
0.491851054411029
0.000000000000000
0.579964811131349
0.491851054411029
0.579964811131349
0.000000000000000
-0.491851054411029
0.579964811131349
0.000000000000000
0.491851054411029
-0.579964811131349
0.000000000000000
-0.491851054411029
-0.579964811131349
0.000000000000000
