-0.453503672663862
-0.515041550537786
0.375855740772764
0.452631081828469
-0.676115790551935
0.125087732130817
-0.535138987587512
-0.225715495296494
-0.396699745277365
0.621834629746940
0.098719654372313
-0.012247540684536
0.041971347242795
-0.301722678946275
0.462719541678160
0.421105000633909
-0.277116348979512
0.428080757032712
-0.153234562359994
-0.348190863965630
-0.165139798280171
0.464693583161187
-0.296228882219522
-0.819211357731402
0.496733716015351
0.609504428041571
-0.359785151250465
0.116300329164527
-0.227883839088493
0.492452153310949
-0.036200246382485
0.351829678807837
0.207122019263567
-0.296970160519607
-0.087384588609860
-0.082830164800650
-0.514201441338102
-0.099944159022654
-0.407798912799430
-0.411238309892698
0.504672752435393
0.355868139992893
0.417357473809143
0.235599143871225
0.732795017451693
0.047263962949380
0.188008625557963
-0.550382933538138
0.772633164586831
-0.343097345097551
0.533280758769022
0.048532173841045
0.606291042779015
0.133622160498838
0.259469202468474
-0.102801872392098
-0.494421994658959
0.024970117873425
-0.682474367539872
0.197264599226987
0.574329839840930
-0.469358872550880
-0.230810755081598
-0.000718234721596
0.498866364263458
-0.666501531517149
-0.206997941318592
-0.720774186416318
-0.016136837157282
0.863113522832798
-0.226927024309201
-0.177624070763290
0.088915805879227
-0.036268935152785
-0.126410514908346
0.001073522819180
0.483800160387885
0.135095761844670
-0.711832599239601
-0.214424325948489
0.373296966394386
-0.012916666413698
-0.816786491505893
-0.405831092241902
0.807922442334082
0.446027592217899
0.213617731910944
-0.049685957249695
-0.280629906042687
-0.691437814274957
-0.276365318014958
0.457403978704153
-0.404907574179568
0.284014788453264
-0.253616221334998
-0.297206421660728
-0.750374010277093
-0.182052286126996
0.251581618582692
0.026930301155737
-0.011845150882490
0.008263678026065
