0.777197478993647
0.151756088097925
-0.499206878987530
-0.003380069684686
0.496451324659282
0.359998384899350
0.710049408975366
-0.303080121142311
0.485471214335215
0.572575263038277
0.628707919559890
0.322259276378214
0.865648252840067
0.173750820344695
-0.067301477239974
-0.097614012966271
-0.051935117652953
0.522967145756384
-0.135097118509332
0.214232053289775
-0.600234206615222
0.412171251726200
-0.076697157254701
0.010502097699607
-0.630723250824425
0.161735549983452
0.155837755369313
0.018482757437574
-0.418990391968549
-0.722435651489493
-0.065519700478456
-0.178645852158797
0.730480966973218
0.293273406495382
-0.487011580007453
-0.201212995316516
0.435374061818252
0.042446360212968
-0.201366208869317
-0.144184340718624
0.181104125723181
-0.681070847820611
-0.406697431171710
-0.769284411489629
0.301205643670705
-0.704068220909478
0.657586820259517
0.079094160614970
0.022765720329046
0.570290940266734
0.633386043463106
0.391421861046509
-0.259561022339475
-0.574871303603761
0.189793318287841
0.059292200628685
0.024106278620877
0.288022642366043
-0.814314085504341
-0.134841870096258
-0.212916687180603
-0.718531961262212
-0.198735167794758
-0.792739045229324
-0.120993258708027
-0.252297952055807
0.096799079704765
-0.031188244519121
0.336725246922162
0.367940649781932
0.516505572043280
-0.470921960126223
0.037204433177195
-0.235024526355717
-0.334169536608622
0.290476147065886
0.224800431111421
0.195246646540701
0.166161996925979
-0.386420335538645
-0.197493749282283
0.090045203305934
0.221405408272381
-0.810648579247351
-0.605126689986994
-0.314212103413168
-0.332663097227173
0.592553474803599
0.614367398450414
-0.309120026013948
-0.277660663074162
-0.034178254099211
0.688099404061956
-0.259393949541129
-0.150316402423306
-0.460773183547466
0.091921427959986
-0.646671591159801
-0.059637987174203
0.370299868676742
-0.042989091730956
0.705233086112052
0.529887956479075
-0.622062555481010
0.316790645968298
0.580066156993980
0.202171566364888
0.324352559802285
-0.207743930322138
0.198209421653138
-0.263873716994593
-0.108390444765193
-0.198764816045925
0.119815221356836
-0.474142042870559
-0.115026228705956
0.187164033045760
0.343712817976889
-0.475822342580214
-0.323101506851561
-0.267039956813183
0.723510933555093
-0.604237874599402
-0.266260633002364
-0.322779402948931
-0.246316727096979
0.190720065956094
-0.598156735720211
0.068680521260045
0.515073266919396
-0.167118781875279
-0.006482542252963
