-0.278560490484278
0.7719699180746299
-0.4992544551778603
-0.38185250338638016
-0.22081361688948398
-0.6289103655115773
-0.7388565967782545
0.24825457259757072
0.13587605453764795
0.1074837529413244
-0.28260383830405067
-0.12961918233200018
-0.23592055910061582
-0.40519296404398636
0.45133418502897726
0.3817767361723529
-0.16096088331075561
0.1843651285024042
0.40859456916504805
0.38753121593708645
-0.6168726411795808
-0.3483826160646359
0.6147397080692865
0.49940158322807887
0.5180403141233352
0.24039578558390903
-0.20402330989087683
-0.10436439811791033
0.37785140183430577
0.09396525526164201
0.3458097252385616
-0.16256022957681499
0.7371088667826279
0.012605799879331496
0.5798676699912972
0.3817004056639654
-0.07991714884979984
0.43496887190923916
-0.39972989823552624
0.2342654596474739
-0.13356764836923246
0.6432946016100957
0.9044473051812458
0.26000836934272176
-0.32546711797962735
0.17151538324742785
-0.27157000222977973
0.34520997579592816
0.4268184818567909
0.12650154635219912
0.6869338159198144
0.43217665047677706
0.0743576415172858
-0.7894161259889078
-0.012780572120778495
-0.3318852767186941
-0.5662695360140562
-0.03895775227076716
-0.6951981414567283
0.4788755112803635
0.13673575678612648
0.7981551925736802
-0.08458434320790131
-0.2533313873438285
0.15330693082477576
0.2998599772998623
-0.10893766436456354
-0.42158892360883554
-0.0537841437754049
-0.08034488701719825
-0.669028490816227
0.23461504997177984
0.4885137793926095
0.4113797981910015
0.06279952497153289
-0.23537345907153648
0.13108616749869764
-0.06802381325145446
0.1085810936341821
-0.07945489262105418
-0.625938360024064
0.05506247177716495
0.11790883135683006
-0.5975482625485501
-0.7472999658887705
0.5765042902537273
-0.031092528085360328
-0.30676666032033206
-0.607283687300848
0.3369841900762208
-0.17769849092252787
0.6950412606727657
0.5288558493956247
-0.40679483658753046
-0.23007115011773305
-0.2896953677512089
-0.029429988021328846
0.0994158826769689
0.49048247766129305
0.4358540847567575
-0.43505942897532585
-0.5029643111575366
-0.8879555172872889
0.11791462183582838
-0.187451494038665
0.16927593192980978
-0.09275719881704929
-0.5228786524019724
-0.5679650175369737
-0.21984415252960599
0.38338448961453175
-0.7133197383343881
0.159131966018057
0.3323902924878025
-0.1289971345644448
-0.6994085715341675
-0.08740035814158274
0.08166191104387416
0.0381239844188303
0.0178820925188201
-0.6850511696803578
0.18592728030772057
-0.5232573183112952
-0.14886796714153613
0.46440193683721986
-0.30350361494188943
-0.16793216786244786
0.021657355401487055
0.39477361856304155
-0.3277141929993216
-0.5601830504389418
-0.38448145646282145
-0.22706859944364907
0.2506176788342987
0.41411437134141904
-0.5051578642589991
-0.2504411983646513
-0.1385346476764887
0.840219545169504
0.11616032522146348
0.3208458849991073
-0.12972808094381774
0.8815866341446132
0.11609591794585211
-0.6963237796452725
-0.07594289075760646
-0.016347084663476962
0.5382016180807426
0.4055884438031835
0.366079501195863
