0.237848195680188
0.367776143216595
-0.285701495869486
-0.490745255199450
-0.042080015979647
0.209108829059576
-0.283319449012495
0.484343677869251
0.087452528953009
0.595798466383887
0.376673054705508
-0.334265718604122
-0.362321594870370
0.671136360923691
-0.139973783708768
0.252571474736399
0.433697740404439
0.427486834713175
-0.145422933708467
0.116436842942735
0.232990170239848
-0.085356122448237
-0.220030831200912
-0.081107265000275
-0.476428624183286
-0.314342265471060
0.671912413071605
-0.078008402602088
0.872081355057856
0.278199488788150
-0.126653803170062
-0.479280305391431
0.640199361191657
-0.170672165456329
0.559664809806014
0.277942434210767
0.450870433347279
0.099724894487435
0.086110621541702
0.382891738695359
0.194773890721937
0.440999225556991
-0.300504758256273
-0.364032632412361
0.569746285735108
-0.350664216302152
-0.148681632443586
-0.418077790019763
-0.261169441593609
0.415485296335729
0.278968332069975
0.304239804884635
-0.297211046440492
0.209476986778815
0.187074969242278
-0.013692225547936
-0.065614315135241
0.458189051131907
0.304337719240535
0.357640196285574
-0.132726024728447
-0.063491290778089
-0.810974269969775
-0.264653312752815
0.723518325500639
-0.150303802848633
0.083815132188221
0.475827110269138
0.079466955197996
0.278593241302261
-0.452200737475349
0.433033177993716
-0.449301459332738
-0.193021180324759
-0.269779706443439
0.093528307063641
-0.245544865833672
-0.686918695768136
-0.655385704529856
0.225406023047063
0.496190792561042
0.593592155424921
-0.438269944494599
0.411387497542657
0.760061140381680
-0.025264493663771
0.314900166625360
0.483257985078869
-0.253345761065985
0.306081152452921
-0.428384852747259
-0.266685589563809
-0.379567650184602
-0.736317698601646
-0.128670572324589
0.081541748865921
-0.876436485482595
0.377967915442333
0.003091009520042
0.567529907965478
0.725222867300863
-0.299472826070118
-0.270334733929619
0.054261411423581
0.383031651719750
-0.281888932156126
-0.220390256322029
0.167214259464094
0.122369293355538
-0.438937464475977
0.369802162323744
0.492377513745108
-0.503241408121333
-0.291044300714654
0.841732465154173
0.199578783484237
-0.176098054784371
0.495516417680821
-0.163174970118301
-0.590604893245625
-0.180920386634948
-0.231016084324339
-0.605364093070133
0.359547922012665
0.696784239922470
0.255648891731098
0.545904752341165
0.613781929639348
-0.081233645911775
0.036822973127848
-0.865862804915429
0.155398837581194
0.556914981822701
-0.462626398363132
0.660554887235615
0.274058352672748
0.512074339204662
-0.481878331666341
0.037281826240065
-0.138502702928167
0.547814255488030
0.218202735878408
-0.000742947253904
-0.579892781165197
-0.119988511995233
-0.548962888763376
-0.666701651063271
0.182854671983095
-0.439439830022623
-0.551216264643702
0.603696046403519
0.091688249551921
0.561457283352585
0.480411839733480
-0.278006945325961
-0.388612252301903
