-0.222713055439766
-0.366827730405251
0.340949644823034
0.581108322806192
0.234492043262789
0.131475635467457
0.067724386074479
-0.454996681766469
0.521473438644445
-0.445866850631770
-0.250995372538681
0.533010550396676
0.509399174654660
-0.130415401358684
0.378985030531524
0.034246754789181
-0.019681300333722
-0.146145415173172
0.489517427128626
-0.423936619228116
-0.012797126722666
-0.539854030270509
0.391551106379119
-0.227076661561315
-0.139611188213638
0.927181291131728
-0.018528672011243
-0.706966881059618
0.195963411933246
0.477577687911899
-0.492154044833764
0.662840151554798
0.189074143302465
0.010397696366390
0.197395281985894
-0.009043145832171
-0.307958912813062
-0.077803318848260
0.428873448851411
0.642077633387794
-0.392078331358479
0.348552184801663
-0.533530034292722
0.629193342435707
-0.039007635014142
-0.112922270633553
0.041368642665991
-0.376571968215316
-0.399329125250579
-0.104046803234296
0.240151648048324
0.128859943972573
-0.602184747344801
0.479916887153809
-0.121862169961181
0.251158268843505
-0.589493909188308
0.254748940664072
0.084121596706981
0.533180422088539
0.023231850718320
-0.533434629636981
-0.531100290949531
0.425332093468871
0.567451274362338
0.342434852353886
0.483999537444757
0.134273937106323
-0.598654100394996
-0.827828766163902
-0.487895094120541
0.048466083643783
-0.234077291603028
-0.460664437718832
0.301988568720017
0.474397082183940
-0.351745886771239
0.025246595613609
0.470418060139730
0.089214558600454
-0.264766181688382
0.145706601048965
-0.422509916911945
-0.249515623409229
0.215378082979287
0.279283281771512
-0.626129680558308
-0.154426956098935
0.658464433863774
0.086233504311945
0.069553276593139
0.719826076483546
0.420240897779983
-0.701853411562116
0.147037153224951
0.275359075282378
-0.292070139471300
0.571746173975663
-0.322890424252689
0.272321129801987
-0.178941344558879
-0.589851697555020
-0.686143168490285
-0.296298638458990
-0.145908600720057
0.320096605517311
-0.547385854676784
-0.758279772289560
-0.399696765915483
-0.616050529506372
0.203004692985339
-0.566042291992751
0.062777697186143
-0.423481559550994
-0.035737658545936
0.338739831835106
0.066920877940710
0.413478039664193
0.153451853957111
-0.198000407852163
-0.412517116589546
-0.006520340401973
0.335358631403319
0.428508700563255
-0.172546311012741
0.864553801779233
0.798228553360933
-0.177435423805701
0.215692752413458
0.213293091380683
-0.513431573328426
-0.058449516088978
0.354933264711255
-0.268212984679367
-0.346444825626806
-0.644733265106987
-0.357656101081040
-0.547842932944628
-0.323063231967874
-0.364676919753189
-0.731217198069632
0.451080448281792
0.400040376984567
0.164141866351047
0.348933775516268
0.646188662630894
-0.187753825913167
0.288058570308652
0.045022597349185
-0.747489396245296
-0.653114475541188
-0.034353286328768
-0.071425426330925
-0.216840874044584
-0.568103240935899
-0.100343292576171
0.456580495976115
-0.225878250712781
0.360335249728118
-0.171970100152244
-0.069559944343454
0.199741454328985
-0.379731398306815
-0.324589400851391
0.626294489624733
0.160798175339603
0.675957960547289
0.409645738834186
0.288068029822593
0.781512054697142
-0.083079472912598
0.220766842470418
-0.070201452089814
0.827242810537901
-0.267830586031049
0.549494408650776
-0.331507805438804
0.074039952871795
0.194958760819686
0.701177477004898
