-0.24015023688609718
-0.02151919459143683
-0.6549206368886331
-0.4546699108733826
-0.4719253310666869
0.5242382924142163
-0.6628568374684904
0.3984487253609651
0.48650007833400194
0.24230528964813108
0.7834430551529593
-0.1431756406014001
-0.6470016411558146
-0.3676532795663906
0.5398809022204997
0.7214977395888016
0.04863393552776907
0.13537056785681334
0.8803319679978527
0.04613868188903672
-0.28824034190267317
-0.24250325361207195
0.5944183579489999
0.06344195038914127
-0.32104666281528743
-0.2799498566848639
-0.12169506116825905
-0.5680134878561466
0.5171333328221069
0.5052558860174439
0.5285757204519245
-0.49956807189859953
0.08037650492783119
-0.27344534880044563
-0.8395973866368035
-0.4325936362633133
0.19047304263266454
-0.34363269092312165
-0.49495085580550485
-0.6251489962265407
-0.39528203813375773
-0.5365480741551488
0.06206041068926952
0.42866289548826897
-0.19178648229364786
-0.061455041488292235
-0.6798176066089068
0.2698819293378709
0.8435226743117342
-0.11008350400228627
-0.2628847784117851
-0.3933625772917679
0.28591042578205567
-0.12035925241785622
0.2926224465407884
-0.23246024379946056
0.2168325327896802
-0.1620387187015837
0.08679253887572587
-0.7542057901953978
-0.4040997230512457
0.3292549927763799
0.07535213149835739
-0.32517665875700663
-0.540839117167703
0.40785040202060135
0.0891201568825007
-0.5266739773131414
-0.16228859024444273
0.055522527360874936
-0.4132121446512925
-0.7987137120808846
-0.3780888212910077
0.6030207716544151
0.10636914983776138
0.21035423704302378
-0.3435231064459402
0.32540777717494296
0.6618779214309829
-0.3384215909000757
0.27056594691247376
-0.05650849738089001
-0.6816635830350162
-0.040842269159193555
0.035426881977809244
-0.3093247887256244
0.30485920112951453
-0.061632845915092396
0.6209046433610527
-0.3127557760313563
0.03842100714404268
0.21839124553511918
-0.6111504800286067
0.23560397281362835
0.10432334736675457
0.020144886484910324
-0.3458857559088728
-0.31206165480854947
-0.5439892598411957
0.07331397739472621
-0.008288742347313825
0.5387878286296756
-0.17522241143796316
0.3432446204836677
-0.1290633065568657
0.42684660077893727
0.06117869221087571
0.3479439737980021
0.06641483303630395
0.06580839475333432
-0.38210846485793587
-0.3049410127946809
-0.46270863996069683
-0.3894383836538603
0.16691059516040666
-0.06396736721236565
-0.3284103874872373
0.15721120773234054
-0.49428871229599025
0.5610680989966425
-0.29669148236252
0.3683522292516856
0.7616024091502004
-0.05701348338888083
-0.16773526720977872
0.35109062389709705
-0.05651583513918286
0.6626229212973346
0.1493850437417952
0.1264455168397834
0.02712844367958616
0.12822711979601079
0.34587636356225937
0.6808282017485723
-0.13229794000414802
0.2732106305333916
0.0797265512640895
-0.2899252237271761
-0.4338894006452523
0.4244751755776508
-0.6381029587708767
0.16229016524085524
0.6482222112682398
-0.12126380713835345
0.11851481842221862
0.3506467085553169
0.2650355390162165
0.06552384422775642
0.5706774276801831
-0.6473551273813025
0.8393972058586907
0.13586062310372973
0.3004533465343332
-0.6085326766284281
0.16396828369456493
0.013657169929749068
0.7224167581881572
-0.4135967215903523
0.17224517183077465
0.605775311066901
-0.2612414937110947
-0.014156057993603357
-0.2203660965874556
-0.2730102893446762
-0.7518235817807333
0.336397540665613
-0.1343090187800595
-0.2388036028006676
8.62504663186187e-5
0.6581020788292147
0.22136404977413437
-0.5891663005724098
0.07437644873837494
-0.615795390525725
0.06397974488328516
0.12415781311708007
0.5955450797318992
-0.5997409401858342
-0.22168508931595715
0.3487692420176031
-0.8996091272751618
-0.027272596488194124
-0.009143424077793305
0.052038669615777924
-0.3796898849788245
-0.6049712462799381
0.0075626390384271065
-0.053639445708280935
0.7578850817896756
0.7259598322875114
0.6354149963076069
-0.049312220692571705
