0.126558392953317
-0.128808364325051
-0.255133186805711
-0.616595958291907
0.162062187070104
-0.462063735740889
0.761451471692982
-0.290487002967887
-0.071640902502763
-0.070517755961730
-0.138041139584056
-0.800281639209877
-0.303758542364582
0.303506701276987
0.147780920229746
0.414690411977288
0.080026748041418
0.489243361224591
0.426278897574652
0.165880877449503
-0.387491688128136
0.562986222983424
-0.674561808016416
-0.264631458592920
0.326047952461637
-0.286817250691701
0.172635895891340
-0.012079919330290
0.104902162495814
-0.274024172189252
0.085319453539969
-0.890617138873308
-0.093378080528647
-0.307518519451100
0.615203984764356
0.097969595450490
0.280804725813221
-0.219988774845602
0.144949570834495
0.193405226510438
0.241551339548297
-0.413534904108646
-0.359327527507346
-0.387333463554882
-0.230301767882626
-0.086557994631173
0.309748253727217
-0.204350585783955
0.010546890018720
0.219848128410743
-0.722153078713232
0.111823447640027
-0.416234456517448
-0.495323318107770
0.736014181793494
0.023094230933992
-0.586769560552048
-0.298083396445540
-0.144084387249575
-0.049685344845875
-0.147272419059438
0.479401700462257
0.669280410200016
-0.804634934486144
-0.248049536729595
0.193146611540632
-0.868232094203071
-0.196269128739255
-0.130138023724417
-0.098389403959634
0.050219079786445
0.007377030186420
0.330479557500988
0.414732253396642
0.718426198990695
-0.000093078622438
0.365446812539601
-0.326200843318568
0.407222223689773
0.544908435690473
-0.471417047097083
-0.506297489118029
-0.106995051188463
0.105771208323217
0.071609642061210
-0.480228509720762
0.141394229076175
0.771772891401588
0.019833191003850
0.457805870197186
0.110718731875234
0.080086761923102
-0.828800079087844
-0.525874458076549
-0.579545145313293
-0.547989316289833
-0.422789931235369
0.060909079837853
0.254079025621217
0.088020442289443
0.769604026505340
-0.330534469112165
0.502387718402190
0.305077187680754
-0.284694824740023
0.085248888486703
-0.639097024824158
0.697557205765973
-0.324415976096960
0.262371132744938
0.453826000807037
0.154399671725021
-0.542848766625431
-0.110238361727531
0.137276940749457
-0.488441485432203
-0.279465820212890
-0.653770293976665
-0.221287032137819
-0.563375258560275
-0.235184845827725
0.218743474972025
-0.692176202826881
-0.211811673141590
0.560198583195784
-0.530974001357059
0.274277678289867
-0.066867002901772
0.279792119500033
-0.155550217589791
-0.769732758760462
-0.406129357163208
-0.497475704123155
0.638897789395107
0.508023526445269
-0.219515535164509
-0.062013406536678
0.372517790314377
-0.668247562371491
-0.180104647500342
0.195872119060538
0.732677521882549
-0.418777922390360
0.373566550248076
0.511278354492421
0.449766237778228
-0.519173407819645
0.318679573118225
-0.667303143887515
0.347803760087780
-0.334976775300111
0.857280234229888
-0.087554160246163
0.630634770534465
-0.008521791332204
0.179659844471882
0.225892185644369
0.580956117705956
-0.424690374354146
-0.304045667965584
0.095306079831417
-0.109198197991120
-0.026442856153800
-0.817993698061558
-0.467016519956156
0.496897694961157
0.148582914836221
-0.177663656558784
0.254477957232792
0.425693606005203
0.088058838693213
0.174598671504177
-0.225045896110278
0.331036558454930
-0.358478203436377
-0.913062623078226
0.159853597513590
-0.015044828288686
-0.090831519307085
0.440644420040023
0.631087988758129
-0.185551544147588
-0.572136525026096
-0.254096187216943
-0.214004479938326
-0.452380409789067
0.292435125414430
-0.322440782716911
-0.729068585311805
-0.336970105861341
0.293576149756805
-0.737919034616239
-0.221708836915589
-0.373348332523003
-0.076441141285721
-0.184036068040648
0.043484330478046
0.508584054551074
-0.222516972805106
-0.178623469462844
0.076622719146476
-0.865445483138149
0.062225262766990
-0.010711637037606
0.531157083000438
0.036848714739145
0.084990200936448
0.532574845078504
0.450705144183176
0.294469445135012
