0.219743758736129
0.398626738272965
0.807629378044342
-0.613332956065193
-0.053694282690164
0.385375021544126
-0.052755753312570
0.145812985919704
-0.576163560649400
-0.249440423029937
-0.467875431615074
-0.074310084903064
-0.114126899949493
0.402377253226995
-0.419324337461389
0.146450734117144
-0.064544903232081
-0.823904438593343
-0.021515261521307
0.065828127086263
0.331674520254395
0.044300520850656
-0.118060698369395
0.701612070492466
0.274457001830391
0.530712329187219
-0.047402565179707
-0.695462498101551
-0.367024955134903
-0.520502718369883
0.094064041494913
-0.451889692820741
-0.416264852538902
0.665038820825064
-0.266865167311259
0.549803633391582
0.049750448981098
-0.442297594083412
-0.422128588069146
-0.258309691752217
0.627805476889753
-0.032211205451161
-0.351450810308427
0.275385520862259
0.109768525351045
-0.312881895432594
0.429120071537492
0.602206918308785
-0.657853332664588
-0.030554342766665
0.229825914536519
-0.188455089856344
-0.713115953703171
0.045960772681424
-0.723833933108379
0.599188783329935
-0.080554620531426
-0.221372132434924
-0.348017536514012
-0.389564672474828
-0.789685775094471
-0.543033132160436
0.097706519806360
-0.478495697454572
-0.732498702670968
-0.300672425189021
0.011388761695712
0.366033737672730
0.320938888449362
-0.134954315117032
-0.269948935141437
0.208633348863374
-0.202241546314564
0.356844147400265
-0.346781819612299
0.377949371882102
0.044243666831215
-0.122460171991373
0.160245537103038
0.420702644995129
-0.254169314615444
-0.308137028980383
-0.159190276550572
-0.315948560438665
0.518112111160880
0.369556140381808
-0.438997744888303
-0.151439467192979
0.134375103034887
-0.292077030492634
0.249257939731504
0.007357373759937
0.735378995891215
-0.518736854026067
-0.147853109511131
-0.491566912191950
-0.359058788229169
0.591466019279621
0.126156265608228
0.357085991240519
-0.714485776293655
-0.149864133880522
0.650810945451173
-0.448555209071712
-0.457581312768996
-0.379758412672915
0.466976048032650
-0.542370189222438
0.122407733726729
-0.037633372271989
0.352341124147337
-0.569522718273292
-0.052382099781462
0.381216068357133
-0.248931881561502
0.306933779338572
-0.698437920256768
0.074572591016448
-0.675985329391998
-0.500832137793932
0.608717876814307
-0.288225223281582
-0.442293413829494
-0.477330938921483
0.157004858793846
0.207538582131032
-0.096704182063043
0.784098559873157
-0.510914389498242
-0.619428155794870
0.003013247400008
-0.328845431838181
0.370292138894608
0.070009512168793
-0.706224592242495
0.060724373418440
-0.280847931798446
-0.167745360262538
0.163392252300742
0.430168551732295
-0.633978882258247
-0.132070276890921
0.402120247893875
-0.071267539431927
-0.784894206545821
-0.064007999422657
0.059575555135220
-0.629117866186248
-0.377211079266390
0.004619166746944
0.275780211457600
-0.739403401549372
0.407214806239716
-0.026781695733347
0.503756580126814
0.317521274890022
0.606734272205436
-0.246167148427794
0.291119789457729
0.234219662165731
0.456069299578083
0.437012433339267
0.331398836943298
-0.000211278711267
0.026887888675414
0.665902760972763
0.385620665762093
-0.293236686459191
0.187803608812153
0.083188459107227
0.172552353693876
-0.302479155378048
0.067879422835478
-0.219048751083105
-0.446227871112865
0.750810544311705
0.007214046416527
-0.271022690180059
-0.872087233353740
0.177193650615177
-0.069949407349065
-0.295184345941910
-0.787068144012458
-0.271173386856619
0.255766823759895
0.837405876883833
0.852265644079250
0.074287978475451
0.029209245399180
0.833343085915788
-0.250953275350261
-0.149827531271655
-0.083122346734588
0.408716768044776
-0.477818331952501
0.418990191947930
0.456131634445019
-0.700065410393363
0.539430750240110
0.312164184549124
0.092747336966431
-0.568258313033558
0.213633320584811
-0.314415010973176
0.264311396907121
0.651709142936991
-0.103653315229396
-0.218431529907324
-0.177142186062148
-0.510341772118979
-0.085177584962039
0.395805174723602
-0.044110345523904
0.204281882233135
0.544199385152720
-0.075282389716736
