0.551718699673301
0.722581621523240
-0.079441782639276
0.872710077539784
-0.057522957213161
-0.189126433988270
-0.171470043480060
0.135253917949698
0.041467019039329
0.039915578259581
0.181597780312600
-0.751866905886518
0.104702110758818
-0.170067192776755
-0.702989091150747
0.634727138071811
-0.049527280519190
-0.275576992576258
0.029188668901177
0.443627402162214
0.794625059072957
0.217550960368290
0.148291700856774
0.607210247234789
0.164285090059470
0.124179757743155
0.453111368975515
-0.326131471440734
0.023041786585247
0.559684932480836
0.675544020595639
0.355781303258836
0.446098814499371
-0.229189190764555
0.576169755274218
-0.378086375787751
-0.118260146339564
-0.232131127283087
0.278106870386324
-0.218784120213187
-0.629374407268053
0.071432728970873
-0.503745714713731
0.260626476827933
-0.373375671135143
-0.361700658002324
0.152165448408949
-0.546297930136057
0.007151991379881
-0.908728990596969
0.056560143576778
-0.138867554445104
-0.135501296839768
-0.691763141995782
0.510117498398181
0.261946491361161
-0.243799281708031
-0.398291516860872
-0.102760566334453
0.269450997347848
0.480265504396725
-0.651482447509100
0.268377944073704
0.408509299274108
0.517483612221497
-0.567363204601770
-0.304504810516046
0.742051728432141
-0.552958530407497
-0.160065131441026
0.119520708411521
0.203486582943250
0.362101312464921
0.050798845210727
-0.470178029785936
0.645408431143435
0.189928696457359
-0.445971267449486
-0.242258113278405
0.145906027144839
0.598481767808964
0.202935065435823
0.293153743233588
0.112379854621359
-0.857770276075713
-0.210594900859602
-0.134631359594303
-0.277660504932999
0.088573393902043
-0.834681857720752
-0.627334176871864
0.114923617118276
-0.346285935183749
0.927789639414121
0.010785364637570
-0.076290188448164
-0.349245253958855
-0.347713542813572
-0.353600857159287
0.362942479238507
-0.342617072674944
-0.034436263955582
0.332966525483707
-0.426943565342011
-0.734379132798893
-0.011674450863965
0.198148530890528
-0.142119060110789
-0.438635645627481
-0.617001494643372
0.013256901830232
-0.168499016568370
-0.090061290921234
0.047904267225435
-0.145650230956234
0.034323411749300
0.380498611649274
-0.013001564779668
0.387345052932268
0.221572090307007
-0.865798661239782
0.178839539545286
-0.411088780546035
-0.518866482494918
0.217550510274355
-0.289092541330787
0.098681132542971
0.520617915872028
-0.430278950705042
-0.303900789924051
-0.571712050672399
-0.315460727891231
0.327598828746652
-0.208694189799328
0.141560968136371
0.437849832701446
0.486277076986624
-0.365785449619811
0.691774909438878
0.255287216340886
0.456679095317370
0.543270675303791
-0.496126954607276
-0.196405534616153
-0.106481992776949
0.202516625142572
0.407068040929635
-0.354356275529551
-0.028279351525332
-0.588373460191528
0.148535335844982
-0.889249131716686
-0.204840137484065
0.033026581313081
-0.666579192141816
0.324807873951105
0.272844342586206
-0.212680946533074
-0.647477785247255
0.330833482110380
0.630646164683019
0.201026127469958
-0.410860356702764
0.045672795288524
-0.008317685200849
-0.086757406271055
-0.508912783629201
-0.466154360023799
0.343725214314855
-0.465924344999856
0.525826554588935
0.455770616779952
0.657888055337055
-0.343011290129622
0.490636658159602
0.144680868965015
-0.105981417401309
-0.465149943943856
0.069829392412603
0.148960542282487
0.009544955629204
0.160837386257720
0.157838985541791
-0.594447388240096
0.735125260017730
-0.157830032687219
0.268491384596495
-0.228905732058721
-0.721629599844111
-0.134787910148219
-0.043602535734277
0.573075661702618
-0.042626088052509
0.724802770026663
-0.186241704708884
-0.340812703661748
-0.780795936688489
-0.366678901211252
0.293557466166849
0.323926664733609
-0.103198198428940
0.276832700731383
0.047629488723317
0.373444349126593
-0.390897281683174
0.551204466639526
0.129241614738484
-0.042840521989018
0.065758179022414
-0.356525482426374
0.328493197832362
-0.709915489985181
-0.142132665508092
-0.783867094188503
0.086361477499722
0.357483588229133
0.230437748410012
0.289287461602008
0.175359581709972
0.126446804998871
0.445373479801413
-0.852089613040397
0.612678150659345
0.086023125680156
0.209660883570429
-0.402149586423242
0.748562982803739
0.489010631162833
