0.308555123634293
-0.025556311677671
0.570281956020759
-0.442083639403613
-0.543984790984679
0.405142733430640
0.006566662348824
0.242583152997997
0.022833612370045
-0.332476170400732
-0.075324234704484
-0.165282301576767
0.324013382970897
-0.797830489509923
0.071996551723960
-0.729197465165845
0.482096579163683
-0.154468271665152
0.056524666838427
-0.011657319462388
-0.180356657280432
-0.405630439561256
-0.153998921334479
0.490127991293386
-0.639576218269371
0.618167366613605
0.190581221356662
-0.232275391029688
0.641500434221548
0.594345905850244
0.529579620088586
-0.008573725072312
0.386568946301586
-0.782823579974942
-0.254497797290522
0.336965907354488
0.232780851555551
-0.194410946386232
0.276615584882174
-0.354776248839124
-0.178561359567442
-0.346686338667213
-0.732065633937860
-0.461477140655047
-0.174611235826899
0.445821070507171
-0.500708660900254
-0.443364657189952
0.216853481653163
-0.101253025575945
-0.456249752960424
-0.439020330252393
0.128381435035089
0.317852038444783
-0.238163399021510
-0.051236557424445
0.445847447771250
0.626167844493468
-0.130492745632415
-0.613232178679687
0.273668929738414
-0.163514247114915
-0.049571257526156
0.133034056821745
0.356480773640084
0.088613839466303
0.454962706627339
-0.341357804189371
0.609376806195044
-0.260616978341881
0.465579562663869
-0.156856578820141
0.257158877268268
-0.701877481152389
0.037224525560118
-0.014367655578561
-0.122815347541807
-0.768146314975631
0.602459947048385
0.107608257628608
0.475065327538402
0.095333302622147
-0.694916788096603
-0.550306797427660
0.313745216606499
0.201243035970354
0.911810968995626
-0.116610613721657
0.352382586644188
-0.829600142578699
-0.132353117744608
0.324152199087715
0.460112111258729
0.427824946415594
0.133057630709934
0.165428195422157
-0.379528446253969
-0.491357844621340
-0.432709310198137
-0.170039607044513
0.841976392798568
0.049558853039130
-0.043966308767517
0.058382367391981
-0.165132173156130
0.554535324690266
-0.104771445451301
-0.111297115380056
-0.467023486467408
-0.212591151942662
0.508606973712804
0.000752297881041
-0.632175013602880
0.469802174656435
0.310149067728779
-0.539840294495972
0.125013258791649
-0.274094943774482
0.804782616852898
-0.513578072319970
-0.490847473019344
0.529304104931605
-0.240468342994821
-0.441261003343401
0.370514154727725
-0.111847917156004
0.315404897933565
0.907784886007182
-0.130519232566417
-0.686210391457704
0.388441979174666
0.484454068037071
0.325303679786625
-0.303619186075467
-0.235140893866044
0.361402375781028
-0.074199005400385
0.275456582024436
0.434308377935871
0.614511789091573
-0.630786841205944
0.685117273711239
-0.002525649880781
0.319579056314756
-0.037572951571990
0.343390900044991
-0.230566972962118
-0.022908052966140
0.025155438808550
0.424406296869255
0.631780532937730
0.108225054978957
0.398970002200936
0.419767586591771
-0.064326757467593
-0.168906283515090
-0.168688504927638
0.497004141794029
0.745675766415561
0.636134881041920
0.529651085632947
-0.191990565706270
-0.188960795210599
-0.413741731957880
0.117223161930041
0.564669339668956
-0.083721317905595
-0.167634926289620
-0.611583532762603
-0.537023074160700
0.268570950593650
-0.312060132524566
-0.768577611603443
0.040698489537141
-0.835906529321498
0.146410843487488
-0.147299704726946
-0.131183396490375
-0.199106496326358
0.397466084713366
-0.331242438393544
0.318431583144188
-0.827520919479946
0.915175189197897
0.095342824281304
0.027112803990243
-0.432786881532419
-0.319714432083215
-0.124987560421088
-0.476801786048412
-0.043220147268713
0.679339790385949
0.254418352323522
0.523249774862927
0.318327854730004
-0.332090493590145
-0.006748158481430
0.533227499379845
0.109717836879763
-0.416553946071868
-0.462839298186535
-0.344339251616780
-0.267376745844793
0.122901600132029
-0.130365754555240
-0.112049422543260
-0.010753292342270
0.277983041844124
0.028569951904750
-0.309679297219011
0.020178735565179
0.689097134067192
-0.436397533877414
0.036115819968278
0.690858494863558
-0.541576570686547
0.129176581110631
-0.147028343197662
0.623686104599174
0.461049051511596
0.055204255320215
0.209982066820726
0.378768054723537
0.767410438176973
0.484773976568230
0.403742939774326
0.477223460516968
0.527613378631911
-0.003643580549926
-0.286000444962858
-0.629446964641220
-0.056021586993461
-0.409547818545011
-0.456916041552425
0.768066366229819
0.019272518081205
0.080338810453569
0.094565500263833
0.066003089721967
-0.011637153766053
