-0.110652730304264
0.859272322361667
0.021561543860889
-0.005423564048944
0.372775575844440
-0.742261900932810
-0.249694143988269
0.847104968726825
-0.297383193860875
-0.726736382535403
-0.050277238168525
0.235909508372025
-0.332602054013214
-0.010602122307446
0.651280087074796
-0.192259586992037
-0.814097344621902
0.030083518745602
-0.207902655881797
0.558541352255049
0.509383382586513
-0.187307354864321
-0.191507841373885
0.284848486843577
-0.578138562458736
-0.247478253751017
-0.307771328247642
-0.477447892162548
-0.071154505993696
0.372827245735149
-0.213676757264108
0.819935644863558
0.000541706851162
-0.609036059491611
-0.654103531907132
0.289657023180946
-0.109312919602729
0.068152601663324
0.097862794357658
-0.225081641985035
-0.099207809372674
-0.499766731728612
-0.110293475224415
0.086110746657562
0.950206526719557
-0.469230033740587
-0.323490625808853
0.074303578204675
-0.154186582538128
0.083366308844408
0.410580263427964
-0.173268537849199
0.163592371050074
-0.036045078857508
-0.711826539702805
-0.017334289356088
-0.382441889037653
-0.040031539986290
0.121519424517996
0.617481574813531
-0.429513148523702
-0.032714616354274
-0.262652615952719
-0.007825005525412
-0.380817901638482
-0.252794353120998
-0.287449171707820
-0.296169151413293
0.747544254501824
-0.401736097974458
0.294625713470229
0.103869003413375
-0.339956136274228
0.730330372390647
-0.455154167755234
-0.691382199771083
-0.136332619584144
-0.101760276101320
-0.460690106117068
-0.773962418628413
-0.149806177222745
-0.578300962006368
-0.197528350972091
0.249848567070462
0.004149897077389
0.276038573802267
0.665708625129379
-0.074052841238479
-0.082208165090413
-0.200639187756495
-0.098855847318925
0.367343171691463
-0.214320275983360
-0.482084786230627
0.118083931394637
-0.245560606597950
-0.372670132282589
-0.396181845537292
-0.078364864247695
-0.304716274759699
-0.009216680332992
-0.783408296141942
-0.820718294454305
0.448831120950992
-0.015939530303282
-0.174507974441417
0.063686113546813
-0.234012956024917
-0.129521951675369
-0.454647076315261
0.237789285034531
-0.054731751462799
0.055627929700742
-0.439109382801728
-0.574914031051284
-0.326236120965085
-0.043139016762913
-0.442874181535502
-0.121266066883763
0.047666101745504
-0.135409150676259
-0.616065361586669
-0.308412261581047
0.492824144557192
0.000595224022580
-0.077885540221336
-0.163489081931906
-0.343932450583111
0.406248710712321
-0.006234750604596
-0.013138178054862
-0.362515873566515
0.010892397201197
-0.274266597675245
0.581663410026820
-0.241243320562796
0.577417312372400
0.271087853850161
0.189061339268729
-0.510461946860965
-0.055327727135049
0.233975809609383
0.432850430547055
0.378460616624744
-0.823410847022013
0.397378993629441
0.105766504515916
0.048033089148262
-0.595733870579934
0.390616312790315
-0.182796294771054
0.404421069625547
-0.656513141105933
0.120011152249215
0.130184430307327
0.500696340791839
0.325674745783038
-0.022957916843681
-0.103592232917587
0.643519959300373
0.238569622344793
-0.709080657789555
-0.008901772837014
-0.768390223756088
-0.315002383061658
-0.146725404987565
0.022607170162871
0.235559794109726
0.568536911584005
0.479853357214340
0.340826208575917
0.578433604103860
-0.382054477235182
-0.565817413717769
0.472398980123649
-0.794717981357277
-0.295260623689519
0.075976122872455
0.528288943517019
0.248755145087501
-0.657661340089211
-0.344842575984529
0.225637252193340
0.652758714654348
-0.540775451498739
0.164102967536789
-0.422075418877546
-0.660048957597221
0.420950382425879
0.159836108633156
-0.459574288352983
-0.184603052138336
0.171382581340583
0.071929410479370
0.840517220167116
-0.321480872207235
0.014778958331200
0.200782686862681
-0.231932671184696
-0.571551443992971
-0.335537031922690
-0.153215042000043
-0.064746081902448
-0.372341249025429
0.455925232724368
-0.576167221857554
-0.155851711764006
-0.620243911333480
0.291795989370413
0.103779100000423
0.466287229367016
0.412590871192997
0.748229178374398
0.783361067525328
0.408310691459791
-0.170238515295851
-0.396199844960179
0.610806423299705
-0.404093588946861
0.015287146331013
0.090906134417319
0.830372352444936
0.281370526800713
-0.368344486948873
0.280156120437251
0.041742213187616
0.060018429983618
0.345504577521203
0.161502981303702
0.833494223721988
-0.435813203405120
-0.320005350678925
0.002693638785662
-0.785853469676062
0.816612787109846
0.029212677114317
0.365216503158077
-0.549293719734968
0.264316149847437
0.435426524112044
0.885978650742853
0.039301907006073
-0.019548238533155
0.269520597207480
-0.334283680504195
-0.567998924032588
