-0.099865786710683
0.068821955710426
0.585193563700294
0.092676346026509
-0.335992684311316
0.204812754404156
-0.468575838747132
-0.592933584006130
-0.369572429088423
-0.142089549331863
0.946988012639849
0.170560594053219
-0.572711310047906
0.420010421049053
0.278419729864234
-0.168522520207596
0.167525091203614
0.129082759905813
-0.412125406511758
0.205520866545730
0.135134773662945
0.189850926868170
0.366026928833240
-0.090648322696254
-0.559387447659244
0.018737664173219
-0.082305444799218
-0.335434988821075
0.066043426342578
0.080852743721295
-0.266696480697636
-0.225031122626001
0.614304083261963
0.365925488792473
0.763120900230731
0.100038607255963
-0.151209803344857
0.731195716643135
0.071640677448329
-0.028600949650628
-0.586236198387914
-0.115672617459054
-0.734269732423090
-0.010762679746283
0.206661695248162
-0.396270100226122
0.274817944487000
0.464858238184700
-0.359983108114351
0.124661383040926
-0.457281692162400
-0.097950096928718
-0.060773870660937
-0.226061814032374
-0.176921898279835
0.190444662803316
0.112197931401033
-0.056611850950305
0.020984282731298
-0.172649323592449
-0.069505009367560
0.675236756450094
-0.122606646084403
0.568651254289197
-0.232751370205398
-0.485974131760476
-0.301818149288697
-0.012436336312770
-0.784554212729415
0.147095506697204
0.056152367990624
-0.081838458335868
-0.365848432274307
0.352225397175401
0.818882629013623
-0.389561520180290
-0.339061123533875
0.039383598157006
0.732804761029393
0.065937326206886
-0.314887778108256
0.459339637997268
-0.361334289338386
-0.634342627752565
0.186597752383569
0.158972607498959
-0.812812273097509
0.451723614736234
0.657198651282899
-0.106942516073526
-0.163213335367780
0.313397740356223
-0.285531868782126
-0.576026849877016
0.148351052092259
-0.781071893149593
-0.021484061909705
-0.415056443845400
-0.589420696112055
0.058870685552581
-0.132360308864462
-0.399028133549113
0.617170276176666
0.046928876195115
0.411716567421981
-0.067181139247028
0.599811664859058
0.447510835159201
0.429069471320701
-0.524096604931635
0.501558779624154
-0.232838023202432
-0.000119597728764
-0.131314735246677
0.158790959469045
-0.656483185692942
-0.346311900471338
0.202139858598072
-0.003541340071832
-0.245249225553733
0.414406666807885
-0.631471479330109
-0.547062424985037
-0.209106002695298
0.217631320890127
0.322399533699832
0.538219739673470
0.307807261958414
0.595779407604225
-0.151759962771490
-0.332810020170055
-0.864293339546371
0.185495592797592
0.002261015001964
-0.648782354834362
0.499606909882715
0.117770140695872
0.197762293466977
0.059023166901373
0.729250202530128
0.571300012456686
0.270175847341606
0.700555256629121
0.281187126275636
-0.789958878849635
-0.460529271270525
0.021201571628097
-0.162753668229556
0.074959037408104
-0.510073577189041
0.165812326921865
-0.122221036410985
0.107245690555339
-0.645681494878243
0.003526738817900
-0.034035641037639
-0.643742174019354
-0.620974706422980
0.356173514550041
-0.615256287678887
-0.554472989904889
-0.289260815884908
0.084171661539101
-0.223906172120143
0.874382611909003
0.218951789594644
0.678601377649869
0.414150553765190
-0.329825553549102
-0.184644760024961
-0.856566334130422
-0.189028321400030
0.199712163028163
0.652110282059833
0.251476989395993
0.458449691492844
0.017902779554038
0.486207684158212
0.341004251559532
-0.290988351921032
0.090181898170373
-0.665372753624929
0.437350288584458
-0.500713607953927
0.407397598154826
0.036553362589492
0.413308744344347
-0.600144961645639
-0.142666850762151
0.790608793135431
-0.003216423593513
0.143849039968823
0.135213186393492
0.869783718920336
-0.401001306630494
-0.609522746463120
0.729721337087395
-0.125816883809604
-0.964244066373568
-0.175522010286563
-0.077281133801417
0.632931241646998
-0.193903897057616
0.293242747225853
0.295613324672997
-0.243273779685098
0.489614464978301
0.013776347842643
-0.445544150170539
0.307451544274084
-0.776877542422996
-0.033416786449469
0.603205514462479
-0.204438202128805
-0.145154602554311
-0.093051582224276
0.290885876860064
-0.803919802854347
-0.028751798569041
-0.280961763192872
0.460100747593990
-0.262417469141045
-0.494300472742639
-0.096230842500660
-0.049605710627401
-0.369134685114798
0.256092247424500
0.278211327279658
-0.428259722345155
0.080225338597277
-0.403430926133874
0.489549974088318
0.418831387498997
-0.615252718095025
-0.118512344382689
0.148547908471556
-0.000272787898016
-0.330405293348993
0.493731617796020
-0.356246064141825
-0.700107302196027
-0.476384538998912
0.320466965646664
0.255121226464534
0.116042295964677
-0.607318157350677
-0.297813227549611
-0.429763875218266
0.402563046860307
-0.024332697050696
-0.255430309284594
0.473100628846181
-0.222289802308981
-0.597404814312089
0.722660094775431
0.463060064966877
-0.139729273971434
0.435814676110803
-0.394979649854216
0.713020211970655
-0.484327376228212
0.038338600610328
-0.342155761802518
0.108134984329279
0.793208025113143
-0.343236896640114
0.240788891262687
0.380141933639760
0.279010103279357
0.195618433034600
-0.176794677161901
0.143943154708371
0.259282544205361
0.669688068085450
0.309879025582575
-0.012673195626303
-0.617092019044548
0.431403337643330
-0.361250335836964
-0.189911304676318
-0.264630522602084
-0.179530182724738
