-0.135754435128011
-0.151010064365597
0.087783936054953
0.551713627133659
-0.530598263179648
-0.227739381760261
-0.004902675088871
0.442649047305187
0.536438878456083
0.086101296275306
0.022128399133575
-0.516505469322129
-0.211282675331059
-0.466880090747061
-0.803360242181828
-0.690269529424877
0.122243148638677
-0.019557413536387
0.284432355630199
-0.622252176823337
0.021903911841410
0.659152041214849
0.342354462406720
0.627748420810472
0.101765872956701
0.417616777270925
0.215842904015111
-0.092435910581589
-0.206688003744180
0.470719168813214
-0.509482254330982
0.218130901619316
-0.264826091837683
-0.586481965707944
0.264657652411096
-0.554390683745610
-0.249025170342813
0.699553852480418
-0.026257730273746
-0.675307611255516
-0.000678644289349
0.309140835510910
0.306234323888768
-0.327958038465203
-0.702723896418678
0.040612472576274
-0.797444966076495
-0.396957900473770
0.160785702638030
-0.687478536314203
0.079055351301230
-0.063663373434383
-0.295794253810308
0.424775290416046
0.128997512115531
-0.801485826617048
0.206010607186747
-0.293654954542182
0.699763717108676
-0.173550910701698
0.202247256934750
-0.443725047819312
0.665717306440163
0.127631789671592
-0.456695383033114
-0.393595164437585
-0.174689614227124
-0.731812769946065
-0.292126730071631
-0.527347493079882
-0.746976065497540
-0.071714033325443
0.463877188356372
0.420289783782597
-0.308273452903747
0.534113096495021
0.188205604832112
0.195045984392930
0.312285784197296
0.504446894581296
-0.123653925147767
0.307900557837531
-0.697052905379452
-0.542026835238565
0.153725532756632
0.896827720822471
0.316369394148141
-0.400564558641511
-0.247813844852212
-0.100349596478384
-0.417092940607971
-0.005624866218909
0.059005318371811
0.588781250894117
0.317393200489683
-0.503414035259619
-0.003917274019430
0.648961751895652
-0.145846723572049
0.117578734466819
0.055708487813283
0.114249241254986
-0.501712170833224
-0.071388542619088
0.629014949348415
0.443643746260495
0.401638059070222
-0.647694069461186
0.198392505791759
-0.206479553756917
-0.766575700009693
0.682602459210961
-0.010840329899469
-0.313948787734490
0.022311807219687
-0.661297441414988
0.005251312241787
-0.189917461440646
-0.171015596473433
0.885259028109747
0.432466028465602
0.100499507725271
0.438918959253679
0.194249218580106
0.544593651323197
0.194033368629682
-0.785389793072307
-0.147182718952842
0.064475390588615
0.197948088832347
-0.093727673615365
0.694844271140878
0.068832667223918
-0.014699778544442
0.289124780569921
0.741678760646880
-0.327383745683220
0.347797581723500
0.224829848703651
-0.157172809229227
0.871407835579136
0.574368365009607
-0.545446508353026
0.356007751404762
-0.890888236515706
0.072220792802017
0.390080737154573
0.458928652632904
-0.308091484583523
0.238068182798302
0.412176834170283
0.248915671052716
-0.533312629191642
-0.587433475093939
0.200877827597296
0.583000009957696
0.102374027578555
-0.264428606694764
0.107666167802761
0.200366368339042
0.041226119744123
-0.682902498475218
-0.081936528547658
-0.163722445694560
0.705621745853023
-0.209060785632065
-0.102625974280797
-0.002329402559466
0.761664143714482
0.406215269087454
-0.153325348750371
-0.168869646407074
-0.642982960753234
0.534055325184901
0.476792355663914
-0.053281331667812
0.626533345192979
-0.084471330518361
-0.149751293723251
-0.499084506916754
-0.183725025931872
0.642555735071435
-0.035897712873533
0.391080533027640
-0.519298957836217
-0.160548193757979
0.334511464470503
-0.369224928600700
-0.237945837362634
0.339863048863940
-0.214059721468356
-0.208633942741234
-0.304243976582197
0.264637984375778
-0.576778823557257
0.224970503902611
0.802365668488537
-0.183347466174119
0.449018053546572
0.242469914288784
-0.195271271774874
-0.292293190920071
-0.394072308880890
-0.391470682428118
0.484251715384520
-0.115768060154505
-0.266688262398976
0.756399331548592
0.090649010826569
0.199662485163895
-0.217046698437072
-0.110540139751885
-0.537835653526153
-0.005310348003874
-0.356881521367552
-0.177188759380594
0.633398723566644
0.206004568650913
0.263647690459189
-0.124990736949086
-0.454531649893865
-0.647330834547650
-0.558297425651731
-0.320384509480667
-0.467309722696415
-0.304382921679042
0.109403418368063
-0.144579848202230
0.144885652709610
-0.019430443846461
-0.224965578878724
0.111661629340077
0.849316883190402
-0.185091338553109
-0.856781779351704
0.133148790671540
-0.265925918805390
0.035830264710203
-0.473361806028936
0.271693387306211
-0.288190660344462
0.184915717014695
0.663561868747177
-0.330539695677043
0.710202355939364
-0.596971556826037
-0.442826159433836
-0.348123164052297
0.173908085746592
-0.442624025018893
-0.162212810859490
0.011422117325822
0.338455761134579
0.350789754003398
0.304569450079466
-0.531822758317898
-0.028823538986863
-0.389494911317566
-0.604687768162924
0.288243084059582
0.336792114637925
-0.194047219809071
0.026492923186175
0.335626694794059
0.010324114049131
-0.343442712215250
0.701543759485585
0.739029278973625
-0.211510665604738
0.192704465523944
-0.453100720842432
-0.381929342980936
0.078566900983508
0.058216498667087
-0.271415360455582
-0.626232910010873
0.761687959962230
-0.574075008302985
0.041499134743817
0.312613356507775
0.341803168580102
-0.084928349192499
0.259031589300864
0.308897303665725
-0.053681680250205
-0.280496621481939
-0.299817977317362
0.277989918083285
