0.723606797749979
-0.447213595499958
0.525731112119134
0.276393202250021
0.447213595499958
-0.850650808352040
-0.723606797749979
0.447213595499958
0.525731112119134
-0.276393202250021
-0.447213595499958
-0.850650808352040
-0.894427190999916
-0.447213595499958
-0.000000000000000
0.000000000000000
1.000000000000000
-0.000000000000000
0.000000000000000
0.000000000000000
0.000000000000000
0.000000000000000
0.000000000000000
0.000000000000000
0.000000000000000
0.000000000000000
0.000000000000000
0.000000000000000
0.000000000000000
0.000000000000000
0.000000000000000
0.000000000000000
0.000000000000000
0.000000000000000
0.000000000000000
0.000000000000000
