0.577350269189626
0.577350269189626
0.577350269189626
0.577350269189626
0.359972004940126
-0.520174618414934
0.577350269189626
-0.128472521120005
0.359972004940126
0.577350269189626
-0.520174618414934
-0.128472521120005
0.577350269189626
-0.520174618414934
-0.128472521120005
0.577350269189626
-0.128472521120005
0.359972004940126
0.577350269189626
0.359972004940126
-0.520174618414934
0.000000000000000
0.000000000000000
0.000000000000000
0.000000000000000
0.451390616863841
0.250502893576524
0.000000000000000
0.562874892538656
-0.451390616863841
0.000000000000000
0.250502893576524
0.562874892538656
0.000000000000000
-0.250502893576524
-0.562874892538656
0.000000000000000
-0.562874892538656
0.451390616863841
0.000000000000000
-0.451390616863841
-0.250502893576524
