0.290380576355263
-0.264716904520017
-0.531442112269192
-0.008309978860935
-0.369349790696649
0.332399556610258
0.006986640513584
0.650108264191445
-0.452692590260303
0.091693888380073
-0.715932790648513
-0.067806391218732
-0.414284403318294
-0.267615683815424
0.566404011944271
0.017054714424933
-0.564364309190184
0.015016347444616
-0.459185096477044
-0.027987246878815
0.163478204629210
-0.092483633161938
-0.309367450909779
0.331968582595846
-0.315723989881288
-0.126944123064689
0.210420104777772
-0.507110514534442
0.588577350898633
0.263163838969129
-0.057440806966128
-0.238245394416662
0.393245573402763
0.541538559472894
-0.541026088144103
-0.202088620315803
-0.326987033992607
-0.721270898021760
-0.120865443180559
-0.317643471299344
0.303996947317675
-0.348619798229104
0.130321033472112
0.418826632540739
0.011571018295501
0.582363659716226
0.470255995135349
-0.051790784044138
0.335085637885340
-0.444564595095504
0.085095511044454
0.115066887646247
-0.127208696295202
-0.033169067190973
0.484374601458737
0.132677006943670
-0.066119086533970
-0.082862825642791
0.070619428483106
0.647627073056440
0.501565492246445
-0.069995060617336
-0.083635528823421
-0.454060616881056
-0.126243623376103
-0.093225743095083
-0.422940565927959
0.745186608017783
-0.601455400438998
-0.208530637411584
-0.310663514409319
-0.284640848693640
0.319511293916607
-0.549979506045806
-0.326905137043668
-0.113266451195023
0.092064093018975
-0.028986597421425
0.100582193358641
0.446219756863349
0.091819939395018
-0.341117512235540
0.333392201253288
-0.146285757244137
-0.336180831084176
0.616394311244706
-0.115625800963721
-0.295502873830009
