0.208093829475117
0.269168834975811
-0.036810065703465
0.302743228918843
-0.340520589545163
0.629573191685415
0.350044087685698
-0.273812179033270
-0.193401952067933
0.294003916092069
0.473040085582222
-0.253222943690702
-0.034238908380889
0.165438616085573
-0.520134016686329
0.322880762490296
-0.125259500065042
-0.298532990182879
-0.621706810769238
-0.462592335596764
-0.530155109956416
-0.446486227791764
-0.018411517669564
0.089575679029782
-0.383965053023034
-0.024411328258837
-0.071889762433456
0.180934915781061
-0.400539951665141
0.352234102543261
-0.027062151002497
0.557403541371645
-0.434466907235383
-0.139665953834681
-0.078511483175821
0.069200007036142
-0.737826966334869
0.488216796382115
-0.072047718393907
0.284029211456998
-0.104984992224978
0.096807771081373
-0.048683531218414
0.064644006736201
-0.502006031512626
0.165621888485392
0.158100801825601
0.541280926491045
-0.165188289377099
0.069417059012290
0.479189032447039
-0.073350864288092
-0.313085412989600
-0.429522544556045
-0.333292532181935
-0.386977549092664
0.065167841684835
0.265364445280358
-0.561290000461319
-0.400361522999893
0.365900924942168
0.591555526503859
-0.510956792965297
-0.077549385944734
0.038479843357367
-0.299395469516691
-0.202063491631845
0.363521155050953
-0.319257833085758
-0.227629057177435
-0.041945970583989
0.021414039467672
0.607907552770425
0.527485225818823
-0.060684088078742
-0.299535538796728
0.220929687568251
0.469382714745699
-0.643083985592582
0.365369919860147
-0.668603878987166
-0.474156485107411
-0.095481131675764
0.085672009393080
-0.022211000816761
-0.121731103330670
0.500197345056502
-0.381004082310334
0.328193570167375
0.400961394109642
-0.274361931931930
-0.180893712942078
0.102095543729728
0.557209795710140
0.130117985768978
0.104277271184751
-0.425001070311475
-0.009559027096655
-0.281282411238231
-0.728971585990783
0.050822631748509
-0.058165536702536
-0.241758278269425
-0.475148521019121
0.290318655492134
-0.580892211731683
0.392862365326258
0.110485650709901
0.570859211041322
0.012390522004227
-0.109807120628840
0.508502715580705
-0.080228893656615
0.010085851804308
-0.536032791679455
0.028417078782765
0.463604299875743
-0.414025149337872
-0.202662572049857
0.289490815511391
-0.773575701793401
-0.005652475396377
0.324078778274741
-0.332552209445239
-0.331286663514648
-0.361185840870314
-0.364431553123475
-0.176214057882012
0.594160317079296
-0.207052974832108
0.619899885624996
0.024616029655939
0.163429433266522
0.323337935918142
-0.010890451972069
-0.004130180025224
-0.188919017566398
-0.421054373172530
-0.752149124987810
0.440853701879750
0.183436535444935
-0.205262521942109
0.225146297025864
0.525457808909565
-0.554375601155817
0.221998980460882
0.567650546739587
0.232483601927354
-0.328164462114026
0.437880020683393
0.335772468149463
-0.210899016843991
0.357487149971113
-0.376652327172069
0.413166167684086
0.098126091317078
-0.239358064088417
0.022430341920589
0.291158698285351
0.326372532516712
0.246940045742811
-0.788256159750799
0.229419967936317
0.030719511773482
0.031253457518094
0.365296652216847
-0.005478389270851
-0.842373425109475
0.112154146983457
-0.162606151433209
-0.410000990520509
-0.227340099590983
-0.122859696303462
-0.206814545069982
-0.327799326161987
-0.136009522181970
-0.356688726558319
-0.040008796201441
-0.417076137193998
-0.094382653546173
0.327978656368983
-0.264824749174015
0.152246379238302
-0.623254048030213
0.161835560252960
-0.035916989030783
0.314020900584433
-0.705288615526841
-0.131558046009846
-0.687163834410585
0.070557101826625
-0.395991596626649
