0.368233700739995
0.603173021840234
-0.245421432954321
0.280002706525217
-0.226270104632383
0.243788814194045
0.360783352667175
-0.264103191419998
-0.037560875680815
-0.785650462504270
-0.009259330923148
-0.158606446114859
0.171192707478699
-0.246551287708236
0.149941056824283
0.169456089755907
-0.059277885860872
0.115578256940906
0.695404651935744
-0.483101631184037
-0.388048404972842
-0.116679253301605
0.223302093704334
-0.531037791729325
0.061352190955633
-0.403082903881055
-0.554356645885475
-0.430093177792791
-0.288193347750509
-0.337783775620232
-0.042475910720616
0.320395606142540
0.461123467602600
-0.024080071034244
0.381564260833559
0.370409196810077
0.255672668537489
-0.029165251033064
0.247400919970230
-0.364060358394682
-0.233618422319075
-0.490855958577740
-0.154408647789405
0.541516455643238
-0.444707961806009
0.209354969464638
-0.150898581240121
-0.390123189237894
0.025920850449405
0.349474962726640
0.064451357044980
0.086205001669788
0.208998270518154
0.838325248527730
0.262730480650234
-0.148896530344037
0.417742567207171
0.196912846236103
0.649051828982675
0.013778543556698
-0.136630185920099
-0.149051278091094
-0.423860929306339
0.109964768407864
-0.152824693890902
-0.189271182620184
0.117007201722655
-0.188598347065014
0.079764614463939
-0.134514506179586
-0.178979860635589
-0.315730280104147
0.046190281424070
0.341796486097461
-0.473822798403463
0.067661866706274
0.317963106186549
0.041399171467230
-0.187316356486256
-0.820633304864035
0.490552666782036
-0.035776024167913
-0.525571841631532
-0.400738076262179
0.445821815370620
0.253197324626478
0.063951611395142
-0.054642508600201
0.131013137804751
-0.540391714594636
0.132199573146592
-0.291840063409881
0.436679500230243
-0.507837237604999
-0.236736016408717
0.122659468484587
-0.204243765737443
0.112256036166746
-0.512034823889175
0.348891849491384
0.068612806823089
-0.441259442810093
0.305399487359721
0.318166646823097
0.123521369616136
-0.429137919994106
0.356866679358200
-0.187569565718395
0.588841112938514
-0.356368231777222
-0.371968712133412
-0.278138157811251
0.420911496899487
-0.066410195308274
-0.336819651554723
-0.247136625149111
0.548814608969329
0.210494610428562
-0.657619289557812
0.284146522981415
-0.234069863841405
-0.260725564472391
-0.290475758998926
-0.242920347212072
-0.241894348217184
0.252964247492781
0.160375229619822
-0.596418833928726
0.340680596760677
0.071006530416163
0.354714215710347
0.307475653742708
-0.658342238846440
-0.396015260361490
0.319009415281712
0.079872215984046
-0.340217325800409
-0.557336964280067
-0.272294956938497
0.058942136679564
0.160977090470101
-0.255535614798878
0.803037375844424
0.062869816673498
0.483910495210056
-0.187462430746039
0.337465070168398
-0.064857956627463
-0.412278097951447
0.528127156774933
0.068355094103076
0.360381600809338
0.713823292377301
0.010378047041025
0.323653572029650
-0.501205595452662
0.016844032787073
-0.279855373455016
-0.192205476322392
-0.216303771972768
0.242084675129898
0.028622987110518
-0.530538171235280
-0.156087594319687
0.836570964638011
0.002300251486497
-0.242076340020564
-0.094384038276595
0.807650807194429
-0.364858575420996
0.318511738226980
0.068481214852422
-0.189845190928313
0.515316848915850
0.698240860080952
-0.233861291446763
0.032464185968578
-0.196622156784976
0.484273784393966
0.614589418506124
0.233305412914805
0.223965992343162
0.198880727543166
-0.210982008799261
-0.100865548049788
-0.421399398112170
0.063255137064790
-0.359873403918280
-0.568550830540606
-0.218870372912344
-0.159531287513788
-0.577454667183903
0.103067430472929
0.038258915774138
-0.089949741918110
0.753649392514291
0.159021475728879
-0.462946544220425
0.480445486998000
0.099437764360576
-0.232788257011948
-0.626959200179811
0.001419498544183
-0.338389799958415
0.213092183173279
-0.561513791338899
-0.049301069425442
0.492896452615272
