0.5714651446509551
-0.12553868767575413
-0.1478156607740336
0.13865094776630427
0.4223139944153469
0.3926613285084601
-0.11404476096072046
-0.30329281437029226
0.6530140627478436
-0.3423539644173052
-0.20841410983684372
0.3580130694470761
-0.16265891346568143
0.2923734505380261
-0.3322362375028282
0.8085463895261031
0.012742255857573959
-0.24967331613155302
0.1281326744766552
-0.27250922654705756
0.3925252831717267
-0.34102633599156235
-0.14238053520622762
0.6498925606449842
0.0066154253817742445
0.13465734890536565
0.2591374131941592
0.15210569088641746
0.618290249805497
-0.08270263553705931
0.1046554197732179
0.25628403242920894
-0.2555575651875763
0.4062994938997873
-0.3687003999830389
-0.047081303436330275
0.2560363011805285
-0.341583873068108
0.5994058455986858
0.25841227672013806
0.0346286089038157
-0.5375746221567516
0.020769360644786135
0.3844661404971875
0.06128740604427844
0.39554837676204063
0.3623117676349276
0.5977686735740891
-0.3598849165449849
-0.051166363199196194
0.1232408724993918
0.21891539174375277
0.17557535432390542
-0.375917488607352
-0.5595672924498231
0.46687243409469503
0.38216377305565224
-0.019246564622530833
0.774750427548473
-0.17753791881131378
0.3352397562937791
0.030320611471850976
-0.26266001739913925
-0.20638171024776344
0.31162337422215114
0.5941182463898464
-0.4835102395340327
0.08600792669716817
-0.014570112045156196
-0.20063149272348652
0.5164889712610926
-0.3153924673916869
0.002702762872752446
-0.29821288095064885
-0.09402429869731463
0.2623785512024119
0.2831218086750101
-0.29696849409128295
-0.20875659810124444
-0.6779268632496928
-0.6046749057340183
-0.11461169628387466
-0.37655799407842716
0.36341227423484895
-0.5414693774139206
0.38520475237991614
0.02508809623075955
0.0014745808201183893
-0.4017506216492286
-0.5815933275018753
-0.31844856871321053
0.12379824544969317
-0.029809241088354897
-0.1328587834564299
-0.25615702968635296
0.2652694408430354
-0.6304372136398442
-0.1568961545168966
0.332067162548782
0.058255185261557
-0.40646795910194794
0.4168601928059067
0.10464001089061027
-0.23904816325018866
-0.2833211973047772
0.5174273748874427
0.2529995498850965
0.05333781172074751
0.13677082350850173
0.5760310790080717
-0.6107188128534351
-0.3732034071268537
0.645761404389203
0.08618328377093774
-0.3537719236150297
-0.25885159400826135
0.14405297861470964
-0.6386776959273321
-0.35267310481154374
0.09714141075491634
-0.18099314770114325
0.12153542262950592
0.47113582446243146
0.12352430638102628
-0.06997189136119282
-0.1497181948643967
-0.27243923785588453
-0.1496560055170142
0.3482794623542654
0.8332486207146056
-0.09392940141701138
0.1496563698430206
-0.28610251839415374
-0.37626311611184293
-0.07497342133301624
-0.24071307725125854
-0.4529137500337434
-0.5484103976444389
-0.1300341573946622
0.6072409596793538
-0.5511824379260453
0.09291200579157179
-0.4704132539688956
0.022799752118824675
0.26796805459213324
0.5930990034737891
0.4443485520075893
0.10215417845845692
-0.004804564747712306
0.548474183890023
0.1418628802202417
0.2659501957498797
0.20014013246969276
-0.03196102026695025
0.6038907235410026
-0.394724232987601
0.48453907051095624
0.270228152806535
-0.03740959224199384
0.20490799988151037
-0.35225424656324267
-0.3240949096920765
-0.46244699202888234
-0.6014771845855262
-0.06575817247055754
0.042223153558027554
-0.4290211425248755
0.3265085596728567
-0.34308487726318304
-0.03194277715040394
0.3118190198955897
0.07657550211578472
-0.0688335683174295
0.0033013684346630693
-0.8672201497982386
-0.13524616030860837
0.10016779233473734
0.14319172034615232
0.09757668546386722
-0.5183398516543287
-0.36990085646091975
-0.3002734401455569
0.05047824007555315
-0.6031273620490823
0.053102825141999
-0.1514262333666413
0.16488332392112487
0.8834264967355352
-0.10787635294065138
0.4346020417440504
-0.2704346382657302
-0.2341718813555223
-0.2651278124700199
0.18384568694766168
-0.02632311800429092
0.4925272717177311
-0.16131203046799142
0.6050266086920797
-0.29033196650858395
0.2853510223040092
0.5139690329555654
0.010124600127916232
0.05028019142626886
0.3417826369243301
0.21525283608289972
-0.6542105778312506
-0.5852243810855094
-0.16930095361915112
0.19425341691027292
-0.0284518056567706
0.1963596521665898
-0.622229251222852
0.17952853724251697
-0.6648990430823359
0.1800010593669752
0.2935919057047836
0.1246515798649295
-0.5037749065309274
0.007638970560485199
-0.5619241850902723
0.28854222323902146
-0.028411541014133672
0.02838588554096265
0.22881017817602003
