-0.062508487544553
-0.034177440348835
-0.568079243803870
0.159754210204129
0.360007994897672
0.496334227742751
-0.419169775505884
-0.419428372964846
-0.295588170683859
-0.319122092934803
0.375757380777828
-0.452450137931522
0.839949159604045
-0.268404626006306
-0.243864525152103
-0.230319477872194
-0.003985007185507
0.422604030861028
0.403675732707046
0.216189615679328
0.218963574443637
-0.404297519807508
0.464693119209914
-0.001171921399902
-0.403140715739687
-0.244975297325207
0.181195033792234
-0.180399224184868
0.463017562563514
-0.180203615542319
-0.028030590254051
0.624876131880448
-0.274702318082243
-0.413044586984753
-0.562166579890182
0.201104073814807
-0.077206144698004
-0.124024838843352
-0.543429007506111
0.200885724914921
0.422865293938436
0.046568549198871
-0.496710759138244
0.395299895162063
0.178390159925353
0.639220354738930
0.202595551027690
-0.558411770761879
0.738656896974278
0.432727222550287
-0.100455834674077
-0.101823790869078
0.444996960016171
-0.669331671470974
0.401515837171270
0.101214725847099
0.265932861903276
0.008853088808488
0.236824843191853
0.078838044928835
0.398790234020975
-0.167695238768481
-0.405387398266809
-0.084379405853874
-0.016491621519370
0.466680973964183
-0.168972723453002
-0.400626644343787
-0.298255540559369
0.191241125741734
-0.063829017425809
-0.003160712699372
-0.474614901402155
0.092526932859884
-0.309249122498274
0.672767181503229
-0.572792757415091
-0.319212899462633
-0.045529433824075
-0.105646475273855
-0.658338403764222
0.253739763023163
-0.247852291816371
-0.168069455617596
0.115535012215134
-0.152768038422217
0.072867731522449
-0.737986391319074
0.286561682823558
0.267525676476400
0.568271842150507
0.250266039323733
0.601205907554658
0.111410300431619
0.580041697639010
0.232490833994467
-0.099413469102769
-0.269007406455245
0.444089858349489
-0.574401801851959
-0.400442327431122
0.744190394231398
0.242051278364710
-0.292031993596973
-0.511806940746309
0.481369817844962
0.309645696214977
-0.066277233567333
0.105631681852348
-0.466093867598204
0.303569277953728
0.185865355524199
0.528879448340737
0.385655165667538
0.582390429291501
0.046013621675675
0.198439244453408
-0.342804238314387
-0.648896995669306
0.262162098906715
-0.298496780492804
0.407467962205085
-0.125994485784065
-0.037656853281294
-0.387709956356677
0.235610307172551
-0.306797855979232
0.406113081655737
0.120215625022369
0.137878173358172
0.185161230798132
-0.205378988519049
-0.189608597302216
0.093331267839734
0.622069062473625
0.424341656568497
-0.148870460464466
0.102533864680997
-0.730787773559331
0.077013133389241
-0.602139379396056
0.216239202832095
0.239023963254840
-0.495606160761616
0.184856558861815
0.368797516433650
0.192191483161377
-0.393401039446678
-0.031881148302954
0.434821952356881
0.109886714053997
0.441924276045513
0.439519123481476
0.486115996446295
0.018269920217231
-0.461700420191966
0.053737632888033
0.060978555028107
-0.457106028975905
-0.447750699565280
0.286938173856835
0.165811589850736
-0.272334605507144
-0.150706634245998
-0.327245357779090
-0.277602325094829
-0.085629097648022
-0.234922887048485
-0.175763903235805
0.259086360774541
0.207675797874215
-0.203385107300943
0.201554036628103
-0.377505515571545
0.349020371803221
0.749633395864776
0.045030859884546
-0.716821216750920
-0.186815304295710
-0.301040589111806
-0.040428787761761
-0.662722079960271
0.238926889320135
-0.308159544624641
0.430108278335428
0.360226766071560
-0.704688928578881
-0.242988457815738
-0.412029451832079
0.193150582253464
-0.067484572620001
0.079367358814661
0.087915444747772
-0.592872855582856
0.046268388389025
-0.442051312305551
-0.005235928729982
0.232643930333926
0.308351877671060
0.513124823591445
-0.076120109849542
0.544042059437340
0.219961790877991
-0.251437356638027
0.012527377971449
0.310247929883478
-0.483407853739575
-0.361458948001472
-0.413644587628186
-0.068480699694198
0.207857704591711
-0.129006070883875
0.159764266554685
0.085132232853540
-0.409042828777098
-0.436475189972092
-0.017735699803519
0.062685591644160
0.369895076729233
-0.029810847978975
-0.041560095240676
-0.071341497940252
-0.272304162922572
-0.570172971130937
-0.334125990082326
-0.695598289264621
-0.032713831640367
-0.219842819800765
0.181741794019880
-0.073389079840198
-0.229023598814545
0.373353600838896
