-0.352624093979228
0.21215975313908927
0.1362811926648662
-0.25404224321224705
-0.19402536756012218
0.16972722748772362
-0.4367181864138816
-0.1737978068347551
-0.1290402524901523
-0.33627448041803837
0.26383981834697523
0.5066200590883865
-0.28033965308496894
0.3026655671646951
-0.36722328031841855
0.10343107029046676
-0.08521586004933672
-0.3352580476666818
-0.4104794301161506
0.35502331877647797
0.45602975055720407
0.41404661027276146
-0.10781946006550175
0.13325994071862537
-0.14405006458389638
0.15479136921626957
0.15766687479679398
0.35121961301739063
0.0856051398753433
-0.14104131033006947
-0.1415765758730467
-0.3414388775384396
0.11455143633477001
0.3874865177716225
-0.14984558004986354
0.6327712716484869
0.30326144956757145
0.12516696903047642
0.4659730521754098
-0.04320086149333319
-0.21134874091962713
-0.23537705907904466
-0.646847501276789
0.39797081888439806
-0.24807008114603357
0.03934956434391463
-0.3925315129716421
-0.45131098182448826
-0.17879256148813583
0.20934111392603041
-0.35127139780341926
0.15519889401367187
-0.40694464259556096
0.031059998849779967
-0.11821154097097403
-0.175130400532778
0.3296826411466298
0.021881841693031784
-0.46671732726356363
0.2147274387723546
-0.6282835597845745
0.43168331686240324
0.4635232050340142
0.3416606887979208
-0.012001872952075238
-0.13351464246208306
0.23363328490071142
0.019958677555411083
-0.33749805065201677
-0.07440930725331388
-0.19619409430657628
-0.1515224024786436
-0.1182823389106855
-0.7249821071742829
-0.41356499041353667
0.13371656372648544
-0.5359915551297111
-0.34976418347843274
0.3890882045810616
0.019246098980296767
0.13682960341931116
0.21878085792437407
0.24394315115163528
0.5330807086561071
-0.2380283485215817
-0.7862696494359924
0.14935141400692145
-0.12095467035044474
-0.15786519054362333
-0.3142865744154615
0.018098616848933772
-0.5550078950583713
-0.38575084131958237
0.2514978288125141
0.04054445184783144
-0.38585883273206734
0.7009964382377983
0.08497634410643157
0.5901930389521743
0.12442813566711393
-0.45353043936978205
-0.2341277329276062
0.39629314801787846
0.22227990103214293
-0.38158031011515436
-0.12258936729180983
-0.12285105272964471
-0.26248065155857125
-0.22695371466618783
-0.028930336444532596
-0.3891453022543338
-0.1619030082819686
0.5957441712991335
-0.22997304848382022
-0.36799348529070147
0.2677659421706292
-0.22305887428400767
-0.5398602242118966
0.5340014833908306
-0.2080719925366693
-0.047239766646980576
0.8347479784049261
-0.21754998201089382
-0.03421527445320562
-0.4025759254293891
0.06384241492288605
0.739034783681301
0.017399190150891985
0.25186357443743856
-0.5591608250529547
-0.20641892990741453
-0.3539602944036868
0.7919936232260203
0.19768486847400252
0.08104411740927352
-0.10654085615814436
0.5958204403961037
-0.3711613991573976
0.2618977734587561
-0.156371845567846
0.3765828219357381
0.20492093879340925
0.18204416985558658
0.6117775172787546
-0.14980337157756551
0.47054165755970406
-0.7425546239641245
0.10879926345206592
-0.7553700875138347
0.24704740106003234
0.005241964037848957
-0.45222871338351034
0.28707993900935025
-0.32070911502917676
0.19790736249100765
-0.43524985344303435
0.19939478539077757
-0.5024784722780372
0.22631356731612995
0.5743760066256326
-0.21006379237440828
0.0791911237198329
-0.40879008065224853
0.32500696330547185
-0.2487795133917173
0.31321865189762205
-0.6468852042863436
0.026317635349450676
-0.61487600099583
0.6030367712218915
-0.12919076788696943
0.1353333950114032
0.005961436595258871
-0.7073679440593602
0.36001288833231593
0.3984626481243848
0.34838271915285335
0.262114610803472
-0.02562972484633618
-0.6604287498316784
0.01256158581315622
0.2212172382748383
-0.14335512718410895
0.13295842257699494
-0.06412558784410728
0.3356152104943039
0.1276096774273698
-0.891074095889899
0.4885109806801393
-0.12222440778773028
0.07120342577884634
-0.7486357243410954
0.029457302095622494
0.08895286014443157
0.4577008948132287
0.23070253310470762
0.3391398209809231
0.4682813458840697
0.04406090798236454
0.3199584735946637
-0.023125288333243378
-0.007673183736663523
-0.4705103359730367
-0.6064286107467967
-0.0400966809437882
-0.3389865609225052
-0.3929446453266895
0.1313831797862477
-0.04380727080331995
0.361347186985557
0.5994526979536956
-0.275874615806305
-0.2561194210371852
-0.2891562968212523
0.373752736150376
-0.5903512594609546
0.22265998726578787
0.20782267184070013
-0.11070595773100766
0.1804142134358652
0.18959635559735066
0.3216129420859029
-0.43600121568022976
-0.4511751422927322
0.39546615493038156
-0.19418712859937087
-0.7293377959375584
0.1713011942978733
-0.6593884248970444
-0.07608175923682838
0.04793175285541372
0.5719522836447883
-0.4494812973589321
-0.2668173978673753
-0.14956186908588026
0.2991483932208174
0.3197522075724453
0.008240901253174003
0.2410534723921426
-0.41222321055711847
