0.6854833617061773
0.5990168127260243
-0.0513481112402368
0.1293879758782874
-0.32646280964425256
0.18426984288096776
-0.02209545497581765
0.3127496047812336
0.3947916643033794
-0.10381535821146642
0.4966189606018339
0.3755907654798208
0.19490435414756882
0.5192778420319037
0.0016037188829368008
-0.03520732302037981
-0.4892284896350196
0.04966892843533761
0.1289064019301344
0.07412861915520186
-0.4219244320081471
-0.3091493035419217
-0.46819031874439393
0.3782690120753614
0.11984344887154699
-0.22267192323050353
-0.4685721760483263
-0.10464126990423367
-0.18348293381557687
0.019946566842982624
-0.0037124083607136737
0.15715181854775453
-0.4125398941130643
0.12017499507890056
0.14481126134635355
-0.3969986418226972
-0.4718902555219748
-0.04840131874122245
-0.19826905282718854
0.019477711710034065
0.4679923749171567
-0.4837199652796343
-0.28606833946461413
-0.3850834107493322
-0.06526934570956631
-0.31397717698565253
-0.5011636993349221
-0.4532412462212411
0.17015996138914233
0.24906718282957999
0.7187696294312205
-0.3351001808524292
0.09519321119843566
0.03135699448582454
-0.023125850986889938
-0.500811737616087
0.023117391200846004
-0.6664983339700736
-0.05869038090275752
0.0716888507039125
-0.34212502279818763
-0.013317903207836046
0.3237928220248609
0.5476299358904377
-0.15461920321853573
-0.20533560558292757
0.44732438889705245
0.6746696634846971
0.3477506445225457
-0.18886055698072463
-0.28446924629099446
0.4601116683557624
-0.4145280842632233
0.013014968367864338
-0.6770946096137829
-0.004660905427111579
0.5292192487229781
0.34168421288495726
-0.00218454423139677
0.3365479399534046
-0.8520284799269022
0.16819589312110636
0.059730596269659625
-0.13158210570385592
0.6022083095188819
0.09090878814110001
0.23628457871799932
0.7028444444751752
0.6020364770737805
0.03913362332088444
0.09186535580720818
-0.29821044527790636
-0.244461177107653
0.024745677499517157
0.9116165356170811
0.26669695665910004
-0.5025638503906587
-0.4274309737233585
0.06473487492903415
-0.35275625587573567
0.2533004502999745
0.638820455117053
-0.3939208073104227
-0.32663206015996976
0.017856717773882556
0.3855521902772171
-0.04270019295862168
0.6685633240123309
0.720364907726544
-0.10869722237010765
0.3366463026251464
0.29102490812301895
-0.6712049258498648
-0.19271563390747717
0.25511550139328776
0.24409898320860132
0.4087908547257354
0.5318174840815485
0.15397158055724058
-0.5248201902663342
-0.5210362497951281
0.4675171721177633
-0.10376236219957298
0.04991276875732267
-0.21631620537471122
0.1320234674474349
-0.18291991231722757
-0.026860214892894415
0.0055824113356827765
-0.03851064270333689
0.026450374620594113
-0.5066757401039023
-0.4205710133790781
0.27779275972343925
0.012921987952473611
-0.22804432986165152
0.3663262005228588
-0.35518644722514514
0.14243417215427526
-0.3884111618957564
-0.2705231571841988
0.42945839711042727
-0.19676085260684756
-0.0824345352433103
-0.29870482322012365
0.11261277014141086
-0.5757838468033174
-0.10148366061775221
-0.2750319252682775
0.33846198020178986
-0.08535237670561438
-0.31969865403503595
-0.3298559240779476
0.29123761157967143
0.5031888492222256
-0.06485264704594244
0.5276847047693578
0.20895608751158806
-0.5339932344015199
0.49246005969218126
-0.3778501347027849
0.15245199164795337
0.50614370549703
0.3171819956744637
-0.14937271350438197
-0.2605006982574306
0.5684528027484236
-0.0610685251362955
0.30913058746257344
0.1971376556293136
0.13221023640815394
0.003003345244184595
-0.794732915552409
-0.04751814710198834
-0.34248853943807006
0.10004675651682386
-0.46088368260674156
-0.21584855286093507
0.40755671603291355
0.14337452564589215
0.1612285170033486
-0.7921126357504015
-0.18756572085338383
0.050027252080186824
-0.04219314995707828
-0.7790947995838293
0.06653858817573684
-0.3505427470121221
-0.05756218204127307
0.3089242386387421
0.508443554455562
-0.08279144668632735
-0.37489933521226426
0.4570775925738019
0.4523545200117516
-0.3891671027757164
0.23401332104317688
-0.40114950851980724
0.6939953570505931
-0.4938754430033791
-0.08915614552416039
-0.7057856793556636
-0.017752651850253296
0.36109996287067503
-0.5437831712086343
-0.29961336099803604
0.1553023178514886
0.5707011365125911
-0.41214927670035456
0.2566811389667879
-0.26496787548055295
0.10446815643198451
0.21635478258124397
0.48467163875704633
0.3832122558512612
0.1095351160116553
-0.4838952448773826
-0.16265394640771186
0.126759608991343
0.0583977894168455
-0.1492757322210505
-0.05608588910921921
0.3756389223153096
-0.7563559471407125
-0.03728835852975999
0.27456185412143336
-0.6854380196998643
-0.007860829657861687
-0.008948211521670139
-0.16076657552873921
0.12324526017498766
-0.6609972825201503
-0.042538304714714786
0.5208022575883784
-0.0295152983483891
-0.06882060471641926
0.18134672273075428
-0.4659965943540228
0.08201144742164868
0.5422272056118804
0.1880625458604758
-0.0840300157836034
0.0984649669981732
0.5633776079273444
0.20281810791993793
-0.26423671149675393
-0.4685400145951275
-0.3992788842979929
0.1985341255585613
-0.03923812804924637
-0.17073699981253299
0.39340750304151506
-0.03133770350649827
0.22247613516897205
0.020787350831688218
0.16837527306639583
0.13991025808757465
-0.5778619826193531
0.3752394234157085
-0.21058953052724097
0.13560632490864935
-0.01595516152501432
0.06204683033339983
-0.12231499475360598
0.11709791171263967
0.16127822864651903
0.3764876638975681
-0.5046178849991386
0.0743059228099658
0.3209945298850609
-0.3564333360922124
0.17401615266070675
0.16612926025767913
0.5213538551389569
0.3206463541710863
0.0027502153439670804
-0.0570867920842577
-0.45558882919797
-0.22529011156582765
0.09827189759115594
-0.435353715826808
0.3151692152162867
0.29600916594947924
-0.10578506925615609
0.024596104392904137
-0.23610261045947825
0.21442444184917123
0.38547304537136373
-0.022491727539301083
0.13330297735143976
0.24060969464180615
-0.6484770012468427
0.5191160309172757
-0.693055116576271
0.3576794321711958
0.15444906442916373
0.2587682609886672
-0.1781470875494546
0.7911904252706271
0.12800840760465915
0.26807186998283944
-0.5088737794192245
-0.5773686304862814
-0.1720767993360268
0.06099049121263878
0.554940588362954
0.2602698691175597
-0.4348306302850892
0.220973453399152
0.4679292994737495
-0.09677424655292513
0.6478580628888201
-0.28925269276600385
-0.6566607648499069
-0.19250134933399338
-0.06588301080741668
0.004287889366539776
-0.10743766881481127
0.45893159118126936
0.6914688903922176
0.06000275286779329
0.4364823904340693
-0.5377668866202875
0.25624286777502425
-0.16533219736242935
0.09103013141119848
0.33560131385654474
0.04439660903755579
-0.40865940802801815
0.11548128326333561
0.03865224346646166
0.5434789439108128
0.7307073808000288
-0.11103571353795808
0.042780997519634566
0.18672655185476952
