-0.279024104610377
-0.34350502127425936
-0.12549287383035784
-0.3326210798153166
-0.3892909032066226
-0.18758760895757465
0.3106458881663527
0.49598590589229435
0.43376403777877043
0.25350424026332913
0.09417576402949633
-0.46855291945470173
-0.4732087304700372
-0.06164881703285106
0.3003049177973719
-0.17926846695124227
0.34519148604837513
0.09122342411336072
0.10656024846911616
-0.23149593423346418
-0.0940428579190014
0.19998831124039856
0.10623715912904437
-0.7578553178087932
-0.6065476276947771
0.17245001213674066
-0.09156891592529985
-0.03974991238347071
0.47767722712189736
-0.3287160931470286
0.4808589636025265
0.10862934535872278
0.19880117948424803
-0.15662357386381032
-0.24424737985225212
0.5321229982774947
0.014305734167192056
0.5921266450129709
0.1730395063185731
-0.09224101323411513
0.4891272228120081
-0.7846737465562654
-0.02264431628780063
0.19916040400817955
-0.24333315395862232
-0.2258032975227205
-0.7608038886518813
0.2131973367534517
-0.20368896403737818
0.3083757025167868
0.6890244642101518
0.4414632182191647
0.12201010902750667
0.35857151164503054
-0.01851464641694024
0.26813614843481354
-0.15104782682958934
-0.7241150252411924
-0.2085805189906802
-0.3907142237598586
-8.51517496318583e-5
-0.5499298625157918
0.20392006138065313
0.10374686744702129
0.10629931219285042
-0.16607888806011079
0.5159929033650272
-0.07569692591899546
-0.10717910499559072
-0.6177090901799239
0.11239943789650826
0.6209628242633037
-0.09437366648679575
-0.4072493723580635
-0.38383859915191765
-0.6170452610403595
0.35459112355877587
-0.40345254056056934
0.187385889530344
0.4523903449118065
-0.2992966745713107
-0.22338392033261234
-0.23298203776476278
0.26136158333196063
0.24021406585496727
0.0909757373974414
-0.42006773222351834
0.13676002728422493
-0.22433042315304524
-0.24569079023740922
-0.25074038550738975
0.13462018630065856
0.3792018891545495
0.22164261751146677
-0.012311648845036473
-0.5519794834659641
-0.06476062137786366
-0.4749172517536766
-0.22362926726283644
0.37036963678028756
-0.18869498425919728
-0.06725038351402071
-0.16639238379126675
0.8434327535057301
0.40854676745124746
-0.04022244961870801
-0.4839752123623388
-0.013480312166428268
-0.29469752865756776
0.44017330291367585
-0.17328494588316162
0.4479704691283407
-0.1290666374100069
-0.49733626753804977
-0.050966338128114685
-0.728120462876632
-0.08243347608428776
0.2961468081727689
0.6329140197683594
-0.09194444153115056
0.14527978255636811
0.6565189445884917
-0.23820962917615623
0.07293677091786802
-0.6364713262010117
-0.32409167707367426
-0.3279834006623606
-0.2846410508400028
0.17848602065151853
-0.40255159655091205
-0.23025144994600955
0.5161240820623502
-0.32872354148985555
-0.31792475748398835
-0.02234962838576053
-0.4341869687136985
0.1314069138769662
0.7727144982431737
-0.20228113946288337
-0.33288339582959803
0.2641886810416461
0.1419608558831126
0.3189772798321861
-0.4004382226164
0.09903285213513537
-0.016346497684817676
0.1752936190104216
-0.11851790315559638
-0.5414237310792515
-0.3956272071873976
0.19484727532456084
-0.41071019218407867
-0.08275348812261635
-0.12015376585908143
-0.2991148246991804
0.14907437209646587
-0.2220200637025823
-0.21271253993644834
-0.5910662644862302
-0.3544275164868958
0.43879043358561237
0.5251242184530572
-0.15404353950990607
-0.07667309812552373
-0.03189537253713631
0.43377492934628
-0.5222156603716162
-0.22631671631798764
0.3354362325339927
-0.27441906726182924
0.04115214229718172
0.10312693922062592
0.4965505696145716
-0.47719806526538605
0.09301838462038531
-0.4413974668380752
-0.6538805858945123
0.027887077240577922
-0.20568169832999725
-0.010868498194575147
-0.4995012485445894
-0.4435157116094436
0.2568789710531535
-0.08354015397965493
0.29828250866882133
-0.18412744368627867
0.6458661758746845
-0.33156327636493854
0.3937054143572264
-0.3351024794824531
-0.23593450450681422
-0.6961414764729689
-0.5392125664375719
0.08546030035733009
-0.2449988298547682
0.0863221765202875
-0.7457839819278239
0.1266441785824119
0.11573681902467153
0.08227113592727262
0.4015443142914627
0.007595380348284345
0.4924105440667973
0.13031058742379087
-0.5285491338898728
0.3383215135705095
0.41698593819535734
0.15947593283076025
0.03156559511736401
0.017491459059696228
-0.6892894104048022
0.3664806648853923
-0.03683484466734203
0.26473826385443483
0.16841495182236196
-0.07111462337006882
-0.017358197272230043
0.10500904984773521
0.3202667320078202
0.38939337235293503
-0.14704701306078924
0.3007491071481163
-0.2839380049022863
-0.03281930190862556
0.057768087211723856
0.6597041782241959
-0.5880008884075159
-0.002901494046548503
-0.09077286338359068
-0.45552235844169
-0.16779817477443765
0.11305745200802549
0.6458505578765688
0.37021201067080156
0.18331420844633883
-0.2396797032526581
-0.06480618212966564
0.006225618331320737
-0.016353357961003095
0.8274258434258364
-0.03499107241232886
0.11937017246620127
0.2949039145281385
0.32600264504713794
0.23841418443320547
0.16521287134115162
-0.44361624031739344
-0.12740741951492732
0.09820966418527277
0.19775661979635684
-0.5232459469927432
-0.38624027105811753
-0.36204004212236
-0.4763159912607937
-0.5892117398749049
-0.18113593659859967
0.5539585562887378
-0.43465700974207294
0.2847318045250949
-0.40248157018761216
0.01571146056830078
0.27922412092072396
-0.8534018824948562
-0.042553831949310714
-0.39787608212668385
0.3555463172401436
0.4098563092448677
0.2225910955997951
0.06704597570769176
-0.3335536570737497
-0.5093477055692988
0.45594699111369796
-0.3077885773968785
-0.3018306615080568
0.1523016722562394
0.10851266187965439
-0.4438873000743557
-0.014514076071302494
0.4257814369559414
-0.46746287844786216
0.13502966156675084
-0.5133684333381722
0.4417287720113633
0.10858706392017374
-0.23342585668470836
0.28879854424963586
0.16856635259035857
-0.19218381581654848
-0.6836080244785128
0.006461562826591261
0.007986410805505224
-0.17041827249093006
-0.4958822968173303
0.21851053923837807
0.42749224639097116
-0.09704293592602975
-0.29479613627029755
0.3513920292464838
-0.27562105760171257
0.12217654959445891
-0.5877062777611529
-0.02732449162277738
-0.2007308160138997
-0.3166338532113008
0.4852140260711591
-0.22729601659280427
0.061725678635223206
0.5576205362979595
0.21624480963555354
0.397978976600381
0.1561956588800986
0.06610102287781414
0.3835969366770474
-0.6728412740882493
0.20711542616043271
-0.0720790630263478
0.5617661414621009
0.2606697031493486
-0.6644212717546845
-0.3466488450636344
0.4559157325938149
0.340477638206288
-0.1410855379913413
-0.0013517827640597791
0.1522817641766113
0.40663092893713615
-0.44612807802983206
0.69242571869265
-0.5604431149528052
-0.3021879714925492
0.09820528198489306
-0.12419315837836611
0.4849532508500073
-0.4324130904687139
-0.2806532134526632
-0.03423991832510109
0.44820762729549646
-0.13344964984378468
-0.11489358238828841
0.5049694271693344
0.22028722815086088
-0.5516989092432508
-0.6498612658883735
-0.15694021399649424
