-0.320038767579812
0.227660377027039
0.123431508478246
-0.049411198191427
0.126972301207082
0.274627826710156
-0.414386230733768
-0.549204349759956
0.568423735563718
-0.259069191203182
-0.267431822333225
0.162414040642626
0.163657663886428
-0.128515674809944
0.309693621519757
0.220436038158776
-0.110611710686749
-0.817624171195679
-0.029387745795498
0.021984278017584
0.077491301966676
0.307030197370086
-0.525858994571319
0.311441594486144
-0.545166044889765
0.128387925663758
-0.473201116370837
-0.414483677821154
0.297538004217428
-0.118795070473174
-0.226963877816906
-0.465047107678684
-0.075265849338071
0.299749820948931
0.037592112518503
-0.120388183000354
-0.661591134613716
-0.325717236141401
-0.290696031022108
0.513858399067015
0.255383455021798
0.184489739875366
-0.644332926936923
-0.291580386220410
0.149484741768681
0.309982375459424
0.089552925211782
-0.274818044997827
-0.394207676409849
0.457620156481961
0.175920916905743
-0.138378386036288
0.058054275481363
-0.451458012248552
0.318561812011095
-0.477999392045364
0.058118322816942
-0.201125273569974
-0.574741229366118
0.420204737838280
0.090438572344912
-0.341867144267854
0.492988983255099
-0.081981651058027
-0.222844041712383
0.002604929884022
-0.193578177316785
0.172098927922181
-0.103364103914675
0.366049418127957
0.475907797332884
0.150639867011628
-0.276013457027403
-0.325670215343497
0.558287060512470
-0.052093158120085
0.249369685344391
0.674863754571190
-0.122108294987638
0.613982386522363
0.371083487647141
-0.261748805281068
-0.279575434841939
-0.262503677843160
0.012205535981391
0.514054884495779
-0.024677916996984
-0.384183159998742
-0.352755999984225
0.449147618867321
-0.044140219647842
0.625487897754460
0.087012799833686
-0.790737615103917
-0.073657831244960
-0.186899724488508
0.202818083772142
0.365499835922270
-0.265091389403319
-0.242283073669772
0.152405936699725
0.346310634749702
-0.309547323496634
-0.399721219621463
0.256101309417674
0.320713612871883
0.313467922173795
0.456554025449420
0.303415330619619
-0.240432812915567
-0.201967052614763
-0.201730957435444
-0.394093850531136
0.394039348232538
-0.242887406681675
0.365087216305568
-0.396336642523824
-0.086033418385705
0.484790987835427
-0.153030398171036
-0.427331915385485
-0.316413000431140
0.476726616537791
0.112697066609073
0.469713546049035
0.638236121468294
0.311892899869482
0.165892825571520
-0.104264220858990
-0.117558525959816
0.551916720180641
-0.722848539255320
-0.359091514237775
-0.477179741351522
-0.457318348349865
-0.186214997088800
0.138451689176762
0.399467117897193
-0.180690792243149
-0.440593411505134
0.336112755098085
0.222429627798486
0.296246415161966
0.629419400136922
-0.122466291143070
-0.491333960845541
-0.266974011491263
0.390034786993746
-0.262881772276401
0.176495591882380
-0.100496106891981
0.256795142154325
0.313238169998287
0.566020809259489
0.327736405987361
-0.503878325113570
0.147892573954332
-0.155413094039657
-0.057449058364167
0.159456772015156
-0.217033209038123
0.178010604131083
-0.510308162122782
-0.180258502090063
0.187505506566116
0.272577491678790
-0.014737720271223
-0.588356474744621
-0.123066054053353
0.544593587438470
-0.177683528879651
-0.098870335929711
-0.464189305680289
-0.662649306868177
0.213592059305397
0.170503323558403
-0.703136415361573
-0.371073257723562
0.322633088769461
-0.360315906308004
0.870242912659064
0.239899902599282
0.106805714581428
0.042272747938218
0.030756578106135
0.131534129971385
-0.620123713125941
-0.179765434609678
0.595820523436291
-0.021983494743906
0.383467512863744
-0.096678887104821
0.690136781329441
-0.520504996256088
0.144448334976210
-0.210043221032033
0.482307208777417
-0.225535690047011
-0.053567802328918
-0.177630840460321
-0.626938820708504
-0.287953002374956
0.098235390430963
0.201456195371399
0.133502866247742
0.416107382390371
-0.286719672674298
0.131977152013769
-0.293047962139933
0.156953907382455
-0.144649372590957
0.705792019603255
-0.467061547663137
0.582289851569700
-0.216827845366935
-0.533250729171332
0.051937641012336
-0.135494788419865
-0.164684634876492
-0.243871750577934
0.229894058660574
0.002934818435290
0.566834586306940
-0.162472904872980
-0.168293608976745
0.488303652288779
0.635040557499572
-0.357744111456949
0.015215345822636
0.759153200201970
0.030892130642558
0.087108792053251
-0.590522923104254
-0.101176444155373
-0.192947334161786
0.258200790246143
0.282636056563108
0.110345694390410
0.203126831672609
0.562095685772392
-0.138593593633112
0.635081421687454
-0.438552024208477
0.101607663466934
0.435188498310271
0.024788074536923
0.816855376628741
-0.161204874803021
-0.047117941266993
-0.481844892757663
0.572323569131460
-0.210224203091190
-0.484206137110859
0.154799450539944
0.391404205842346
-0.302888820963993
-0.000691936120925
-0.064783111915149
0.048412084712650
0.289737477419820
-0.044823885300767
-0.403295981342208
-0.620902340429413
-0.310704776066234
-0.043749219555089
0.196081957771624
0.470312505627450
0.570821267367209
0.141785870888347
-0.218525330924866
-0.461054454935083
0.014777951759835
0.053411930725882
0.085788031296676
-0.063586596450955
0.559061837099833
0.108029267758569
0.217223469545133
0.007308081997576
-0.798367331393873
0.625398968127644
-0.341709185448916
-0.121168800100120
-0.280488611079580
-0.512234250458487
0.127748140405580
0.432206078448515
0.243609467138483
-0.554916653964424
0.129658164695468
0.181330786191628
-0.641108839081662
-0.592713455304144
0.045060728182844
-0.253270713347186
-0.282230929597348
0.292255886521840
-0.331555105475912
0.520758358653664
0.332480605120825
0.187469170723473
0.516094767395698
0.078673085813616
0.411841472142952
0.194335938803863
0.245674529816713
0.385480558983784
-0.022550704648841
0.114807802835536
-0.180128745133413
0.289011159331055
-0.137957391506128
-0.141689758340060
0.074189512492278
0.436649740154384
-0.428128035765808
-0.678727576579523
-0.222167819564482
-0.286716145130888
-0.047430197991972
-0.208321445595295
0.020980806276590
-0.325709819539633
-0.451328761881285
-0.430856723337112
0.389991834696089
-0.422302646021599
-0.064187355181850
-0.630843296677874
0.390356990098117
0.473224456521648
-0.222297180333725
0.251808282794156
-0.163801120087829
-0.343388253159544
-0.109745448100854
0.745233100954536
0.027554350290547
-0.457396481077893
-0.399880660248872
0.003551377148129
-0.633954774135968
-0.470820796727348
-0.068686043168950
0.507219717298275
-0.025242335115290
-0.050226397040424
0.532664008739933
-0.091371061842796
-0.176789137020706
-0.364667914114908
0.688723481233892
0.085874295810990
0.380822601213201
-0.266573388288389
-0.217415762623182
0.127046902806776
-0.273243581106857
-0.141991555510415
0.151722063399683
