-0.428424023042135
-0.512830451209083
0.091813175787019
0.122491600491459
-0.692069685319044
0.219328607163293
0.312414801278750
0.201854683635870
-0.071560767209035
-0.006201420972250
0.206375987619658
-0.554697425221832
-0.108516886067436
0.142184176368372
0.003076573511451
0.480166923234454
-0.569692182472647
0.229146444941211
-0.373107751542112
-0.238187433475459
-0.801634841294025
-0.027282566737215
0.014528741896553
-0.297754354162302
-0.506209408835151
-0.130225420077733
-0.355296908835617
-0.291898254180856
-0.201748788568205
-0.199263336048619
0.520282610915187
0.319110285172574
-0.221638986229026
-0.049159414695361
-0.363499692684047
0.546015030407912
-0.123453490988757
0.356540361064254
-0.106693930543804
-0.825995241853847
-0.391862305294637
0.545914750239300
-0.380820226345012
0.231223149327374
-0.324540343793698
0.241705363158566
0.269488543509281
-0.559672843320701
-0.434593369921898
0.157191568608526
0.132511666187383
-0.111503795097740
-0.273076992708799
-0.182401713632243
-0.429097484261354
-0.694861925755292
-0.333764594510629
-0.134351044499366
-0.626579105723095
0.100146025209566
-0.178208688714015
0.452710035816518
-0.114314315973190
-0.354583340219982
-0.105444829930216
-0.215173316388668
0.037942874391842
0.412375612142280
-0.413658717422293
-0.417909639844820
-0.115207585730082
0.229358771110705
-0.385417008846687
-0.045164496639347
-0.410458749923632
0.229703347501017
-0.054968291478147
-0.116224169353255
-0.635775762426233
0.098766924889988
-0.067549690069608
0.469630586779724
0.416503347711309
0.001017182936592
-0.523338275903467
-0.583576337159462
0.361526579276931
0.035145984971114
-0.128464003206394
-0.629369586322459
-0.405943727815459
0.564698617997861
-0.281043052410032
-0.618855754722482
-0.201875376770461
-0.387455606306234
-0.145717827523672
-0.120464291922378
-0.059919222795114
-0.081967761911322
-0.700089641328909
0.329694752626211
-0.259359298769584
-0.394808768745064
-0.328305635572277
-0.024690140748503
0.254907646272207
0.294056703144052
-0.425615629338813
0.441837808471962
-0.349250321782638
-0.155269232555747
-0.412859723807492
-0.149854308159900
0.035062586605796
-0.641021542301057
-0.192324506860533
0.335593049208505
0.884288591144342
-0.085404363270093
-0.114384891817958
0.143252401040351
-0.361526868703290
-0.128235517205867
-0.431444082545334
-0.456387786009338
0.667735232357698
0.020915606079559
-0.178912041446659
-0.153925009098856
-0.589558769535633
0.344236554480112
-0.072347710197204
0.023824132294527
0.132157365244675
-0.363501593330837
-0.485981642515591
-0.531145302657337
-0.344269436397975
0.258275271515469
-0.075137974831349
-0.550109116094958
-0.035480305292351
0.040388895368444
-0.237015614867176
-0.161527129005438
0.377989327854987
0.516279426793711
-0.245210486796157
-0.102387488376626
0.718763702334248
-0.052049511962173
-0.626146817349317
-0.093954958174151
-0.281091184863875
0.070451069053917
-0.009382338505426
0.652172505036999
0.191372891200173
-0.064735655091742
-0.005454161819303
-0.430175233933888
0.204742614696840
-0.822916705556429
-0.150587442858824
-0.373184242259733
0.435529483662894
-0.096947107897673
-0.206278157032879
-0.390848229018823
-0.164821123015908
0.628093190283259
-0.624411509726736
-0.384597667148069
0.303321281265339
0.195414909295647
-0.516572487756237
-0.371579630231592
-0.277053965665804
-0.538206864821389
-0.007643307866656
-0.070145655008663
-0.227772293914487
-0.101813299886144
-0.371817387773248
0.498512124794266
0.533277237203302
0.244773646292106
-0.063644647440532
0.115180267410142
0.372287902208740
-0.446076923374157
-0.443510051844853
0.584422524157179
-0.039505678783591
0.279471248800637
-0.724323526718459
-0.384205642417179
0.103123335223736
-0.435761904831365
-0.140982718775424
-0.086784665727077
0.324657507936111
-0.714938299196487
-0.009648117121187
0.763237859439140
-0.374559279618841
-0.405907885377513
-0.576234988387486
0.213478404246448
-0.358673972136394
-0.471950340869914
-0.113258743162232
-0.417562680860630
0.285554880562862
-0.183174294963638
-0.108072698441499
-0.468035679744920
-0.186257980959761
0.456007437183788
-0.003237407273353
0.140581288936727
0.134065317364306
0.345957292460281
-0.160320514240273
-0.035240102646500
-0.478113879519869
0.004850526151629
-0.360396657654569
0.281297433438950
0.008669658908843
-0.270604733701987
-0.283555283020732
-0.206286030102796
-0.155787563761932
0.193791296836462
-0.263708805328933
0.315498733057353
-0.569763645791498
-0.306925300236577
-0.352572157751662
-0.025197784395566
0.090986326250860
-0.395961545003821
-0.001738195913850
0.248883672110056
-0.072533707363210
-0.380165195172233
-0.041754229746672
0.108977966269931
0.447698272394911
0.340477446869576
-0.532108479501586
-0.485310115863369
0.274943386503339
0.605155198592187
0.493399030393578
-0.450361094467595
-0.289252652265423
0.009440228178844
0.018951711744758
-0.145770721336464
0.341132960575364
-0.443403004061214
0.580551902959955
0.412605387377593
0.072621089728004
-0.363321863867205
0.698246093180847
0.388651306358287
-0.167686503958330
0.265935702322153
-0.061371767133281
-0.522556196711273
-0.382558179973433
0.061788693843794
0.257890032346568
0.183322751379583
0.406057420215617
-0.052643846200389
0.430335166510044
-0.287917226351432
0.220756779174917
-0.445572272289868
-0.369288560799227
0.069702735544666
0.305375406539077
-0.559088122299080
0.076295817613588
0.010577501249713
0.668762334360096
-0.254988385109304
0.063123395227928
0.024526135672788
0.051329932807320
0.395936378420364
-0.423091011129569
-0.188564594179850
-0.096106370084807
0.355153185730144
-0.391767756772301
0.024618511496178
0.420665853871110
0.345465640939044
-0.784365829342170
0.351151068139989
0.112338700792044
0.072595902020945
0.086345683142039
-0.209180507843926
-0.334697144288514
-0.248930881570303
0.465854365099121
0.181016470093431
-0.228969850777390
0.407069951859684
0.422120649000524
-0.038130357171989
0.001913045401397
-0.666974326752136
-0.119028071318817
0.152080598316867
-0.764732620213623
-0.385974550952997
-0.219006687578947
-0.456332161849247
-0.512554275225338
-0.263524018897837
-0.575181381794933
0.403852149576195
-0.324046751821169
0.170989491625221
-0.083490558135697
0.646184107712667
0.095416715245020
0.368613320354625
-0.387251599872327
0.545521388046739
0.067191168566986
0.386440213309981
0.392872933335678
-0.037182308251968
0.295809585805255
0.101902026720094
0.247014906286313
-0.136924524963251
0.071513374696106
-0.137248796521521
-0.081845088362796
-0.581027643132762
-0.030749878456732
-0.043812638997688
-0.482830103198981
-0.133506322017744
0.683609691107154
-0.485463268961553
-0.021438183192668
0.185371407972307
-0.231552743508190
-0.299325620086303
-0.353356824922928
0.014853694621477
-0.558362655510632
0.550734074465083
-0.299560744951072
0.001376693441196
0.622711727193145
-0.006159126492550
0.190486272384272
-0.344955685599221
0.371896433606701
0.318380479594050
-0.113739407516548
-0.148608004297893
-0.134158778971129
0.090048886453594
0.074714481758121
-0.551029829353248
0.620154203052024
-0.354177158026828
0.077060515441197
-0.112174663803947
-0.359377151909564
-0.107633515943799
-0.248454271647416
0.348038865835837
0.121225605083998
-0.529776368161578
0.264385294280956
0.793327626118469
-0.328747510040698
0.193018160944534
-0.109137245157471
0.484965338313558
0.222173678547371
-0.003935581699023
-0.497411487905895
0.379139931023884
0.314427743308304
-0.445885690323475
0.088606991197339
-0.528747898847726
-0.067755517292753
-0.465076183923826
-0.456737078710403
0.426235743697223
-0.139877437540628
0.014382005889749
0.259323650970150
0.538084218487101
-0.356556090596068
-0.176695766050815
0.096143587619324
-0.572211003891523
0.300149821055186
0.327123477263779
0.117968943315774
-0.043644118984757
-0.146567569248603
0.241877127086438
0.141245880132220
0.499329126683565
0.603482712650475
-0.074168124123546
0.226600476176706
0.256972069939642
0.289776106340152
0.426224486853240
-0.402850740249496
0.222134328405649
0.346274186134012
0.021585266804041
-0.193566935578113
0.395651275228174
-0.183133953665388
-0.033313344689024
-0.497969364341428
-0.187060509048900
-0.793864128197429
-0.139962941926012
0.331793289679754
0.148537005741842
0.263186122232042
0.259849529261569
0.236279972463198
0.423416361375229
0.249013687115899
0.589900418981931
0.197603164871265
0.555694973130187
-0.115863649273878
0.144277407987629
0.206342030711065
-0.129417202180216
-0.175702304684496
-0.192409582083237
-0.400880112068641
0.397328918549125
-0.152894326666349
0.118748544368922
0.051493753682832
-0.144438426850140
-0.278122404617702
-0.107018132224972
-0.395824002592267
-0.023340172047492
0.032679741153761
0.335718180028862
-0.237221413123224
0.170207096987837
0.513909096123539
0.590230835108926
0.197461467994940
0.502629585934072
-0.410708295333217
0.257525222540744
0.630471710093904
-0.175267719876517
-0.017351619683870
-0.643468750836819
-0.311236968593190
-0.125316785734699
0.593340890161235
0.528973438976315
0.346367469938299
-0.744650697860373
0.132958718846047
-0.159783638811914
0.831481997926981
0.208683804041524
0.230784545591699
-0.164453318826870
-0.110613098516866
0.390870147696003
-0.459352440664631
0.189908053468798
0.393327656181970
-0.454270981302604
-0.365792364445068
0.463811454252593
0.339446826028520
-0.587682214471095
-0.553239609171892
-0.146964567310051
-0.692276298821311
0.044578967039460
0.280567895815217
0.331767463533575
0.043683703517015
-0.103901602349624
-0.079272462783740
0.143317985746865
