0.421493509253838
-0.117754319117057
-0.300264113792920
-0.337653510044254
0.421493509253840
-0.318863298897779
-0.042765046019929
0.337653510044255
0.421493509253838
0.223560466247956
-0.500426947504741
0.337653510044250
-0.421493509253839
-0.095302832649825
-0.543191993524674
-0.337653510044251
0.091977432281883
0.588161304157172
0.219585109830939
-0.073682042956761
0.551864542358602
-0.577428331249738
0.408137870287480
-0.442092216618516
0.356227027006029
0.622755421975242
0.090283251993508
-0.285369296087491
0.356227027006032
0.182108998814883
0.602771647390812
0.285369296087489
0.356227027006030
0.208665916411550
-0.395034330613009
0.285369296087491
-0.356227027006029
0.390774915226431
0.207737316777810
-0.285369296087488
0.544145775563404
0.169724783442049
-0.277564689056221
-0.435908803008603
0.000000000000000
0.000000000000000
0.000000000000000
0.000000000000000
