0.212743719446885
-0.174952045596095
0.385987714344100
-0.662978914479064
-0.435593815446332
-0.453611743305053
-0.245243219619233
-0.524405625474334
-0.213341356378125
-0.040912732031097
-0.467166892898559
-0.399081678147365
0.384362153870173
-0.381918819480522
0.045390947737395
-0.290073974229127
0.099579280491091
-0.085468260420352
0.007708033919154
0.212055328534772
0.115579345464268
0.680100047912679
0.127825457291539
0.243262447949715
0.335706911247156
0.428036058035236
0.427528582948718
-0.082760128060703
-0.063434587644450
0.369812143354467
0.065110327791741
0.100912984538819
-0.348659223461313
0.355527753419730
-0.214358057498208
-0.061551024858219
-0.465163265191830
0.281878467072281
0.108202347618121
-0.167523889031414
0.100433978742719
0.354350025341856
-0.365479896003684
-0.011065195596618
0.084657639827644
0.252824650690451
0.610546609331337
-0.362555016816974
0.755242431950135
0.116333992678053
0.178876738603537
0.065413185624132
-0.555937237498048
0.157306431760474
0.776616779559350
-0.028409847014649
0.144999345268651
0.454563383379600
-0.469872819271369
0.012499107531029
0.571951883813446
-0.149910428398554
0.024048561907996
-0.405309323181144
-0.231656947718374
0.233575413595759
-0.010929076284140
-0.858166875679332
-0.238708542812493
-0.348162081118602
0.536358225059511
0.486230509366374
