-0.207920103112910
-0.231638439352169
-0.507806925912311
0.160178503047435
0.029308417735840
-0.073275963945430
-0.084888369329079
0.029972090804284
0.200164206885774
-0.752468360188508
-0.149937654489612
-0.277282679409869
0.151323170265765
-0.251415417475080
-0.065453751215101
-0.253565560970956
-0.082100849353015
-0.148291602843919
-0.745951519205517
0.208455275383185
-0.603192260035893
0.150350613709172
0.272678870315458
-0.539637986891291
-0.185694369614492
-0.197388410220158
0.016335447017166
0.461709478178335
-0.241240598832442
0.007816000575892
-0.217940470130200
-0.087367923949189
0.153092969783498
0.120263703818044
0.065840407181734
-0.145619615613056
0.471904941797452
0.130044922816331
0.122967916125284
-0.094502623185681
0.020078512795137
-0.375535990694412
0.286755770519095
-0.218820731243345
-0.441786560995307
-0.282645277713935
-0.507521133397457
0.277151470239011
0.599058548541426
-0.018499510215590
0.001796835851002
-0.288086863944277
-0.608022493865843
-0.343047711894259
0.220008124547534
-0.033767724552394
-0.010422883747518
0.116096678230387
0.324265509555733
-0.267945685310021
-0.613040233515137
-0.024846072540090
-0.293822106485824
0.166499857904452
0.308986408071835
0.543573109792001
0.419935300448952
0.163547301461032
0.012074618940247
0.346436077008393
-0.199401608328719
0.396399836703458
-0.091940745472844
0.312448150313506
-0.277994873289603
-0.631675747607804
0.232470899942217
0.082825922658733
0.540795273531755
0.240548907998936
0.080177375284159
0.230262051858444
0.252235576473992
-0.018014349033300
0.428579000497112
-0.097074545362535
0.303421410743085
-0.144049876469651
0.054928509184453
-0.297073964500642
-0.309226910631704
-0.384756576243204
0.524424092880201
-0.176588287167404
0.373462518162935
0.353332831099084
-0.838782718964878
-0.073157336036514
0.130968243888587
-0.227437477965675
-0.209733692890145
0.240684285039018
-0.751836741920084
-0.207834195546748
-0.069039343730385
0.300516296167979
0.060161323319891
0.052543108951566
0.246759629253067
0.612945593980119
-0.053207872766022
-0.030725710011341
0.097971983335236
-0.190643473277766
0.420462889949298
-0.443500439962749
0.154341675252772
-0.348938781081174
-0.055288190217244
-0.189465088517989
0.140278050682338
0.489047800806434
0.349104612325586
-0.500861828256584
-0.420413332667676
-0.506814659739614
-0.256296586624288
0.099197832586561
-0.218700408851785
0.183899409982422
