-0.183035669526630
0.568994568101855
-0.367556973035148
-0.092642189618423
0.364671506284205
0.591696414056928
0.269776615390866
0.086056395904208
-0.150784727567530
0.491143861960609
0.410770361886571
-0.083998045191940
-0.537454278208799
0.121568958471101
0.000040190165411
-0.365106120490371
0.257444414759122
0.484512710569021
0.450938999706289
-0.270834654947230
0.144050452708235
0.271746137091159
0.542632674166430
-0.155194545727083
0.223460216606958
0.356819595798616
0.289790077248721
0.311010601251887
0.058493551863689
-0.056760859722421
-0.343215709317296
0.607556649915287
-0.092441625218943
-0.095348493507763
-0.231251489943027
-0.002175616721813
0.367166496146367
0.461457020611150
-0.117999017955133
0.042170236229502
-0.490211783608560
-0.303760378244067
0.197344754248679
-0.005140556943411
0.560982562736827
-0.284561146137779
-0.320414556517244
0.225390711303258
-0.213856966921898
-0.453651747552370
-0.175164732337550
-0.044297701821961
0.121208363346859
0.252959759739498
0.207199052241229
0.616143139157930
-0.141957276459745
-0.131961273665232
-0.322022484153433
-0.046998394360172
-0.536051644661330
0.362766749838644
-0.278118026429802
0.221500527145658
-0.327549036954668
-0.088711337522549
-0.109997588567741
0.677590133506345
-0.216065786116630
-0.441730570398769
0.029979948824236
-0.219915803828133
0.230504972958640
-0.145598746740280
0.589872436186172
0.425326326651943
-0.500581048361296
-0.156250187909034
0.079711828694449
-0.327258150761385
-0.172640981824205
-0.390754509225754
-0.407918068307411
-0.128549394648344
0.025710338976459
0.209189057514275
-0.017565567911315
-0.318724781063834
-0.269844781410447
-0.295434591435745
0.642160145839918
-0.012680352391997
0.258352999707861
-0.203147564129806
-0.005502203532762
-0.009174105305435
0.231885312590908
0.231097707366185
0.264161893790198
-0.334555401579622
0.138916288059000
0.177450248788382
-0.327687228333219
0.573136672056911
-0.224237773793317
-0.321856024187281
-0.723119134776055
-0.194280408085841
0.006877335113711
0.145071858732121
-0.010959996979284
-0.274588684058577
0.067536522737818
0.600108199007809
-0.041877843385634
-0.090375422639374
0.050047309987672
0.154747913909131
-0.775834741588447
0.000662191093550
0.133226429455166
-0.247996530202573
0.166862689045307
0.451735459440718
0.050887954969345
-0.255076823064495
0.179563309004486
-0.275342654816783
-0.449335934378994
0.372827380820342
-0.176040899020189
-0.079770867777280
-0.563987292245204
-0.563502033320470
-0.415660292392594
0.312077609706984
0.455416251987675
-0.287418726852120
0.288513599293719
0.079048327186445
-0.219173243312970
0.446964958710040
-0.082516146191819
-0.304185156143092
0.014011395623049
0.118392064109678
-0.309937219842458
0.048604321560665
0.253159057978764
0.320253758018837
-0.155015417270650
-0.223451968247826
0.356757852810673
-0.336954471448169
-0.462257688130215
-0.330743282657226
-0.035430012357569
0.061676292181719
0.107685378576893
0.551909073315542
