-0.074219027286376
-0.303482159932025
0.091374536288367
-0.143613046097885
-0.680313954687392
0.460113585442794
-0.316951557465527
-0.476893323681389
-0.318312633752390
0.472258558698633
-0.341152428133548
0.035859471538973
0.157688679597774
-0.436658634141757
-0.340008193307101
-0.295991504241647
-0.362628880925538
-0.295437850715316
-0.096176977587380
-0.152476900772897
-0.293586604443575
0.220819462781139
0.108447010105563
0.269843036114261
0.085293144831996
-0.354994736632939
0.085160755240336
-0.208966413605960
0.367125270285289
-0.419545639159662
0.197830473139487
0.200746936389109
0.278376018519140
0.278012771829762
-0.274627084353520
-0.226792901555552
0.377180391364728
-0.040550209773304
0.294426656659727
0.283691602668659
0.432688768901350
-0.251186217298184
-0.075971294408321
0.143483401181511
0.493342311824000
-0.251991564750464
-0.436985979729396
0.020192931268124
0.432305669784993
-0.313360535559774
0.385223389478158
0.122964340279062
-0.284414791231525
0.694382266948875
0.075538998658037
-0.430493100537927
-0.354412695390541
-0.147555220615841
0.025805130342478
0.409884106194155
0.095265006596073
0.383900569960862
-0.222621043267382
0.126526964373483
-0.431300360789332
0.459805597578608
-0.353236829877138
-0.002136896351636
0.060962317511833
-0.224082985587693
-0.286512773366298
0.732672561345122
-0.154847510481831
0.148575934340589
-0.144958834052144
-0.449105261537042
-0.463616567328861
0.412009697632089
-0.167614678801330
-0.364935526966265
0.209933344777140
0.208611921190464
-0.229717667764601
-0.191034227693472
-0.002011918108099
-0.225259237376498
-0.061166131963056
-0.134876535391262
0.210252871381489
0.203644214086296
0.226729185006375
0.119778361979551
-0.126205473905277
-0.112659747294582
-0.197411184178829
-0.455276538622794
0.124765387372426
0.004450658472909
0.148315702843100
0.407097703482347
0.032873680197036
-0.037484152220396
0.286665622088257
0.151808349126059
-0.168375126428379
-0.310483831127563
0.112429068598406
-0.538089105201967
-0.115135795866231
-0.373296696523528
-0.353799689862824
-0.337262775923888
-0.002469626903076
0.533583756494253
-0.370767392566481
0.355797828642669
-0.150815724835575
0.614181922104880
0.358255209319079
-0.343934624141842
0.294557171127668
-0.310941371044765
-0.248995513668235
-0.103012649791812
-0.506163094427638
-0.416711282602134
-0.160560406507728
0.311337449817402
-0.416413015315155
0.469681469521352
-0.401684162004925
0.286355561312460
-0.381886871000754
-0.496874840130702
0.037626700452464
-0.159892519383448
0.122307873271863
-0.565028613950847
0.049762306208165
-0.343047660770456
-0.386374739095892
-0.015739497296537
-0.058913318783660
-0.542173408240690
-0.114441157136740
0.253748163594334
-0.086495110346412
-0.325440427402512
-0.296766401730109
0.043206031419284
-0.165713241454094
-0.082814424173003
0.267136693319661
-0.254554026968356
-0.572839445685955
-0.451342183931511
-0.424307850550302
-0.417498394559802
-0.184078153731171
-0.004374115929958
-0.036932396579338
0.636576492786671
0.140488227294834
-0.368533983080736
-0.218450286706003
0.361518492293703
0.410879630270107
-0.040588190630086
0.044774593347757
-0.104239478813357
0.105307421756667
-0.473100450254480
-0.107827205431084
-0.061999367319901
-0.044217816952798
0.410747099906203
0.242392316283148
0.691407985601014
-0.301881048117192
-0.162776968272947
-0.402546226359465
0.451518352904815
0.605521246802512
-0.251533008813637
0.214034909313569
-0.401720133728641
0.361737535963704
-0.286408859923804
0.700171941799163
-0.046388692923024
