-0.08403597314418317
0.08873101258453549
-0.5595253656734924
0.23194254832763744
0.6252115003317512
0.1308781397415951
0.5751972963934994
-0.327964672384329
0.12114830259142056
0.03229529972556849
-0.05367807993525871
0.13487660963429562
-0.33513583700654415
-0.02272340318432531
-0.5601833590443295
0.5054816738931632
-0.11044518210575247
-0.04737121890119392
-0.5133237985110868
0.4941319695850503
0.7245410431404429
-0.124387363940394
-0.145270066573973
-0.1984974213910475
0.2328752899620708
-0.235752363619808
-0.11680782275525747
0.25879556316191615
0.10169458588918413
0.07076960551467684
0.08700750102903511
-0.3670658757401018
-0.31694558451597826
0.3758548829686532
0.005640102376449601
0.026666497177940614
0.06458544426207384
0.2417398204810805
-0.2760011040973866
-0.21617311917868307
-0.47175628564549626
0.26862701354273516
-0.014469773214515359
-0.11069891153177686
0.14113027367022088
0.11566952286410008
0.2637739520983378
-0.27394980636783367
0.17644303514242995
-0.2873567845561076
0.6679800594298523
-0.3735664219234396
-0.4653488467212768
0.06013124482101893
-0.1707442481991218
0.3517785616460349
-0.1255680223633295
0.3470442951703153
-0.13760215972590956
-0.2336214261111341
0.1623734089594583
0.469397657743997
0.2400857189522328
0.2972433586914464
-0.42684276113938796
-0.421042142588134
-0.21896709091158872
-0.39472777201214776
-0.347031890685091
-0.3000731033333709
-0.042027030237039575
-0.09816685346795534
0.5270774136729445
-0.21680024244646484
-0.4501291475374388
0.1415670836291565
0.3132370976319706
0.10143725783133707
0.0823446607653038
0.7641192557508573
-0.15498133666665084
-0.17168850759684598
0.36473115677238604
0.42030316113012756
-0.05436691569950707
-0.38308843443840124
-0.108739588094855
-0.07399183578141498
-0.02451473816573279
-0.1981758194560295
0.43838924987701344
-0.5965440366991718
0.3612129861557234
0.3887153961638185
0.021888609653892617
0.30959859042792076
0.029406879077034716
-0.42716940006710413
0.5977949824239961
0.011091978256608912
-0.06827916003417055
-0.05362970895438114
0.4280612222785552
0.18764213742767213
0.3884395822233167
-0.6915692637456818
0.1869756381013713
-0.37205957186649735
0.29853002787105
0.09943586230075699
-0.10071282746341058
-0.16291950592907456
0.00012800172387601751
0.055289466655337356
0.2893694379003245
0.3836347732344465
-0.4853048540727584
-0.13289256109118533
0.21099515053537835
0.6241695360257821
-0.24170882360890905
-0.25390222435397997
0.06428515353475354
-0.3439466809907854
0.465702422497566
0.3433112288354217
-0.3909368240183942
-0.2724148557804831
-0.17576071504831994
-0.29680716108576655
-0.34566484949621673
0.23387269810510802
0.05197450304281009
-0.15893412256991268
-0.10781739781804345
-0.8065486290086411
-0.20629138532147212
0.07390692401834321
-0.2416090230150722
0.15618104421238785
0.589841566557944
-0.015706211471776102
-0.15371682575953957
0.3687194679460019
0.4111967449137178
0.10029479492071261
0.3813402730360299
0.6387337666334401
0.10664793011628734
0.044793140521467545
-0.2731154625138761
0.11419648960308995
0.33464720215134347
0.26672510032383095
-0.2257481090251144
0.06144483232582068
0.36893648942757795
-0.018623973959332633
-0.2537855611718344
-0.5124555262699408
-0.1269183097026087
0.02258867182610695
-0.17919360639212661
-0.47566680647862597
-0.19292427197939435
0.15943874446475328
0.05399360023105843
0.13303545254221186
0.21636897523214274
-0.36668702559683414
0.31166247625334176
0.4146655861367755
-0.07230280370938083
-0.4146080462814636
-0.28727980076223864
0.43937255219059296
-0.22223569760581202
0.5328850552132709
-0.010969624052612318
0.16051612451450425
0.15226432806331264
0.0820591269384103
-0.3178490301691245
-0.2015836235745259
0.22538032757186413
0.021174943298275503
-0.198624891607221
0.5396625621426652
0.02190223112650265
-0.1149648937038124
-0.1488356918590008
-0.30547194780260223
0.8544114412806606
0.04294173480671798
-0.033517287624626003
0.10289050315162557
0.09001618311530962
-0.375881109935342
0.4788130869085383
-0.4761314738797583
0.4398821100618604
0.260693176681532
-0.1355607562720097
-0.2975059416049611
-0.6674041830412888
-0.47922922390023137
-0.2926697808513857
-0.26660124590710965
0.5267320084197421
0.0952106841426457
-0.2351196526583948
-0.45568933386884714
-0.5359109478566212
0.3077476573835452
-0.28887041430278676
-0.181735111143996
0.23428278635104305
0.04647257059263322
-0.017651858330612738
0.2730283722451538
0.35864947007005354
0.33440009523173536
0.5169738737794123
0.3529431319939444
-0.1850614512847098
0.31718231158436544
-0.43855724409883573
0.13409415525160015
0.300705508898026
-0.15417225694471384
-0.12840465788721453
-0.13565387703662202
0.28911099534198365
0.5324078614926403
0.08098693499107273
0.022823529195849998
-0.20371523162067795
-0.16362622400138752
0.5387174982200659
-0.31961994598148796
0.2819185082292356
-0.17391384549743494
0.1614741708454329
0.0017503631459608383
0.3809092299989997
-0.3255346826925688
0.3261545897739187
0.07176902947490507
-0.20628438917322964
0.6114007092491153
-0.0345097943524041
-0.7194732853235618
0.21133315517790974
-0.07509634820487998
-0.4763776187250039
0.2276152338073435
-0.15104299393226642
0.06015840097247982
0.2075872221387677
-0.22036859435039044
0.24914625856572722
-0.2657289226353957
0.222273241943676
0.3927257260672603
0.16432823993421108
0.028733893225366302
0.1952872998687651
0.23224172002883617
0.5160061710442438
-0.5137792995440963
0.09659174209038021
0.331422429770406
0.3345283915518143
-0.07104075676522575
0.11493148158002828
0.15908000191051672
-0.7005337084492083
0.3022881491708144
-0.4389078303338712
0.27649668268349253
0.1851185937550136
0.2965029461801097
0.1491426630928612
0.01119104468430172
0.14486165486572533
-0.6261747294724882
-0.31979769178438344
0.06959272814716924
-0.07758158847672317
-0.18047839822519565
-0.13900861691252966
-0.35939676017158967
0.20642250555354144
-0.559714932289243
-0.1781267618344036
0.16478925101653202
-0.3036047289540278
-0.043889964604685285
-0.7948497441700342
-0.18218014121719747
-0.033786183001750666
-0.08366264138740133
0.06226618774233721
-0.03771931242268497
0.4530482678519564
-0.06727447516478573
-0.14170509386839372
-0.4860835178545703
0.21315288089068793
0.12983467984804517
-0.32099942152464045
-0.4627866800703138
0.07773823514710393
-0.277156717551441
-0.15194834662371198
-0.03285963894558945
0.7460078800718017
0.33181030604104084
-0.02030538707515804
-0.10077681865929665
-0.29403914376457674
0.22185660451517708
0.5619856511450774
0.2820271235771381
0.04122169235249765
0.42143685480504317
0.5599782104510634
-0.056396443024016314
-0.4043654717862402
0.17296198473821564
