-0.156399350312689
0.241326625967138
0.273676220214597
-0.287768511767955
0.731669189259151
-0.103054764939449
0.502041645104545
-0.069199887246316
-0.362451199985444
0.398138108382719
0.547244690826896
0.477109604443277
0.381368442472549
0.025802792643737
0.098470423012946
0.758768135639830
-0.346827416699322
0.153455164544494
0.121223784646354
0.185529012360033
0.308051535123086
-0.104165941759332
0.041228440659511
0.617209763529436
-0.101233810208957
-0.230258426029386
-0.499270764437000
0.014465890539011
-0.655760470730188
0.010252362189201
-0.500221571599195
-0.456825216539210
0.415679949743066
-0.238981930249989
0.236354708277716
0.058117020135415
0.462298257451358
-0.102228599285537
0.098629591573408
-0.228097534972161
0.005751941156278
0.287126087523792
-0.286498026284783
-0.347812677653280
-0.240461729946428
0.157252555535440
-0.067932671074940
-0.005110634124421
0.495431425445556
0.691713239478196
0.398639902373984
0.375485080664543
0.460097690694138
0.233831472191784
-0.038574722156823
-0.057765287856254
0.580970296456215
-0.129596433770868
-0.222174725103170
-0.206278615824559
0.045197219251313
-0.073185622028650
-0.317798411162579
-0.333285366581044
0.267336270016157
-0.522665800024987
-0.143746529608043
0.360291746149232
-0.445312719659657
-0.074201400768535
-0.043981075647432
-0.135415207045377
-0.102270575732039
-0.168264219645748
-0.581642077708395
0.140723615735421
0.107746870563594
0.212444286266696
-0.493198269176189
0.403810801415069
0.154994791326966
-0.581759510501951
0.052262772193614
-0.294062320926203
0.650858100269235
0.215866289707911
-0.008947413637843
0.378746415431422
0.529847204116144
0.169881242934837
0.597812285223234
0.296722461217695
0.136395356282226
-0.084221110895798
0.240601583242174
-0.305141856098979
0.294470464779643
-0.530151716024155
0.461374683384021
-0.148636043411554
-0.021018234658756
-0.006285789847201
0.586020940254350
0.021788596882296
-0.333378360603393
-0.197416339186787
0.221007455284624
-0.505932774741125
0.401057802331888
0.218633364834723
0.203025400045356
-0.339005456790691
0.169963859716389
0.300384424636332
0.185512308758198
-0.285727538341674
0.177552165843957
-0.764630695992824
-0.125846882584627
-0.456599151388021
0.153734985630041
0.240945555890565
0.498230600615839
-0.068743071609464
0.370007749475431
-0.559915394066626
-0.134393562225457
0.385351217483177
0.430717369600918
-0.487003912952455
-0.289482950792349
-0.114781665680750
-0.227250996045967
0.858351215748464
-0.084127632574167
-0.138814916437772
0.232949073647178
0.637152405888411
-0.020317708705179
-0.402077470446590
-0.046136478943873
-0.325943026300487
0.098151794936152
-0.021975514740299
0.366413043589702
-0.190260631299300
-0.218002598867179
0.198064986077092
0.556746979226008
0.246208136551769
0.606412181655682
-0.130122513646459
0.174394220560815
0.056771090766729
-0.454448283698634
0.003526233983559
-0.491346612768494
-0.589354396804629
0.054418757087773
-0.138186895736669
0.556029623767877
-0.214384123633199
-0.273871206895579
0.374676916405473
-0.315925293098322
0.032240334399198
-0.222372709748768
-0.133020125985165
0.113530369853444
-0.244547820899920
-0.138735221662369
0.086622869450037
-0.116058105400428
0.262912502106669
-0.338980913325898
-0.082387775544468
-0.069058787199155
-0.564385470374402
-0.323332342366502
0.089603724549310
-0.007509014794187
-0.432003620645424
-0.278350839043473
-0.210043088726888
0.093833758355836
-0.231144486999486
-0.302806084513398
0.127188552808854
0.197356215640663
0.176270385886210
0.565169308060239
0.045566650901381
-0.069769740732289
0.086340974018914
0.409319557896954
0.062089737040385
-0.272284374681725
0.039111087528049
-0.409787022534380
-0.141154511023767
-0.174048623195949
-0.048342337150878
-0.401792643067292
0.210325663648437
-0.130457853353151
0.266009810004826
-0.212147268097628
-0.472226182892746
-0.501439043812650
-0.347115830771996
0.275679296689045
0.288943735436528
0.268293743355567
0.305083033933645
-0.576284787650241
-0.021614546864152
-0.102184648939749
-0.109739024174831
0.350588527047120
0.317564646284206
-0.546217672122735
0.183106379756943
0.141974952781930
-0.154788386621347
-0.237158401448328
0.073549536402056
0.609181951421325
-0.158365655687787
0.067143765864754
0.379906336152472
-0.452929933381506
0.666745490648324
0.006504575162331
0.236891015586217
0.056592336081791
-0.203310154905870
0.404258725833331
0.341961464287670
-0.096368021996392
0.203846542718847
-0.508204909055350
0.314648690797113
0.255305312618669
0.414755830002026
-0.090385466038403
0.628436151240981
0.234212374172013
0.218711771368923
-0.088850163393482
-0.107845176807396
0.138348592731950
-0.215824912918305
-0.048262635834282
0.226059955004985
0.074559121162090
0.253961175249298
-0.187782796856432
0.203936517040373
0.515519443216086
-0.305231204987944
-0.366234948024876
0.272154383128267
-0.289218508080174
0.213020057635992
0.365744864992655
0.284339141634670
-0.360187770139056
-0.163317250210105
0.057305280708524
0.252220305527269
0.384237220104084
0.298509920656109
-0.026106027829978
0.236460819320390
-0.501139350043845
-0.024335459255733
0.321848165943708
-0.369702333280816
-0.446077810583988
0.087880187277971
0.583868997448507
0.371535374098427
-0.151651252235385
-0.259469676057694
-0.347934618631060
-0.190201111320430
0.015469508560611
0.012170001885008
-0.000017806641121
-0.203201378865241
0.022610828174549
-0.288527367774833
0.296961911434449
-0.306243323117754
-0.512557388036601
0.090298741030041
0.008223090663117
-0.263451469353839
-0.133827343472537
-0.041344660835310
0.139931925682029
0.160896970049860
0.163285417915475
-0.008107301544681
-0.187991681311565
-0.026601915944791
-0.019142463013377
0.545303656256081
-0.225540810255406
-0.095519776827003
0.338377587494145
0.574934515853275
-0.270289222336773
0.124420749399717
0.462246121104744
-0.359611288176477
-0.147935848479048
0.561266641651170
-0.169480851286155
0.107289697274371
0.150390780097623
-0.189294368161194
0.347560368305938
-0.226893381993166
-0.380058275726574
0.290005701435976
0.064861927199343
-0.194342879372362
-0.465550248569217
-0.215299517683090
-0.310857509958160
0.451141119331120
-0.074269359093232
0.067285365388396
0.139533241234734
0.076966045123128
-0.728413125970528
-0.284514378977883
0.435779373882066
0.227513196451288
