-0.11442286699963565
-0.18198135334765525
-0.5587461273373612
-0.03169737791366926
0.12249257785008331
0.22886664439663695
0.052077291564563914
0.12936946225863166
0.6463282473869995
0.1473238863150302
0.24394856350829489
-0.5918380372496691
-0.206715350803904
0.21583957145294488
-0.33370457330465153
-0.24575455221890125
0.14585268045049188
-0.22781766905954043
0.18442025708942578
-0.355501478505894
-0.18546657320681878
-0.2463367819045759
-0.36356510294114686
-0.4984111560298092
0.293410489204929
0.6857012533781557
0.25848677768745576
0.1971325976112876
-0.3930342707699327
-0.14404123200095062
0.2517709623565395
0.42856444157940665
0.41460921367245074
-0.20390066970951287
-0.12443401056267679
-0.0935572201918065
0.616873718840199
-0.33571921068766303
-0.0815501846894936
0.47025047429620637
0.5167111791915097
0.24884762268443794
0.47872351309725497
-0.12239168694277416
0.15837769706047036
0.16313971034406588
-0.5350088607357402
-0.11409780554863821
-0.10244937168131837
0.33122157917844264
-0.13625368388236625
-0.07626874508507268
-0.45774943640295535
-0.1202654258660332
-0.4887358321881795
0.38218585213557593
0.27027206844390184
-0.24744795336520098
-0.1939980907869713
0.0628519123784383
0.218014867378911
0.5374691551205891
-0.3014611628092948
0.33214944072046154
-0.3078801031049195
0.15274283796040036
0.5730958206858191
0.38375778448422776
-0.03735173411131249
-0.1562351793103904
-0.18766911652619128
0.1713011961592058
0.24911363268663603
0.28916772392788925
0.41281171934250444
0.21788583239304676
-0.4820395929657283
0.3841609042224805
0.32204183824814275
-0.06526859126269265
-0.3126488385847674
0.09625338954249917
0.24404822018753758
-0.48619830150431065
-0.2130444911493648
0.556624993006805
-0.21910531474912884
0.12002100708759826
0.06181106402763256
0.05910208750401689
-0.15880318646346483
-0.2797085608619745
0.3944969003855152
-0.0878407204312297
0.08982898858699379
-0.23305604097777488
0.30951009757543185
-0.49014289494267144
-0.16995300252905446
0.378238721668935
-0.5665706543857765
-0.07936860580310398
-0.24107423878683765
0.29823970241325487
0.2546976876065024
-0.02728506707323616
-0.04798400331336158
0.11906085852753441
0.017393235387204487
-0.07113214047332987
0.22732868319505217
-0.24218101717836563
0.3393030395464858
0.18855809524740896
-0.26389914527199726
0.3195510850354687
0.34799907699839466
0.042738216346259184
0.1030280015750492
0.4103189311896189
-0.27988875856096007
0.03215770749000435
-0.06198817399813716
0.5173720609500768
0.39563521730172957
-0.14931489802074696
-0.32272347124429057
0.41550266813482273
0.13573702591788284
0.19193683848613627
-0.09590966821499074
-0.03381740806077919
-0.03486309293228357
0.29209107535336
0.5802186918450597
0.5415499337478723
0.26179597653199205
0.05072102164711662
-0.2544669751890337
-0.46198605231116213
0.022583010896632862
0.5083644873873998
-0.14752780730176407
0.16257668794215463
0.05643916334146389
-0.548472898970865
0.3610006248032384
0.06684969095934783
0.31393503981803256
-0.26412016338967165
-0.26801571191587986
0.5270754493658514
0.009838023230243121
-0.19701795442758252
-0.19044706544645884
-0.4561587298498321
-0.0349577813608942
0.4927583451860344
-0.08469474825728537
-0.3107130512051797
-0.14525565539072338
0.08379552217951172
-0.2680426336349377
-0.07921121194626025
0.6414751062605736
0.3610253549488022
-0.2085928431609084
-0.03805535875448922
-0.020399531671156962
0.3549251875775234
0.23706802979260266
0.42066132441902737
-0.08134602101749668
0.10540734480662006
-0.11019523416424253
0.10344622449854068
-0.31526258646091915
0.5660224642862349
-0.004656865893058835
-0.3804870598504706
-0.22166518644618935
0.4619312376357257
0.2863515312893026
-0.10442699366644616
0.1797532733141679
-0.059327344108345094
-0.6254836550913241
-0.013438772561137766
0.07482116839215336
0.7464966088753465
0.12716601064068608
-0.06799016578189825
0.12690637379729997
0.11378532768211555
-0.5181122410366316
-0.05764510640234979
-0.6607568661602892
0.03772706523279743
0.29481512699701434
-0.31706596656472125
0.300841734291874
0.1657191136519789
-0.6585712074218019
-0.06015824308437738
-0.26827516511980876
0.29095294604121913
-0.05963625624595817
0.4505468773973535
-0.11601074339453334
-0.09869696225494133
-0.19527806989653712
0.14913834947761018
0.266343049499565
0.23384686463619242
0.08145495324815258
-0.444522073349125
0.13338048142769104
0.3209951214917739
-0.46910304851354956
0.16904018806783755
-0.24302203139560075
0.11578115983214403
0.1621897622772583
0.19947285698164086
-0.015165519394599104
-0.6568066467327995
0.04705356426657313
-0.42699138497516825
-0.3784804118717596
-0.0478788315659713
0.36237021525456853
0.2636267921914341
-0.1404291933307263
0.31694370211506767
0.2227080793494258
0.24212298214937147
-0.10785521506178673
0.24215606959576888
0.22458671975379907
0.6680185339488036
0.03617747910438767
-0.376825955929704
0.3105733236960361
0.2747931826903662
0.4164772892609313
-0.027185807559985373
-0.5237392777430582
0.2851277934134355
0.06361318304725395
0.17074466932106647
0.060323991200368986
0.028826120095682507
-0.4820063381567752
0.5901685471640411
-0.3477638849700094
0.10617677379803564
0.14747892414303232
-0.06252081909358394
0.6215240653663677
0.1225267455968245
0.11214323901379898
-0.07562988691488903
0.0348131263520261
-0.4019608118477005
0.2604474370011622
0.24336928818006257
-0.2210847443729103
-0.6328717543739808
-0.03992513720607525
0.11728617601395133
0.2887453474016932
0.10335137514215158
0.1876598666649558
0.30165931522868455
0.22349626735127753
-0.18568016438180793
0.4004805258422449
-0.3370221562686748
0.2798693766850691
0.1227697812409755
-0.0008546314977902066
-0.17165083747117268
0.43876694769182656
-0.3466523905092971
-0.46019559070960503
0.12031209239775711
0.22149802840445806
0.03272229788119001
-0.662531337100061
0.09592748156076124
-0.2222025775063531
-0.1663040422192635
-0.02340776720690873
0.7013825102488873
-0.32947610314807135
0.02877828776842313
-0.1402669640816217
-0.4693955510946156
-0.35499206379921505
-0.027379253955721765
0.09886966009940787
0.1363957358912981
0.2522645384509941
0.5028144302236802
-0.36099505572538937
0.48061290105260224
-0.27209533469350233
0.33892287342826904
-0.4464339324956675
0.012268279489532043
0.28101511429570597
0.46239801106757733
-0.04427741024451919
-0.30851415983224806
-0.2732950218322529
-0.3337245698134942
-0.051569930260224495
0.3128871117893718
0.575560783933027
-0.09192172992258954
0.18963084733381236
0.1917710050835491
-0.023147589433502525
0.40790523562081277
-0.6170772260327152
-0.2664982168834027
0.30234286097969204
-0.3484618424177626
0.4540983092497016
0.484838313159466
-0.33157403833349414
0.2953201655131002
-0.02056529805588504
0.2780652359352659
-0.4034863320933065
-0.3233822937899587
0.39945186930102694
-0.09544281761797073
-0.4320847197937764
-0.028622663893873298
0.05683301705116769
0.5663975455498467
0.41095358068747595
0.44847010194854847
0.5323258562274975
-0.04991294747742187
-0.006693454894203984
0.6550495473761228
0.4847022403621217
-0.05276629527570085
0.5963555940818974
0.45098923822492626
0.008160330919854557
-0.035580636816157654
-0.18872449925455861
-0.2915006884303933
-0.13593538985899684
0.31051479990338776
-0.19657621121993885
-0.5040553808812225
-0.6525906832084107
-0.2565105417077629
0.3750843206174542
0.05112535979485597
-0.10331290883528084
0.005611928305324212
0.1995262246234132
-0.08079857075893364
-0.3064498041972157
0.6528317217765129
-0.28809277391551774
0.23155105657208921
0.3290076299350871
0.3141321478973999
0.1178600645697039
-0.45466343893704136
0.19746418771949317
-0.038284686191423764
-0.5332912023569775
-0.39761585882368267
0.2888912732879911
-0.32059331182597856
-0.21019654418801378
-0.40677710961942276
-0.01356589111885571
-0.3425889725317353
0.5322021345779415
0.39737377818813
-0.005465036133921026
0.12897286798320295
0.07498485634962182
-0.25622384367837636
-0.40881920741318367
-0.04105078707483553
0.4517509060992946
0.06306812558505924
-0.3842360249657401
-0.3682452633578557
0.3282428540466792
-0.2954736316140912
-0.5518094733430395
-0.15180288634183883
-0.09645631388780747
0.05973434045890718
-0.5982504958419547
0.24087896038442033
0.23663257517724198
0.7739376065565753
-0.008519633248043215
0.15460360311815863
0.20707107388091214
-0.02160969310064568
-0.5152100031302921
0.326722795533598
-0.09591829910815872
-0.44737264360191253
-0.40340335189755394
0.04205678020582339
0.19723098099493025
-0.4568645990640503
-0.1095514222007766
0.013157416369224876
-0.12505784374673448
0.11601820418864023
-0.03066184676879589
0.6109958692566597
0.40515910062387
0.03357970895591571
0.3781577283840274
0.010621055474848292
-0.14233672768779074
0.349766467595311
-0.051041209075534985
0.453102627923834
-0.14388803098445072
-0.11817148690187135
0.08003632958855048
-0.2846598262398651
0.03915823882159917
-0.5194130474771158
-0.7499910852006699
0.2738813624224357
0.00592955727583595
-0.21885621096968022
0.012922815666476229
0.5429793655265314
-0.19355163993341656
-0.15168305925011225
0.0619367887154181
-0.6695025000988813
0.2680545771353889
-0.288761543877434
-0.39147324442614034
-0.2524925424525636
-0.2463724406460242
-0.1924244723250172
-0.7861401184469321
0.29421914997409754
-0.32912086842977545
0.10621282887218418
-0.031106332519241518
0.10143016359026302
0.4334042277165992
0.14896393246648998
0.1313178722963003
0.407132034555198
-0.11061394598794437
-0.4016734757775771
0.535169608499136
-0.060631301036195934
