0.337366863426439
0.366245661021435
0.232980106496568
0.125671926252744
-0.404271189393630
-0.271075051657372
-0.136450068176276
-0.491874147759462
-0.444822926012071
-0.118958341143168
-0.117642268850120
0.616079817004034
0.033498508658350
-0.125679411234125
0.606469664763547
-0.148782815021399
0.528925118592938
0.089865316592207
-0.135745528773845
0.143745892198216
0.014001201301393
0.136235075649349
0.590945947081019
-0.373165504666966
0.108474460652871
0.191222507595564
-0.116455802540493
0.107080817915886
-0.350151821398533
-0.466393475085347
0.018836640773126
-0.131717869275643
0.172444693397099
-0.393877747053839
-0.073093491524415
0.279169379280625
-0.219168956742687
-0.221278973809808
0.376690841689061
0.175550296427073
-0.494209710350672
0.100207965266198
-0.059486692947278
0.355254174844811
-0.122764013138011
-0.388167081641539
-0.054956170989757
-0.018026334879572
0.585094375455082
0.148946690669795
-0.059115670717611
-0.259121077824294
0.570622761085863
0.153773983224719
-0.184515112423900
-0.337088881061932
-0.119761069138787
0.042374814932064
0.004781683695521
0.303468153246484
-0.224979905498225
0.581273000942738
-0.077630140105820
-0.179302394108118
-0.473567673046701
0.497988437587826
-0.399499647654371
0.197016435220611
-0.185549619929318
0.013079220775203
-0.497813829460067
-0.077172335646963
-0.188632872676934
-0.254950177017676
-0.493882975856105
-0.191466602192191
-0.303955038952553
-0.271591292582843
-0.487912369715298
0.592627739210648
-0.475671630278276
-0.385038408614834
0.421428510217010
0.202080154693888
-0.243710260204518
0.206829182458308
0.064929772774197
-0.646102237256205
0.318106639763078
-0.187791922697389
