0.005635940338127
0.007404343735010
0.202435460306614
-0.208118972960139
0.356780221697365
0.021006911295553
0.046101708751011
0.060567159672456
-0.070445485077532
-0.184039325236071
0.156887791889554
0.328377698247362
-0.046101708751011
-0.060567159672456
-0.318963396344939
0.124393497632598
0.548240823304069
0.005110148033334
0.086567477163894
0.113729975609903
0.365994996186246
-0.510187107503094
-0.122540062994645
0.224330397072666
0.086567477163894
0.113729975609903
-0.007939703307300
-0.222431591772361
0.265148115893759
-0.011315716437249
0.046101708751011
0.060567159672456
-0.576555062799003
-0.415840400122786
0.240436937037089
-0.316050470540086
-0.086567477163894
-0.113729975609903
0.047524204739056
-0.240213602596744
0.194377087117299
0.634513336737000
-0.086567477163894
-0.113729975609903
0.151121910495019
-0.435193421616180
-0.255524530358428
-0.448205474042185
-0.046101708751011
-0.060567159672456
0.216117534144880
-0.310615950003220
0.233991688082258
-0.254195661565363
0.046101708751011
0.060567159672456
0.559762081124616
0.283945314543043
0.494669093421918
-0.270624321289726
0.571142512072502
0.750351357066882
-0.027418887213602
0.021195339452417
-0.043263414594888
-0.003511673405372
0.795714720814638
-0.605671596724564
0.000000000000000
-0.000000000000000
-0.000000000000000
-0.000000000000000
0.426023150326493
0.061884274824099
0.102272102932420
-0.569551084800274
0.516315120654479
-0.033640144496918
-0.069410368561949
0.406623810440711
-0.717230611705178
0.134857998237656
0.150020931024743
0.312496540437913
0.013809615790550
-0.479670553441104
-0.266664156261579
-0.295893990998395
-0.424366382860520
0.085885673052473
-0.453823526712192
-0.098407646324296
0.149886796771837
-0.361231295518758
-0.302109394814521
0.245202167942162
-0.453823526712192
-0.098407646324296
-0.146717597883017
0.110972067249623
0.216959238339141
-0.750365991530973
-0.069410368561949
0.406623810440711
0.363553678551661
0.051110336127708
-0.094764422043863
0.131319801901897
0.398222773940793
0.025360903323903
0.258377540074600
0.347318123578336
-0.287270401350173
-0.223792636983354
0.398222773940793
0.025360903323903
-0.394110165084270
-0.035182717560421
-0.346322646856495
-0.255802484846085
0.013809615790550
-0.479670553441104
0.033238215879528
0.529050510617737
0.287381777952173
0.371197517236407
-0.069410368561949
0.406623810440711
0.065942552680947
0.124641624035085
-0.303601856173248
0.009691387614728
0.273121080205146
-0.138994268426983
-0.017678719124450
0.084609889294330
-0.079232971207212
0.004495982403205
0.000000000000000
0.000000000000000
0.000000000000000
0.000000000000000
0.000000000000000
0.000000000000000
