-0.097982513707086
-0.166054465711015
0.064681947444386
0.462280381897952
-0.365628688327674
0.101791560221606
-0.180183771656695
0.077099810185724
-0.219403406937542
0.026659757357237
0.386492878318166
-0.505339966624879
0.217881670712269
0.320542159492576
0.651004156171726
0.137304647466732
-0.388354512470446
0.006225483489821
-0.077351957002835
-0.476936866441028
0.059930028037326
-0.130071109714381
0.066379230884869
0.154116769695773
0.238851829407081
-0.214218404509790
-0.183278901047253
0.278018958163802
-0.254494054677710
0.054807243902291
-0.437584660164420
0.088718034765781
0.224681225940627
-0.020111667822648
-0.630326729615646
-0.116717277614948
-0.321747184911215
-0.363005561511937
0.285494314490120
-0.407974462444936
0.094516869338868
-0.311712745533123
0.077316203837350
0.084264217985340
-0.062789605494348
-0.347285725469000
0.057652784890985
-0.519148276847885
-0.199427320525581
-0.147414266473058
-0.015625489699051
0.220447293467809
-0.661197515245705
-0.226693365117364
-0.166224252294004
-0.171638355379035
-0.040549877742991
0.016467932483114
-0.023207118102470
-0.668789328908671
0.440490688821315
-0.361192612943596
0.361712980893661
-0.150540241259224
0.295397521254613
0.108993784659485
0.046889362177592
0.568428410254726
0.070833506454023
-0.364236569894707
-0.284520873062484
-0.001884754798276
-0.121834344247871
-0.089381591574871
-0.309532718030017
0.409394469451093
0.073119669107970
-0.456513439133356
0.005618665012189
0.108181915707557
0.400659930370522
0.513897820343880
0.193200328766849
0.264556211546744
0.107366423130958
0.182396228189436
-0.062046360525168
0.298738494118896
-0.379828453655414
-0.494227009792848
0.072087391860480
-0.153268076465228
-0.037259281116029
0.143107547223109
0.445513915707979
0.501816756794614
-0.398656256884975
-0.413992316051440
0.295663303323400
-0.087331648031935
-0.138303618270871
0.051668256044584
0.350466128761120
-0.496733606923943
0.155488286839751
0.317756691529122
-0.263067557824870
0.192279302472419
-0.271862616020264
-0.169976468233063
0.196275122284748
-0.549860946307982
-0.115301749876169
0.225895648550773
-0.381048437938594
0.190159548619900
-0.071121394109676
-0.079438145366589
0.246587374359088
-0.052256761919773
-0.135708672115982
0.538633133964391
0.371180258495337
0.344791280476653
0.358529923288713
-0.155362812041503
-0.353466565120127
0.134310212753600
0.041764384863992
-0.506466830140854
-0.522506887811781
0.210141182650251
0.317080536625919
-0.124035820470146
-0.455862520396872
-0.020940109629859
-0.049873345431451
-0.110301887184165
-0.546331393316411
-0.202718451656829
0.036167377991210
-0.075979811900721
0.106687035202188
-0.229393493564273
0.006307665686170
0.094788773327440
0.704269969212086
-0.005677733220522
0.234332210592259
-0.171954500534650
-0.287672134792071
-0.108918644048716
0.267978219198167
0.238069198691898
0.216261697825706
-0.362225975536175
0.270244003965519
-0.511847269958615
0.026972742311917
-0.012216131887940
-0.125430642554335
-0.376227979412725
0.263055807014248
-0.463475675681859
0.299607762875072
-0.162899891211819
-0.104731864078976
0.107665476990596
0.507838059195122
0.016394584708317
0.243308095583103
-0.019333697927798
-0.287526675566089
-0.235874328715502
-0.263623670385349
0.245060096337344
0.343413886083011
0.425395079982687
-0.109257372869013
0.244169709879332
-0.146390099216306
-0.284395336740834
0.423908925379944
0.242953252853774
0.300603402721380
-0.157896052926805
0.314526437452848
0.410297581044153
0.036127829780781
-0.451743733893595
-0.023172611335948
-0.019850969952531
0.495430316505280
0.141659351524179
0.127778494006774
-0.104483482889338
0.157948483035350
-0.425947342606238
0.277213021472986
-0.037628750184643
0.497674074565740
-0.336838004447825
-0.056141962027060
-0.332096700009344
