-0.015585778996045
-0.023502194827580
0.474616512921089
-0.114352311994629
-0.084770012397327
-0.155007605542605
0.336872219677163
0.050121127825936
0.484846759455362
0.001589064273622
0.583968220608738
-0.071057543969848
0.274528735747261
-0.550433809739139
-0.038857516925920
-0.090385824318225
0.320085233463337
-0.278118873489551
0.577931264333962
0.060020540776922
-0.108783689803709
-0.007888569134112
0.344688427414062
0.181290719892587
-0.047239174679786
0.230321379725359
0.376331539391877
-0.639989647708250
0.233370514992953
-0.375814983480958
0.077524269213512
0.006609130383964
-0.285470550898682
0.164579831485017
0.243959052632979
-0.440973851727873
-0.026132855732820
0.187278074949848
0.330388284925984
0.743294605282595
-0.480506648479186
-0.099443293915878
-0.030088272530474
-0.109569886292889
0.029774460410812
-0.300478228341476
-0.010933086362740
-0.704785962342437
0.564998932366802
-0.193924871580997
-0.201755287214338
0.042362648228680
-0.056079916679943
0.145740517664528
0.115545012951097
0.001979490258596
0.054101106112415
0.397437383309169
0.185644975889536
-0.280207200903825
-0.071447820623030
-0.112345998345103
-0.655072624764189
-0.204611080925660
0.097598212699516
-0.328142771102788
0.044740762932189
-0.208097533982324
-0.539358615966659
-0.163562966826247
-0.227978172727301
0.376371169643675
0.309597007790729
0.364616636267805
0.285733880255479
0.455650317575233
0.435660674885248
-0.029692214735989
-0.079447198613185
-0.267186874780507
0.117948053157169
-0.579578763963872
-0.332153917237955
-0.047504348556321
0.495779107896435
-0.147969263890509
0.293975225461242
0.073159363533346
-0.597792867982746
0.001993791996911
0.287306683600740
0.665356800056159
-0.173837518275699
0.335329644805532
-0.170304387926202
0.072201447252500
-0.140492202634008
-0.350997029687063
0.190163823969658
-0.241654575323886
0.400164237736318
0.203807289244794
-0.020373192242613
0.315394019667682
-0.157233454031552
0.019885929481588
-0.690082192430851
-0.170405538320306
-0.248910452142912
0.301276758938850
-0.048864701978006
0.216137514543657
0.416161151522299
0.330319334066793
0.427372085461302
0.161968632923008
0.226518010357244
0.179022240892636
0.141762007551857
0.201505563454227
0.178291970032667
-0.682906486559784
-0.174903029349960
-0.142419985372641
-0.086571817809502
0.434825891648988
-0.012517428894738
-0.134258849123287
0.429589984713196
0.085699404242461
-0.292787114912954
-0.225746230674950
-0.014340909230508
0.213790159783473
-0.205557985653598
0.080395217478556
0.081952410478529
-0.440331710467000
0.615244018220023
0.248616654594594
-0.070905677933720
0.279527117990943
-0.089158783290507
-0.457866199900676
0.288393902090818
0.449426918708615
-0.223656338814972
-0.491457783086529
0.156190581249613
-0.297123613870911
0.166537552100491
0.141617330744097
0.194948245640959
0.318188847667206
-0.402535248699281
0.596444378128511
-0.073584558325607
0.474369507250641
-0.158789505455565
0.089654951663833
-0.134548233689520
0.033470240107123
-0.060833772780386
0.259485158665218
0.264762269204173
0.139703141878328
-0.251739520107034
-0.167200494398806
0.070970940656816
0.084742646919726
-0.217494737454709
0.351953433497226
0.610834767652114
-0.309076279941154
-0.505293249388374
0.237552787475827
-0.268248656276195
0.446295688924647
0.060489877163278
-0.144543678064239
0.304317909674263
0.371402610772891
-0.064226536802778
-0.223569736957661
0.192546533726870
0.562382856030625
-0.064372769957509
-0.163161764821306
-0.467624057645809
-0.313493337698312
-0.224572627322547
-0.044344518039033
0.203985989780671
-0.407409634456957
-0.454854332506908
0.395097721374244
0.222448753399587
-0.151552877932785
0.238897653779090
0.040093707180367
-0.044256266719800
-0.555607732203444
-0.151991499807776
-0.012464776063905
0.147270146512192
0.623785737864452
-0.200041422668219
0.175442046752475
-0.232824591597360
0.133385636882175
-0.334686957877454
0.488301663573406
0.305531606832917
0.020742007008318
0.318542396923329
0.186854882749786
-0.005657633261089
-0.277614173573262
-0.127972851281354
0.371340595840646
0.472256817153516
0.421265603691835
-0.081793225988218
0.195107681778484
-0.146652045386598
0.262179829347669
0.036337984273754
-0.123415082181062
-0.231310081905162
-0.355064758278529
0.605959534644277
-0.119929573047009
-0.289537376553806
-0.290992857053256
0.227487131683726
-0.139931685450518
-0.094574120791397
0.192679623012589
-0.283297792039044
-0.324344578408513
-0.510194510812014
-0.326691632653750
0.000287579420858
0.245166912038112
0.035868613450709
-0.061262626564439
0.455313549049104
-0.188444023743373
-0.008930115285948
0.311697242475685
0.016155828388589
0.398124256782197
-0.216449344563084
0.042711496486271
0.162655742808392
-0.049300871061545
0.324957878183257
-0.121037047147123
0.458898863601690
-0.167214864851661
0.253024215226438
-0.480077007685898
0.246861597682235
-0.193410393192921
-0.134650361555126
0.032263143514356
-0.055714213578176
-0.143854256522213
-0.082986995668197
0.109400672016511
0.333598454392095
-0.044870613130613
0.026707005551809
0.202285723472399
-0.207154894500098
-0.448581584000484
0.091139122345417
0.077850625276486
0.075116559076967
-0.106416343719778
0.718803575880882
0.168141991613045
0.584065474481392
0.202811685101875
-0.355801950265812
-0.244745881583568
-0.288872262652370
0.246118018773168
-0.439387539929423
0.114770742111794
0.155357060722973
-0.093071745582116
0.096912429175557
-0.381655262666298
0.285698935613310
-0.259386056424165
0.192566732881912
0.167345140052149
0.238784792945007
-0.415203910431592
0.135825925265336
-0.177344566489637
-0.008975172427702
-0.298866730107685
0.300879473394295
0.247853539416203
0.382222896871763
-0.295515230270430
0.424940994798377
0.163554025293018
0.085159646981025
0.109053261708504
-0.379954084483163
-0.241833061510789
-0.128446620267797
0.177709430956803
0.166081358876316
0.068290771056022
-0.053293645011182
-0.388423013698020
-0.170527132497436
0.168714849580626
-0.188613832064688
0.225922730148324
-0.181780877478604
0.066700458228139
-0.561507300266629
0.276083058241085
0.024960211697298
-0.362224281492277
-0.081363723901322
-0.279583396503082
0.228336006023492
0.017472939379314
0.040183439258597
-0.480518450345055
-0.077579738244914
0.311449273576779
0.183290555780898
0.535231227445447
0.134837236955126
0.273136430399778
0.195917039060024
0.541986503354430
0.466295302748014
-0.115520989566907
-0.157088698034819
0.243870474680482
-0.074111795781290
-0.120090090545212
-0.255163003539205
0.160528317865447
0.084706455220755
0.369379311211277
0.601096645211375
0.231408147790898
0.346669570986730
-0.252528167358938
0.003840290934106
-0.233255985751555
-0.026402115157049
0.600058028179921
0.011621249744931
-0.412512661050169
0.338704265062365
0.242844352631623
-0.337218485086418
-0.109008757813931
0.074399579546572
-0.332819944449312
0.020136667998056
-0.128847477180005
-0.248570941625217
-0.192721522742247
-0.019325857501700
0.024636231064362
-0.403550860850319
-0.218748082612996
0.109393997789851
-0.054647447574389
0.383793756518496
0.278467433893921
0.189066973854862
-0.140138578931720
-0.621004912427595
0.260549382373223
0.304981816583928
0.088163402792719
-0.288075853684214
0.282446115879400
0.136287372145545
0.332585162990397
-0.605072941886398
-0.173939847637102
-0.165915059173429
-0.441518521988328
-0.038157676666695
-0.115310464024134
0.241884828110787
0.090479181452865
-0.345259988439382
0.383806781654107
0.117292264016413
-0.224652043743114
-0.090935071974509
-0.059742875177088
0.187667355357696
0.530353533935890
-0.073292995023406
0.073918951056395
-0.133883471416868
0.426616918139947
0.157451580280465
-0.355583938758099
0.521541857983855
0.414265918748866
-0.147315492464915
-0.327592251113383
-0.063854387488467
-0.152206013409574
-0.176338532839164
-0.099244839917840
-0.223804547346932
-0.374417864941222
0.125204009666705
0.331756893431876
0.323295140995728
-0.053971809720083
-0.562900286648992
0.340374829592178
-0.250917407702142
-0.065582333945351
-0.330045066569629
0.168926382361596
-0.051857553697844
-0.089485071115932
0.530680883050475
-0.128928290007697
0.156311799552941
-0.004919419312521
-0.521729174908225
0.030352347244957
0.344653532245876
-0.054918963167012
0.051647465095242
-0.372571822247579
-0.059704289650776
0.239127483034306
0.386523457672940
-0.128499419340402
0.418818620978603
-0.564492418993953
0.449481468227962
0.388561929649739
0.012826008200727
-0.034739680911892
