0.287787995532008
0.159253565724956
0.072090640743508
0.446922852599766
0.583143629655271
0.407453162720495
0.265593508312370
0.539248084174065
0.049522162632398
0.051054228425596
0.375717738901463
-0.541326259848030
-0.511338506244569
0.045202869923630
0.182661097270518
-0.355647531734701
0.012903082749517
-0.422178269590854
-0.102994272387505
-0.460685397080749
0.382963366780151
-0.285019413914790
-0.087479535414968
0.101399532035270
-0.551482833263382
-0.239630694693341
-0.453742543389912
0.161235887331674
-0.026023447549119
-0.152923853808644
0.061684278026068
0.198314938595845
0.566429857889041
0.048975442571782
-0.343755717292000
0.410750214819280
0.334634382951563
-0.058768339503639
0.160431402998345
-0.719481327401193
0.031708685103070
-0.174135808085641
-0.227469441331542
0.256643827407274
-0.478519926358504
-0.329522727987192
0.265948698521076
0.030931105985344
-0.208205940327825
-0.060011816671263
0.125261237226519
0.045262526784545
0.092929828590739
0.233748748851006
-0.236793142077649
0.425815770336123
0.687420711212509
0.209777450799112
0.267872886296493
-0.140040189147496
0.281888168142784
-0.180059642848221
-0.098797075232585
-0.222523407449983
0.155060500482494
-0.307793766417836
0.377539569426623
-0.223032947247490
-0.155046658659977
-0.256862057445130
-0.497185604819901
0.032159088868415
0.066060274166029
0.156885479409922
-0.076971561695586
0.064492650387466
-0.308118155020171
0.390738241422399
-0.326834426389674
0.505767691098162
-0.341280062622576
-0.006217910003234
-0.240097457089871
0.096963287611833
-0.075211763362715
-0.284779939042454
0.186907605744659
0.210139149664631
0.431870979945847
-0.119062505490356
0.138297041899833
-0.278825260163188
-0.176708983019202
-0.088665267372120
-0.436856555470846
0.500101652770753
-0.153932858683765
-0.268809723821129
0.195338525643504
0.323160456674659
0.098431759371564
-0.093280552541050
-0.086832647731907
-0.258980130234119
0.298706209946217
0.330016975477441
0.277780246510778
-0.217135224220386
-0.103472118674274
-0.278086765441716
0.007123540907896
0.264376169518601
-0.316515200683882
0.305616891556231
0.613405869884626
-0.339440219954822
-0.077004007316259
0.216262873016326
-0.446450444942989
-0.139828049953580
0.125381581907889
0.121603479099096
-0.412651962982110
-0.304722471872842
0.032566406307019
0.070322171685700
-0.264720935431068
-0.126601949941506
0.605506425031966
-0.247796964425958
0.062752922270720
0.436399980140408
-0.210261976376737
0.045160669824617
0.276964075155250
0.104663573382833
0.257652544618158
-0.245384586110022
0.082947502183511
0.418865608929843
0.399303917893187
0.410415200620857
-0.016780412887952
-0.230086612843494
-0.238188797632968
0.108042185145980
-0.148787572155861
0.412726919171598
-0.013640227993029
0.264836118977822
0.435343674654442
0.013247519900244
-0.048022711443011
0.495137012306949
0.155942635978673
0.013682239482220
-0.583277434234941
-0.174727031949177
-0.112529323536736
-0.147698764277542
-0.466587103248541
0.183844499838265
-0.076330482615504
0.721663076129000
-0.141339045232790
0.334140783111690
0.214561208286768
0.245033273986416
-0.371937237785423
-0.087996188117641
-0.019891356191571
0.353284666300251
-0.600962514519658
-0.266841700925315
0.394634534061949
-0.117240275060058
-0.004909734523869
0.098741608154646
-0.201206491901995
0.103478991112468
-0.181069312145719
-0.168247511579364
-0.172356111212975
0.328357475815567
-0.118074916355584
0.002394105414485
-0.072131235036532
-0.058972822056481
0.639623421716446
-0.006144551364789
-0.122416779679099
0.069920217385595
-0.582261267789074
-0.408279210618974
-0.007161481681112
-0.070972764083426
0.209155617322815
0.249850553525412
-0.203609921651380
-0.565703251519933
-0.148318122430001
-0.433832749553114
0.424440794625051
0.252194385808643
0.435012333293224
-0.070702388887427
0.336951988720346
0.085339516762095
-0.300130165375331
-0.569261131640673
0.108188666443765
-0.209816757048578
0.191791070252604
-0.105776241808647
0.268966066724618
-0.718542713843761
0.250607773042192
-0.021332613746519
-0.213633360005982
0.439016081758241
-0.594079517331818
0.253742396924557
-0.376271858165484
0.062109857878098
-0.264966608017106
0.089683929100151
0.112270929358127
0.115535898192977
-0.643226321705891
-0.451867016498325
-0.134430845446808
0.196266326401826
-0.002032907847337
-0.107344260190987
0.459270973983949
-0.361196718923983
0.103103783447730
-0.146616010840169
0.112745409755835
0.502971549162393
-0.203985327807528
0.262991073044435
0.111144459953844
-0.220116917941222
0.032838422384080
0.090263354499592
-0.161260582266614
0.124688041551393
0.241434235580074
-0.255201650020450
-0.183698981074174
0.026436778715383
0.323212950254970
0.223364498621554
-0.365381401588702
-0.210347091302173
0.058908234197708
0.250320695266163
0.204537057934932
-0.269819987683358
-0.251825653832444
-0.399011239735568
0.177935159469958
-0.402994193250267
-0.017086822854706
0.276383949184237
-0.156996196947797
0.150346032750704
0.079062111332498
0.502313630209981
-0.559850135496069
-0.038580013013440
-0.121645576028375
0.104305478605346
0.075711296414499
-0.020274463928611
0.014987739127891
0.092057751668607
0.195803824044488
0.129601240246867
0.413416766644409
0.274039180063497
0.017453180164279
0.551788290462376
-0.146958083166793
-0.334552849203572
0.182751852377334
-0.038001969875151
0.266259626752913
0.054335209263131
-0.130956828870772
-0.761001302516484
-0.045251542101667
0.447066532444270
-0.063715986450204
-0.268922550799363
-0.074258693669086
0.124245824852077
-0.148449928006774
-0.187939250236601
-0.713742169952031
0.178589039690367
0.338607165590968
0.106445502506927
-0.201625927775665
0.045813673450110
-0.439860491350914
-0.362864520068976
0.060866606209891
0.211846606983707
0.284278823955737
0.122183354994372
0.081738509869894
-0.565509830201922
-0.277248268185121
0.197671467355701
-0.231034312708709
-0.466396693366195
-0.138066344574691
-0.083282178206092
-0.543484358899664
-0.290184393305898
-0.152689760206270
0.157874186313230
0.009708721510122
-0.080740972262056
-0.125118042371027
0.244926624812432
-0.130920376411792
-0.730797614409823
0.136429337728041
-0.161080894339488
0.375742481957307
-0.217994594270263
-0.433706100207343
-0.041622578815690
0.357945350656390
0.295272294232272
-0.596668125768009
0.403167118657495
0.009288849126802
0.095460211149170
0.294578878642281
-0.387287061073725
-0.015599699685688
0.009084905591031
0.594621326332713
-0.110791774209210
-0.016671159156315
0.151025919183480
0.508032803269398
0.569943773669856
-0.087776944892637
0.186299299032661
-0.027412023592010
0.336658727491044
-0.023075919193739
0.332513545391104
-0.105350231007018
-0.025641766996994
0.017667583511136
-0.027958696848553
-0.294205585533092
0.165446290806442
0.755088264656782
-0.123155695614039
-0.063166820439639
0.436374638971710
0.109205166306311
-0.217270570716429
-0.099442439807313
-0.167441313711187
0.262585811036412
-0.070711783707326
0.670055982505829
-0.436348166806471
0.133005749812210
-0.092041770189546
0.449481126920247
0.195313894491073
0.075064300276665
0.242168662608856
0.010653979148074
0.363305667020373
-0.153169770613154
-0.387725911126410
-0.251388590237082
0.192904622542553
0.427456780669729
0.460290591811845
-0.221317285978366
-0.089358542721099
-0.463091138515347
0.156577566908375
0.367180804775683
-0.327979063866689
-0.117425148143167
0.175728614260435
0.231077867837261
-0.314852325801322
0.379073710343300
0.048813349901953
0.152528617103413
0.157216792090470
-0.121472200107613
0.212558104823247
0.314045933623091
-0.170669462315295
-0.005562115117819
0.348425685794445
-0.225438723176863
0.159112227467005
0.080638747651968
-0.303776037920822
-0.017841382623231
0.202667094657893
-0.522828859141283
-0.294151620515602
-0.346784013736800
-0.498021814374644
-0.118772316600384
0.724381788232153
0.310226609306086
-0.252360434703003
-0.278333434937969
-0.105841026990688
0.033908143335151
0.086970115431744
-0.080760978138785
-0.089460850921648
0.566629612570885
0.466883763781075
-0.107539471842911
0.076734199015964
-0.395638681752558
-0.203344207673044
-0.409368305210278
0.010295284656843
0.218399289318588
0.121369041828614
0.030174583545461
0.098969355034984
0.153258322985359
0.296545896012484
0.342681711939939
-0.091337741134760
-0.300868865498644
-0.100835047678338
0.206044799403314
-0.043497528872288
0.074043234480796
-0.245531964294206
0.114821468420834
0.318936068647282
-0.067680656147429
0.349857304502954
0.129133783802692
-0.193151718988297
0.112159633844349
-0.224336796341847
0.399703129339118
0.066318627049323
0.415117768925025
-0.179641611716818
-0.017216784175373
0.723399861935811
0.059523608786379
-0.136445336334288
-0.035197773194882
-0.479843222190444
0.235172907801966
0.120218420610187
-0.102276208560859
-0.047428507175794
-0.372848657646466
0.369301500500616
-0.151534139007816
0.078339336489805
0.166873826636840
-0.168648482017870
