0.021049912761904
0.153336711063545
-0.191900989080951
-0.352800061748082
-0.069872687228112
0.538664863907782
-0.075292413666897
0.051910875430860
-0.245206805286862
-0.538299934537263
-0.377302796162910
-0.043846814432016
0.117624613316417
-0.423899748160045
-0.240108505235503
-0.208591726533097
-0.317144517933282
0.004416742353542
-0.087959721002207
0.097985637485245
-0.450600348758996
0.058817332748037
0.421777034744616
-0.101553138473623
0.291694181275480
-0.038633137897436
-0.461115580054604
-0.198959567001333
-0.443373431305726
0.151319772318381
-0.037616121965330
0.289067276476384
0.077198125590273
0.244455666926008
-0.452989958574878
-0.073825834661487
0.146290055809578
0.242193560216147
0.378598745288363
0.496732029988723
-0.174136636769172
-0.170089639814642
-0.522917441229587
0.264527559396380
0.319502167531881
0.445603957013514
-0.330236087702189
-0.169910873411845
-0.187373671554592
-0.025313825702980
0.029239992310238
-0.569014561520525
-0.036354750919243
-0.087263298253890
-0.145439847145514
-0.609696231880178
0.339281275747991
-0.073277797828322
0.040257575960609
-0.222861525178124
0.579498448536861
0.193165532814205
-0.186895290934933
0.216188655537946
-0.185639322574083
0.206702555472974
-0.150268740882891
-0.072287885169186
0.102950818796687
-0.179991923860913
0.134349612980302
-0.277317569945299
-0.031656240605679
-0.387609223342229
0.502808531413374
0.008844804260007
-0.532561526800408
-0.172157201271470
0.356923201578860
-0.040810172554235
-0.403186354708014
0.463346480146710
-0.363578854218554
-0.300000109583871
-0.312953466501220
-0.211700994359292
0.304328032201571
0.271624132455222
-0.239662758834936
0.267900150275352
-0.317223288372872
-0.279449557594639
0.557417020077651
0.302336019755441
-0.010763012239411
0.135625330342789
0.323738063232201
0.368502118025109
-0.226717544101196
-0.414095293549508
0.077667129217159
-0.198469625495889
0.229656512968193
0.201768072066341
0.282792684240730
-0.536488540718831
-0.067802857953305
0.458501349034932
-0.524064665854517
-0.572855791810993
-0.052217953210177
-0.207086512537511
0.232427499840518
0.073013045474910
0.348572460991907
-0.179432032143709
0.354465326994853
0.139267138061594
0.260737265264854
-0.221757082574972
-0.363756674732232
0.191351698938599
-0.461420622237117
-0.414088701934802
0.184173114391014
0.199437276876694
0.707883368509661
-0.257901738348066
-0.236114335180716
0.255707965167511
-0.123375812706994
-0.267162097849399
-0.173599103986379
-0.297100158377453
-0.177542050006072
-0.025023034828604
0.552786783875653
-0.382950919164346
-0.042260177295880
0.449626364105331
0.438497603446686
0.281825156721967
0.071870164056565
0.394030052911590
-0.021627933282385
0.049844334763536
0.255437336368674
-0.508465030304733
0.122707463853173
-0.580724384743540
0.215807713532558
-0.260420048950062
0.477944885948836
0.032897707438837
0.195354255358638
0.408020737340872
0.344907387900700
0.123106352105192
0.223256578818280
0.334813722589571
-0.034460450407066
0.092090576660300
-0.390703997333294
-0.224864077032929
0.029440912122912
0.183919518651343
-0.208470837359882
-0.125781491415486
0.041370296044245
-0.675564105596675
0.116393778972073
0.134619405316454
0.341145540439894
0.412737355711761
0.206000743256817
0.329617080967717
0.140231321117127
-0.114432466027276
0.298434985500514
-0.102523461372837
-0.129376439203111
-0.621142323365235
-0.057490603416236
-0.045716486896954
-0.571484739744880
0.021511707652414
0.347345596525398
0.101737668922087
-0.173060529304801
-0.218289478384859
0.551653155524486
0.345328828770832
-0.028080193250063
0.527517246636536
-0.127534942313384
-0.332696648053843
-0.044507821308306
-0.394681662343558
0.137476090038637
-0.036298970922135
-0.494479563061667
0.298940478292026
0.102416518669660
0.391858741664662
0.123487495845244
-0.132222001473848
0.107956388618655
-0.325721857457660
0.104493653675013
-0.259163144857592
0.378848291254786
0.231295481917968
-0.188214693000499
0.283669835006830
0.059026396063551
0.364310017714114
0.284641233096670
-0.142739720690043
0.072137167413242
0.229353237950971
0.319536393958864
-0.216436129689565
0.272375668374469
0.288605090166250
0.606740697104685
0.173761931382563
0.018190514912852
-0.089735898547920
-0.318446975870591
-0.277920340932436
0.175445523771982
-0.165822696935806
-0.323249905419549
0.620612773024807
-0.326222142038444
0.278489899161963
-0.231083446681781
0.132183277630214
-0.261313884950730
0.518725203377738
-0.142647403264306
0.016114065756431
-0.173618601522853
-0.369046498757569
-0.489301449856156
0.051974985962255
-0.306055247679214
0.057080446722893
0.183578507032650
0.078593335097378
0.611692806456481
0.093460103451815
-0.205789262491815
0.030506007625336
0.206985841567569
-0.322506839304865
-0.552502366405178
0.045504631598172
-0.178316169824315
-0.425107877979912
-0.062834889951715
0.537686019793616
0.004264809806827
-0.314840699558595
0.489969595723301
-0.499424824806756
-0.184830971573353
0.198304256718826
-0.132336064221572
0.086357291973365
-0.166916359420004
0.213321662421246
0.290794925449363
0.002019065826561
0.119536858711281
-0.519143329080523
0.107142903587063
-0.039470483462710
0.588402477420444
-0.315560232125981
-0.310058659282266
0.289287449321789
0.011762093234501
0.387275743730941
0.272777833064683
0.108578372310927
-0.116479196112564
-0.469811094782861
0.275005619983555
-0.239318325770953
0.065391003283218
0.266947469373957
-0.097475677773584
-0.008522050474180
0.105021815967118
0.202652750207999
-0.047430503246102
-0.674506710626611
0.341435079400561
-0.069257708361681
-0.116499044202051
0.314112639792240
-0.050618317688276
-0.359226613330408
-0.089918619111778
0.428273621050923
-0.150981698874625
-0.466279778375743
0.027419482625273
-0.458545331362944
-0.128541352088399
-0.016201936245136
0.467148865996791
-0.434513490407234
0.219542558432656
-0.523691705051548
-0.228455936943264
0.229279004580249
0.167040247557751
0.106937363908556
-0.111893172238564
0.324108913947938
-0.244092359848221
-0.257131574246359
0.209941203407050
-0.002171702370149
0.315965844865718
-0.176596901685788
0.309950077689523
-0.018208653790021
-0.125134938565956
-0.209984490258136
0.601918354038175
0.030498944755731
0.220741928331703
-0.299872871905384
-0.454685216268190
0.060587072887062
-0.156921371837095
0.396752794375441
0.020170343163664
0.088278397561500
-0.392561287272944
-0.259520966840777
-0.214190318061274
-0.017464437024974
0.407975668290716
-0.238787734092060
0.076061161221793
0.274198740268299
0.398698326925067
-0.031408048857119
-0.069490698604068
-0.279623196320094
0.263039027482513
-0.044920331496975
-0.204910752930317
-0.287483117455708
-0.257569200503099
-0.173329926124364
-0.597341156738623
0.027888049246489
-0.215818567260878
-0.170337282146668
0.206422570588370
-0.329094719171940
-0.141631788934906
-0.035957747401874
-0.213505208287515
-0.182446418462055
-0.110743018526141
-0.510396407481401
-0.275330137608205
-0.076932903667647
-0.250996977167224
0.204961513499835
0.022244984718640
0.193455962114561
-0.027997034828363
0.003705349050826
0.039999654147301
-0.260993566396763
0.559394676016681
-0.117410813468946
0.134662606717770
-0.267780329302905
-0.297172194697719
-0.146821720406217
0.145219981915493
-0.378315402020365
-0.158692350201936
-0.275909865603521
-0.073672893125027
0.096682782451783
-0.448201690740169
0.063209137651235
0.074487569352967
-0.152732767785200
0.062828300668796
-0.574113153502881
-0.238763843355681
-0.178923086579221
-0.115440279129029
0.218598724062511
-0.644039450673058
0.078263251209537
-0.388022528983732
-0.248367671712395
-0.352776379819500
-0.094605129804716
-0.151580816213635
-0.043191854494687
-0.180310549749886
-0.715581458559682
-0.239742736125266
0.075705232444087
0.142010243653646
-0.035018558175307
0.371552843047874
0.029098995876348
0.365794820537819
-0.447693322628462
0.158331373636942
-0.121382908564909
0.585223085168588
-0.007635749077660
0.366667723822150
-0.002102346104584
0.236566764540144
-0.159227414067678
0.211628451653180
0.066616653653186
0.369296826111292
0.098865929692481
-0.080379220265336
0.037838862302745
-0.313422834409279
-0.339920500455265
-0.339082155299438
0.373314166232330
0.187685883364793
-0.199827083813229
0.074930176731665
0.317991690120996
-0.194587792138810
-0.432973374247498
-0.456802252936122
0.124500659692687
0.179771801802629
-0.006919529147294
-0.352917287603112
0.168088508072355
-0.226117882321808
0.266194802341135
0.439715119228174
0.550719254342836
-0.195381335356613
0.629100331385518
0.089893826235178
-0.119456177084483
-0.297751240038596
0.077003568268081
0.704339996000325
0.188498893608945
0.323743190412549
-0.194720014096675
0.015519902281738
-0.131365479200695
0.048626841138144
-0.531756384271982
0.119653483762640
0.089791188328698
-0.355841680735615
0.040933497846724
0.096510894443822
0.260056133240249
-0.160169255887199
0.053567169379686
0.096023889491943
-0.398415648446077
0.115457096152734
-0.385581702810203
-0.101637399162775
-0.428736904886704
0.120011102694913
0.192971445870631
0.467451221651036
-0.092894973621394
-0.500838674038202
0.020703791374095
0.301167942548854
0.042728625460941
