0.207963453318091
0.065810093770210
0.675607262015830
0.171540036789018
-0.138396857394869
0.313470336415757
-0.055520736068544
0.691162379349245
-0.529184456776722
0.094603927618961
-0.333936632971021
0.051396429055648
0.245595070009813
-0.215537796825195
0.123958901151265
-0.201007769181396
0.080035364453690
0.000922234752010
-0.009614237965017
0.593218505924680
0.192497869377438
-0.409715101119408
-0.266971319206278
0.278512507284715
0.134751583109558
0.143572201201450
-0.110299876431433
0.094384946688502
-0.147609536767347
0.386829039182994
-0.014042368260204
-0.273832515535593
-0.153191693048678
-0.112774475957021
0.471908200524616
-0.205633653970458
-0.151654330709799
0.037930518873833
0.115503560484598
0.776755792229789
0.043595033431260
-0.109501665602454
-0.241952780986949
0.401328144372197
-0.176964962868752
-0.080260783186541
-0.350543646531486
-0.205580000683682
-0.451826274901536
-0.273480192814481
0.204450744389274
-0.348412559611405
-0.095936859084784
0.461020786016088
0.214237409573770
-0.096057599443155
-0.348060099389960
-0.129861137737122
0.013374986572755
0.031699587260105
0.290319647215356
0.391154947307911
0.023659341599306
0.012619034804703
0.163329601234276
0.110867313547033
0.124826522286789
0.099842586435654
-0.145258338779661
-0.661920687008476
-0.222470471490715
-0.341460359808706
-0.359731629467829
0.048210858061533
0.313898072390637
0.246183675942701
-0.459791832670126
0.165735523941414
0.290393418029252
-0.230292407966563
0.216897488920792
0.450669135516349
0.114444776557667
-0.262495330646588
0.181240313838847
-0.124980058590688
0.315373377191815
-0.467128233817666
0.303361446629199
-0.556253136532644
-0.251156675802851
-0.288276457475273
-0.505642926645198
0.160659030649417
0.058851854774581
-0.104524546643394
0.088540895343182
0.133468229565452
0.091781948073148
-0.468748536521332
-0.371191931516099
-0.043432665678670
-0.261696259847559
0.464759013151526
0.279335983582279
0.327484785674397
-0.125543350057234
0.100414554535693
0.081590851361423
-0.062849718738023
-0.469041361978023
0.291144551914753
-0.073824722032944
-0.125472558536132
-0.123326022513703
-0.006807906494446
0.151508114283137
0.223286790530495
-0.000683100733083
0.463957384625322
0.092535676476733
0.194744429591724
-0.103268376773984
0.188510835090668
-0.003680543822298
-0.011408150519267
-0.068972902065635
-0.196243045481409
0.149815136399972
-0.075771293330445
-0.461645525043070
-0.225981962180695
0.392973999220294
0.177908746973555
0.012403336129489
0.176141073499295
0.379046001475415
-0.109969951385422
0.578548104216317
0.478802831181336
-0.060939224491578
-0.004394023956798
-0.115974118843947
0.034669570845080
-0.155723256600792
0.076886369395868
-0.202861966334261
0.070469973064504
-0.649830784957522
0.026816947800792
-0.337284425376850
0.370125688149462
-0.259901705560359
0.186482915046652
0.324795884755794
-0.023901956741120
-0.349748713311252
0.248338006534756
0.161629500484678
0.013343027930473
-0.331099820566028
-0.097802130578715
-0.291669584641388
0.341936587096604
0.501661648811303
-0.149669853247869
0.003871077339968
-0.395243873993685
0.275649746574195
0.184972041478946
0.699646977728165
0.274161853571673
0.179617331797029
0.013599086815969
0.251676076854702
-0.177666348869675
-0.472495922426803
0.033809982838953
0.020460991749357
-0.274604208084621
0.311274043571159
0.499373852834963
0.049599382264741
-0.113320448664358
0.279152933035755
-0.034295542182263
0.045658795108387
-0.218789793662359
0.501662577524858
0.365180520308115
-0.223295775478511
-0.244502851786787
0.266405421409884
0.140247192984873
0.272058112260101
0.505912138387269
-0.255865458721391
0.128826184856194
-0.096202895858485
0.360194551472709
0.197994520598216
0.004586532657482
0.131626777515367
0.125791939926355
-0.084005557751109
-0.149037543300917
0.033854770082598
-0.482187789457579
0.427592564022406
0.539961650922167
0.334181459389000
-0.495739755784380
-0.336729346898292
-0.455328570485458
0.052133345757417
-0.005489679686809
0.174150079891163
0.603165049280886
0.160284605727187
0.031233595809193
-0.487442481001709
0.093231422477203
-0.470909788925405
0.083280703886431
0.518133598046760
-0.213873450966552
-0.189743834391030
-0.078861630262317
-0.035017821306125
0.005482446871972
0.252956445226256
-0.368685955119187
-0.337716025439402
0.305769256614590
0.071963096109049
0.439155144658394
0.297442743918897
0.135215258416720
0.175094535513003
-0.045994603145765
0.308542718680594
-0.268819380354769
-0.080335598260984
0.383655425029502
0.040118972774124
-0.112391132773608
-0.172792750109406
-0.723407748819994
0.057775567790464
0.434463407046307
-0.218142992924270
-0.023703689699640
0.131166642868668
0.191842936218918
0.005725144718774
0.029723654175477
-0.523423421864245
-0.142249721083317
-0.257935717086908
0.080654212260099
-0.110487849738424
-0.001289478208279
-0.171850450357185
-0.035957085222839
-0.333767904392898
-0.101355691252926
0.230692743492009
0.295202508212676
0.628629946923606
-0.416937422312087
-0.059460451944474
0.027728040956952
0.214176979478124
-0.163357455371125
-0.231685974605707
-0.404591593672550
-0.774270352244577
-0.058610551735951
-0.136900686106811
0.314273450704457
0.112024575839538
-0.189051029311091
0.176213200791161
0.149162337387677
-0.443527727331343
-0.123916666791566
0.250004593255726
-0.543852242633557
-0.115942039132683
-0.283047481288702
0.280390800116024
-0.051861942849886
0.250703460739272
0.327507472469798
0.618924641472509
0.007913044701760
0.215380106944211
0.221622189176757
-0.243646186933903
-0.198729510625238
0.165320602531840
-0.062406614038830
0.349593030401628
-0.017970546401849
-0.113134523432805
-0.411780283485607
0.439540734762437
0.393652551023551
0.420765930288913
-0.164371532211261
-0.105266851431347
-0.492321338966568
-0.167282745042420
0.344441880366304
-0.136610988664912
0.137329911672774
0.161374252879340
-0.716126904399544
0.036257017159186
-0.279168671221795
0.353283804484718
0.204710237066431
0.136382030613077
0.290786905063951
0.343680969668064
0.275288812696334
0.216298614716859
-0.460946048477551
-0.063960013754167
-0.114043410529553
-0.382021605517414
-0.250019469218252
-0.418515706384496
0.138612339592052
-0.317038851825073
-0.164790232974896
0.120103030335381
-0.311983203418323
0.009438014570591
-0.030581496961225
-0.298300692077813
-0.175074830970905
-0.162996659081885
0.577884249256499
0.104584639586123
0.329043552315775
0.170875311309120
-0.221399861392652
-0.387424238205882
0.091099411790895
-0.290921314462098
-0.343128135713216
-0.358899206201223
0.341980067370287
-0.530316490627085
-0.002289609565248
-0.028830826394453
-0.432793629936457
-0.183372684124071
0.037244176832398
0.251735847034533
-0.110281516622760
0.536426217508255
-0.494461159342673
-0.097460562593368
0.214844148543645
0.722137543318115
-0.379167720006334
0.145501151546949
-0.061333578567119
-0.077812460226273
-0.020922724343758
0.363043888517344
0.195337961087584
0.213787459979764
0.170302057803239
0.338395908310876
0.740263417374496
0.246572305709014
-0.453523794975580
0.228085074332867
-0.343163259593056
-0.429221948718290
-0.209437494706150
-0.261653555157344
-0.456299661453794
0.555097655899149
-0.025999162255121
-0.167851647615169
0.115393362569608
-0.314367040982572
-0.107973881780289
0.017911850395272
-0.509246276309217
0.169379365771138
-0.137179074850364
-0.049559483863500
0.247075600671902
0.144149098338835
0.049364056255304
0.159994094781743
-0.623220814353218
0.221807979930323
0.050488194893803
-0.328859175407068
-0.429739524302390
0.330381531792387
0.295183903001691
-0.371353689206067
-0.088478853846826
-0.143425487107774
0.373467114237114
-0.602477574682388
-0.041829875361024
-0.061795282162185
0.436111964147248
-0.118892134146418
-0.193594864110531
-0.202600632810004
-0.284668955480697
0.085798773889899
0.352119676956358
0.021689701478564
-0.056905431859517
0.396983834925074
0.005485583336799
0.103921410932260
-0.429829673510938
0.129284135825596
0.105420399869725
0.027826720119830
-0.617022530520165
0.431734092817531
0.080721260529892
-0.202602196666026
-0.017851644270325
-0.503454783512177
-0.267557019568151
0.285264548613115
-0.034184674611372
-0.435305630607401
-0.148867679891730
-0.064999820507348
0.396181131736547
-0.069013827377825
-0.228493192321217
0.451736902772056
-0.041883597961512
-0.004176068119667
-0.484275641822050
-0.421433419530395
0.026309247167823
0.597465844376553
-0.021997251425975
0.475157404071440
0.164653042016084
-0.003305926308392
-0.205962673131061
-0.126777725670854
0.066863271231307
0.399092756085282
0.201086581657630
-0.295750163823916
0.054182535295645
0.149175995060699
-0.139177349379657
-0.114775806686066
0.417019016153464
0.011618565655786
0.171855301902840
-0.136546546646166
0.258976391787051
0.441926387226839
0.149073175809591
0.319706433130648
-0.013261610393052
-0.044812714717600
0.253640092076676
0.449611917476565
0.209765849086139
0.422341633844513
-0.153445022372079
-0.167576953389471
0.477483023217526
-0.334666672944940
0.145906685374216
0.156797187185364
0.225821787917293
-0.132091556442277
0.624535781320779
-0.248664870362753
0.342822027911689
0.339068885170292
-0.338514575729913
0.150772103954586
0.261533815018652
-0.540681598371688
0.227205541021051
0.116092917357383
-0.149322672201456
-0.026132155082032
0.040935764348029
-0.057417320580004
-0.406385278972036
