0.25893265436253277
-0.03785627706760929
-0.4633055938061178
0.10376923662514721
0.3522805102589795
0.2128181006440661
0.21146812439878077
0.5023594304239235
0.12130755156416237
-0.1510618903638664
0.48709565584045117
-0.30778638447454415
-0.17784968530803547
0.3779341867095187
0.22395231944894514
-0.15360066620680204
-0.102227877819714
-0.0548443350020207
-0.0497332677265606
-0.17378196995035625
-0.15570612129976885
0.009317671785836845
-0.2169352441158239
0.09409158966896111
-0.2218303139796402
0.06570809229616259
-0.17373852970140186
0.3812028307987554
0.10546444289833797
-0.0387428894471669
0.39888016848078434
-0.10706745668965215
0.3935614256292096
0.08074972883519445
-0.39851269867783695
0.3548139974594758
-0.31312329383493465
-0.47132521198128385
-0.03705492426111727
0.5216249526987421
0.08283423382012838
0.002471867050524149
0.6253102658086789
0.26833903582706337
0.12225611704075563
0.17227973461040863
-0.41172738470051934
0.009705434279034732
0.001239960445410531
0.11978405096920812
-0.0821329339314257
0.07803786937700934
-0.3930719446986087
0.20810895797283613
-0.06202131848373356
-0.1881410741521448
0.2756229314722451
-0.2283293215518186
0.0371499955262441
0.30802003994016103
0.4941828719254597
-0.2292446620390525
0.3050534171690855
-0.06481970580011442
0.36403236841881786
0.2942529155799366
-0.2983302307257565
0.039572806450812306
-0.25879626227815716
0.10342628260587365
-0.141689569881016
-0.5696267625011476
0.31635677435326215
0.34680087962437656
0.07917318276993983
0.18557435100683375
0.11398450248702591
-0.059138769183543154
0.31469048848960396
0.17283171500168587
-0.08218640987268645
0.16011184805027281
0.28833452769768064
0.5961773282023103
-0.004195416635758978
0.18412930774664088
0.40964683492994686
0.09343210089009706
-0.3501449068689661
0.5011069206970917
0.02299566624064854
-0.2488062110086878
-0.39386235473980996
-0.23193379724886667
0.36918508120717025
0.23176953561060823
0.7725264252604574
-0.17092120453696147
-0.2062256105685654
-0.02707767905332529
0.077401310890061
-0.3395902790212237
-0.2401528389924019
-0.25233107982871056
0.37119663754528887
-0.03971886159973939
-0.1987833241776805
0.019584825100251675
-0.18323587701311164
0.15338886313234124
0.21248051374517282
0.4881267254386512
0.22822629630179644
0.013655945255823356
0.2921599887223836
0.6826605153648164
-0.33772899262638495
0.16897902062762615
-0.10672306848486451
-0.3288447360615179
-0.1403738847477729
-0.11789481599550444
0.03587671512108342
0.48477859641456733
-0.20658621158063406
0.38879627724951205
0.15915010785109712
0.23986965137548188
0.26867277806991385
-0.2190231909820843
-0.2966225123960102
-0.0131180494598302
-0.22682993332302603
0.0072170283149242155
0.1666152286524844
-0.21252785047420283
-0.10573681075592739
0.622142690650709
-0.4675907218508215
-0.13561319590095566
0.32394668160773393
0.0077779536153028805
0.16092643930368367
-0.2733281042168602
0.22541471669050647
-0.3644815955079129
-0.24070696178603698
0.01578273508665579
-0.29087152093842294
-0.26967033376942845
-0.2597536339922561
0.18740757742231048
0.29713647483223177
-0.1097098618298418
-0.023523342831157645
0.06935812605928132
-0.2079643280286767
0.13627780423727268
-0.036440186174205025
-0.40432700111158665
0.22313781081186929
0.11026131005214954
0.09697125683243876
0.024909398037546444
0.4626324834153448
-0.3576391035309387
-0.1490162984904169
-0.1918100444820985
-0.4551814571649995
0.3405219002422911
-0.2936902403538271
-0.18337168956991212
-0.050211279311750824
0.16349165671053364
-0.13445010630383697
0.2033545032974633
0.19226181056534664
-0.7149777316038493
0.3968235157245822
0.2508688781536952
-0.0752888581977645
-0.47148641483929193
0.3750118297452984
0.1584944431416872
-0.011297206373832937
-0.2794646375088368
-0.3158397103935038
-0.068745952932246
0.1435357347854195
-0.48316396225275343
0.34334344946193895
0.25807074823265347
-0.29223695202087524
-0.2633235033589014
-0.6037957824366332
0.30874502209718907
-0.46268261742976785
-0.12324425185193517
0.013394837101256264
-0.16840078067918152
0.28685647096810885
-0.1319910490718386
0.05369541473371985
-0.5804109060693565
-0.24995628976428408
-0.23599700889324499
0.6230759790985869
-0.10527560217719918
-0.06539694390307382
0.1288477698251108
0.0986379575707079
0.08907305676892922
-0.09993070204482322
0.2772004804611941
0.6562237247658164
0.09825685883177153
-0.02035511061429132
-0.2116013981176617
-0.2882975222132775
-0.0676769297113246
0.06463887682962487
0.631621478959073
0.22905699025913204
-0.22161593426361284
0.16007771659849648
0.033458657813523834
-0.5655050738915682
-0.5072418288304225
0.5285651905846119
-0.4263060402504139
0.06172198570171655
0.20069990315947545
-0.25017001868991856
0.23226413558742542
-0.04503407388789719
0.07999745281978128
0.21536232341551736
-0.0457946911446654
0.19462155594700126
0.3927953385862876
-0.32801645809823377
-0.20205955813198598
0.2443225921425824
-0.021723148740011414
0.6924934728812189
-0.28849087916211763
0.1467168142491136
-0.23738130063060583
-0.4974526381658543
-0.21625105453063956
-0.19384839260399805
0.0678369278740698
-0.4475039654257662
-0.1296093807572197
0.09396808839270887
0.5247239353231998
-0.07173427748898352
0.09096811659838715
-0.3552454074091465
0.17744098326774654
-0.06879790953714958
-0.011322443726384098
0.15269557509899587
-0.46536765577569505
-0.0072341399473575645
0.04732475974780812
0.3100673453624619
0.8051225211577488
0.2575521422560097
-0.3310595717192079
0.22076677715789844
0.037676551337535155
-0.5429532135071544
-0.4068059004566727
0.5514161818093426
0.08858810249530408
0.06261284233463481
-0.14256804145385066
-0.13011246945879154
-0.04549108568342402
-0.6741942271884419
-0.026002431044796992
-0.39016706968795584
-0.13211424714649547
-0.010648102232811828
-0.5400971622745426
-0.23160015186719504
0.14685393936977045
-0.2918232878568191
0.08929454456256872
0.10900838689689339
0.2136093315801715
-0.1507015320807616
-0.40003663343047174
-0.2743014629440335
0.5356054014787548
0.07313375257117236
0.24823178761046805
0.55541894228218
-0.027509772140726356
0.09451819002512869
-0.41519761740469185
-0.429129576506591
0.39356111193359045
0.5211522865734743
-0.30840896321866273
-0.2472280409423107
0.6972218737798692
0.1363159787865872
0.39014919817311006
-0.07748249920665379
0.18522229131471166
-0.09371001705701953
-0.39895644967636473
0.17984674040258122
-0.003295529804275687
-0.29575813049586475
-0.3090927277049754
-0.4986296396616965
0.05222021967673956
0.15744245924392156
-0.11862302881514676
-0.13301625057222372
0.3025916812355025
-0.27401806442252025
-0.03553007537892184
-0.4207692677472152
-0.25225430321592723
0.021619840544165696
0.07242941311759632
-0.3165520973565576
0.549080216894873
-0.3195483894148065
-0.28198869115329794
-0.4333845709155136
-0.06208322874175008
0.1181900939875948
-0.23814018507229515
0.3456525657609684
0.07313876118962606
0.34720664702539195
-0.6483366943627655
-0.12270945193708019
-0.16457626723794735
-0.1311231828173195
-0.19102069555772921
0.5341932403390295
0.07535965957698268
-0.2029150158270612
-0.03013522019135778
0.3356688645413336
0.42577418407087037
0.26332433213502937
0.2860601350576162
0.4834240408984203
-0.11270233524244162
0.5464153588013059
-0.027767078638815883
0.14751493098457633
-0.39363614953676856
0.34552619990902433
-0.2872035690492357
-0.07753999716479182
0.340375794333528
0.25381134688736967
-0.10946187066444255
0.22735313841452262
0.3756024432036729
0.4327360521292955
0.13898379708915934
0.0830238047226042
0.09794143240962408
0.24678615890552397
0.4803831570094053
-0.22790991052641885
-0.3470017287823193
-0.26050658516328584
0.08211511623264332
0.025177813877951007
0.2977865626254665
0.11050979570201624
0.13605185035632833
-0.2747751140578031
-0.11781127702602996
0.3413786819341801
-0.25576021272351657
0.5023674603440239
-0.369601308777719
-0.32423807669364696
0.15274658460051851
-0.46848207767003164
0.2733094085969204
-0.5332463499507799
-0.1133390626787904
0.09126292128233904
0.08664439091778889
0.2473715309960379
0.28093210749121544
-0.0007806827837166068
0.15577856850719876
0.11173503213075846
0.09800965999777415
-0.21133868429759103
-0.26053915555194634
-0.11763389663887668
-0.5737950266190032
0.1905559069471754
-0.21053132701420635
-0.1209537291489519
0.18094225171909675
0.3444828667474083
-0.47374683598922623
0.026915613654364148
-0.563579375218377
-0.39115784636341716
0.2230871932928688
-0.30779303856791773
-0.07009512193017585
0.27781620101554316
-0.31260437406886477
-0.593828911581163
0.10716599983088117
0.19231116565322162
0.30685317723253497
0.05421426402333175
-0.24323134346151284
0.23100586170289403
0.08623754028567321
-0.6992963308841375
-0.2074500460039739
-0.06985572274601416
-0.05561278429338646
-0.5526294236706245
-0.28441226188205154
-0.24637604872833532
-0.34077002180466315
-0.3170714733042158
-0.3578643805119857
0.2408390495563244
0.06052157533407003
-0.784273100549893
0.10893992045666342
-0.1506010654278962
0.01112456470356031
-0.34710136484666626
0.37396846510123366
-0.19647918876350115
0.3414857552793437
-0.38921751396041737
-0.14834408499932128
-0.09973440238441829
-0.34980318602675453
0.13038688030900578
0.5200771208587867
-0.15703993605186353
0.28857085199918897
-0.19978627147908218
-0.32757826407992613
0.06681326868827388
-0.08686660887494858
0.04292915997754886
-0.1045631435947319
0.20915702851806436
0.579074113283911
0.08420468290130163
-0.013830354915132683
0.13448573984424408
0.35157938533518174
-0.22191181724052367
0.55391712019507
0.1627801632346343
0.06071920865743374
-0.04980227042431114
0.2612481840582698
-0.2795377294722149
-0.07786426275138714
-0.07825445927655145
-0.1693568884534645
-0.07436414686508568
-0.1776552357615854
0.5626321561144741
-0.14272367477946912
-0.1401423051516361
-0.2919127828664946
0.27615814363845753
0.11811950202291514
-0.0612775210589807
0.014310888318443897
-0.02334303841999279
0.41617513544517354
-0.1483194423578335
0.5117979043510168
0.26607806633630815
0.39028475318760025
-0.2723051637281429
0.32646712316050297
-0.1849535788973936
-0.13102621131432787
-0.04898175445714638
-0.4264600453316073
-0.4965202033770013
-0.12686518369348274
0.029286395193773553
0.12743174606164442
-0.07311010894107252
-0.02455415928918165
-0.203212728898923
0.16903189062581056
0.22977269323731256
0.407399037415527
0.20035353956443652
-0.3060201980733301
-0.3056838036985507
0.323828831534246
0.007263219209181736
0.21473220763318956
-0.48558297483482765
-0.31130073650446966
-0.11726249940197585
0.5265650301743234
0.3182656512614132
0.16098230975511235
-0.04465014190481834
-0.19153654306834517
0.06593352541010869
-0.3485996380476848
-0.19908850504485207
-0.15637283605298377
-0.027160922380993695
-0.5188269047326731
0.08274957486515279
0.17705806599487942
0.28076016482177935
0.4458466180438623
0.14353169848854241
0.3382034055254514
0.01789223910472975
0.028486793865775493
0.5800858701125586
-0.11287717341065949
-0.15091047719187323
-0.3503646017247844
0.007883052294822552
-0.47464797321976626
0.24196893774236164
0.4100486801475644
0.039073874017893626
-0.0905521676297981
0.0681317432359485
-0.15454342757410217
-0.19638984812001842
0.024277870796035043
0.1152899962096877
-0.1791790364786322
-0.10349049370349489
0.011517807936671785
0.34839851529447147
-0.00492335537113034
0.4054706026087028
0.08115324902388982
-0.02701900347915396
-0.04824306087217864
0.17992459376956543
-0.5432483513362426
