0.167176519258843
-0.254661647369014
0.387025546851225
-0.088835850546681
-0.121663842153876
-0.423298873792477
-0.178812711951579
0.034472280364876
-0.064890458040049
0.061441923136408
-0.352062259838139
-0.181106003527595
0.192819572687331
0.331366960585499
-0.122769066648262
-0.026298460610371
0.070131785941872
-0.507453792663484
0.262007349455944
0.040350835858144
0.427577199024710
0.038346853119014
-0.487581335828280
-0.379487610794908
0.150380024135561
-0.144293077521815
-0.214407133964450
-0.241233684304846
-0.161090246396553
0.034139376944459
0.156079267701181
-0.260889134791182
0.350338498216280
-0.516665748290841
0.016324895545904
-0.344841825611865
-0.082849844870282
0.154570878428350
0.249866846964691
-0.189004375137438
0.053441820031846
0.430642770442923
0.659702139434619
0.077232452688920
-0.054787885052363
0.099967393553597
0.410867212433148
0.083524811763033
0.339867201151281
-0.157079825855336
0.018004842795280
-0.353224527610308
0.139456938626791
0.232436215507429
-0.174956208143609
-0.219352716853697
-0.233203718743447
0.121626005196653
-0.300451479491267
0.219010905648916
-0.105526336314789
-0.187123359683926
-0.065161145384537
0.264657457128463
0.585985667502104
-0.023337053381660
0.212986126797711
0.037237160897249
0.020392372313766
-0.075170950960282
-0.379528798964079
0.305233874269313
0.171291217148360
0.036728302448560
0.454754375074580
0.218012639192447
-0.433886554379135
0.195532997770429
-0.173139914027305
-0.354435241077353
0.518688620050550
0.080090429836012
-0.425511395894985
0.239762878513877
0.370226548577869
0.383895409207705
-0.130685641144733
-0.085387946808133
0.410785461990079
-0.166396293096789
0.135333730569836
-0.535097404710811
0.316444038239578
-0.183916952555036
0.328954195358990
0.114488889295878
-0.102422203271980
0.367416286364264
0.145492432167348
-0.141484144983370
-0.463400833623826
-0.381031654719954
-0.072452564769962
-0.012262209980064
0.249397322298822
0.046358546731567
0.494791060229760
-0.139272800214232
0.013252035682989
-0.218000561821858
0.363908302913867
0.150635401852211
0.107209607729612
0.362353349543011
0.124511180055163
-0.010603710898536
-0.343157270469497
-0.327370644526921
-0.327377033805645
-0.013514486806809
0.132242879670629
-0.387153620360229
-0.062566071128865
-0.480320558804896
0.367414200122946
-0.163365387719965
0.221139188828208
0.014866761940400
0.367375609603937
-0.007267530942602
-0.010609768663720
-0.017559021480715
-0.264524035000743
-0.271106549755728
0.027480392048774
-0.514740856056770
-0.429280296133009
0.344119238608128
-0.106615338749226
-0.211555028830398
-0.251435752710625
0.208144896428970
0.260601498544832
0.001898961113209
-0.309465767216614
-0.514676579519815
0.455046494884142
0.119112543039591
0.184514905332433
-0.283338187063063
-0.443527365501099
-0.372735313286357
-0.262751915861593
-0.003950857590051
0.128144684715801
-0.258429105627336
-0.059075487939079
0.338115365333518
0.062511253082523
0.230011872355146
0.177989421938498
-0.246106453316099
-0.276318971565299
0.152269518810533
-0.106994540531859
0.177339421681347
0.297170196637691
0.029201620500215
