0.561411059964949
-0.287232471288659
0.056499854890982
0.073307482090527
-0.003228066253711
0.051428775937609
0.341812111257327
0.074349822107555
0.327668277690769
0.229114401229878
0.290463344895836
-0.029139937515196
0.414282272836779
0.021198371326975
0.337866773111493
-0.182690553288729
-0.080906315635821
0.072119758711936
-0.690075246628490
0.235576800791657
-0.342455143757428
-0.207614370799706
0.429703095551669
0.152117294255423
-0.080070515406730
0.009662668028703
-0.317054788095272
-0.189749902070864
-0.082371283061348
-0.352004798263369
0.481771822147123
0.116889095043848
-0.126459339787655
0.515442541704636
0.107559531378469
0.145546568258060
-0.190854920484878
-0.197490251067886
-0.331411736021188
-0.118488030038779
0.442088567109138
0.226651373695874
0.319281242727678
0.141288721741757
-0.063822571204808
0.479566664460092
0.029583226863223
-0.286990544842369
0.503933089582486
-0.241060332108617
-0.018604741964419
0.031597079262177
0.139402224938781
0.359828324698526
0.331324772314358
-0.360725140172515
-0.245185707830291
-0.428866103103910
0.340464056153787
-0.121725748320707
-0.163121920948064
-0.314480358988116
-0.261719609819782
0.212499518907201
-0.151594870674071
0.104187571183978
-0.140758958275173
0.128630592125663
-0.058238311547355
0.217340314172694
-0.113792042300693
-0.510120116241855
0.028355625725246
0.341418697330762
0.023443302717229
0.015209671054893
-0.345519225015240
0.149611757889016
0.108739188468674
0.288688435528583
0.103469311789651
0.030547156710135
0.089327001878159
-0.196275597301655
0.076109397126930
-0.168039043449455
0.370536715678866
0.159076206324027
0.047611826647065
0.261762058415961
0.482042107538888
-0.091020759065548
0.376317716350561
0.209661639129363
-0.180730650182930
-0.061896769495032
-0.174592984465677
0.309258844161718
0.156433694040979
0.331683232962398
0.146859560501973
-0.493028170817345
-0.086954992130431
0.121163834642712
-0.037370150502122
-0.115268323276232
0.184978607630442
0.024634730936041
0.103406798557680
0.441357222769414
-0.455121157860830
0.035567376666728
0.400456068992729
-0.040780030847464
-0.449055867061502
0.256326367763285
-0.064407899970851
0.211079165168693
-0.085513559045348
0.302962907312688
-0.085291164214556
-0.179939551747896
0.182914561851939
-0.189683494528716
-0.170023968660558
-0.016717640430325
0.318437185953528
0.281869642399477
0.017517893794206
0.101937504165180
-0.485297687560009
-0.216161302031556
-0.021624701963859
0.033022628460335
0.114304277767505
-0.381145527680344
-0.415408494937627
0.455196519767132
0.093024244086604
-0.171655053048780
0.236465428345365
0.106564161324572
-0.138193485891736
-0.267465834777865
0.076768194817435
-0.085756458108319
0.143501065685321
-0.016162037362141
0.615692723179716
-0.133195963684167
0.204859826583030
-0.366734444905805
0.172382290733803
-0.053114701935127
-0.043965560756384
-0.160417558683062
-0.407981374928635
-0.006522505829316
-0.083578966909826
-0.078323192081126
0.350742552590276
0.474518490558683
0.112674186161142
-0.037778310116764
-0.163808211999948
0.191148452709296
0.095439028250394
-0.470033996532876
0.019381875173068
-0.288041776685879
0.130485171625232
-0.080830853299753
-0.054101814489111
0.319697170956691
-0.307920709709543
0.127201381426510
0.363715409570327
0.097772660616579
0.277820732873357
0.186834204311693
0.412104191728269
-0.334346289425346
0.212353266245161
-0.313529566015606
0.265267206847280
-0.406310227959493
-0.130415139063622
-0.113662932495355
0.149814318259632
-0.653562303728816
0.189100238717020
0.081810723814510
-0.012389187875257
-0.260653180640255
0.519208352176868
0.163566524096183
-0.241452066422060
0.177767027461569
0.171078157547684
-0.135293938756835
0.343887706010478
0.286326791695188
0.389332022895942
0.156183527743435
-0.163560654288963
-0.078985624220836
0.561587020008748
0.652971973777438
0.060716976775391
0.146579690630749
-0.063747294387643
-0.071541536322641
-0.041961349741594
0.423305000748315
0.120809721835152
-0.170522492303906
-0.516153069345170
0.232957198316125
-0.281441925184454
0.340775193019677
-0.426785044783921
0.431950605138846
-0.042440636211111
-0.152935675830132
-0.438704605816162
-0.292956557699447
-0.383421515365684
0.283643689191209
-0.005882332563577
-0.014093924202303
0.266922336489746
0.349743433452379
0.191038932415143
-0.315199270728450
-0.213293712045834
0.307079372965301
0.374220070229043
0.000504613988911
0.325092352623033
0.120811253435026
0.406600657484908
0.315191479486194
0.145802897641381
0.247766845873194
0.216806669725299
-0.205553117992538
-0.175035718187393
-0.745486020755855
-0.165563849301549
0.025797788610495
0.331932160615101
0.055141544392618
