-0.255403979737732
0.247401682643354
-0.152816608061791
0.044954851158858
-0.217019234647638
-0.015083600351227
-0.458960599422021
-0.142894948491039
-0.041649071588924
0.519436976585621
-0.455512928240893
0.017426217267025
0.040418309288330
-0.124293947413839
0.409238304956372
0.273600883669184
0.506317969637146
0.315495363430947
0.303000385770488
0.137936143950398
0.221395805298991
0.004831200745742
-0.032724902317501
-0.183163260206323
-0.065851597706138
0.249710196434818
-0.068073577035211
0.263835845678761
0.195706629458385
-0.255676274708904
-0.406784793732655
-0.245735356160310
0.267512624628497
0.265760179348230
0.211974807051469
-0.375870977491311
-0.557982290786003
0.190062089447166
0.275717128991267
0.013302726979001
-0.297015319015927
-0.078080583575161
-0.526928469847974
-0.082718854928010
-0.168178256958705
-0.089001373485671
0.149185942341482
0.027179250914724
-0.076503274330819
-0.056488034909077
0.606037406017833
0.073455925965602
0.462446935101154
0.100368214005332
-0.059715477514909
-0.103405562072996
-0.445412417234299
0.246756593000834
-0.067608010800006
0.402461133652659
0.541827201935786
0.151139126791561
-0.107083027754179
-0.157668685171423
0.073416778325809
-0.144920317478132
-0.383832451153090
-0.341809110441044
0.374802185454530
0.210553326197393
0.483820928250287
-0.216454177668143
-0.007492340750658
0.528149504259956
-0.355845974718313
0.218650463327076
-0.048937914693215
0.339785707957486
-0.430989276926992
-0.242149655488090
0.328617934370956
0.025654796491359
-0.022034335739212
-0.458971639569169
-0.079702154116317
0.228697071363034
-0.325395974809802
0.126966130384576
-0.169155647234054
0.086279201940479
-0.247682604755716
0.179741098017331
-0.192422840078225
-0.206200646123800
0.619795035687296
0.312416803336417
0.098067305308316
0.161949086538487
0.184322241629833
0.064125412396118
-0.380867782972135
-0.015563176640416
0.087906962188846
0.371648221689242
-0.392573527011661
-0.115109992116222
0.266811205790339
0.116230410477534
0.173634950113483
0.287260730433612
0.233212704372345
0.154904726887722
0.211625822683143
-0.038159327674087
0.430691984913224
0.218312038846224
-0.105369735307448
-0.095287731664410
0.003515849448211
0.409265440008435
0.111012610642036
0.320582177400151
-0.492522611485327
0.347653221044005
-0.093142426531572
0.051160557610080
-0.430430741171695
0.347475328834396
-0.262198645437460
0.093417563397576
-0.042112120834440
-0.356187111847035
0.341523761199125
-0.297948376349918
-0.006170030847318
0.502076320749578
0.100365952289244
0.087296233041518
0.431950615231037
0.212250885511550
0.060525996893879
-0.205217738651652
0.428373578420063
0.088034582646950
-0.212778057156622
-0.446375550323183
-0.039949085516972
-0.027863469112592
0.256228171362159
-0.095976691738860
0.183863538924338
0.085265812539081
0.327674149633020
0.133538223590988
0.077707179623283
-0.036493523820802
-0.140758194666495
0.272942605130902
-0.068562997541004
0.238719643562688
0.813051848861504
0.078081032087019
-0.494307459043791
0.117816588574037
0.327932208788697
0.003913993135088
-0.235147896758862
-0.237017681904928
0.170429662200692
-0.003672689463915
-0.176805423023204
-0.297287261178359
0.395145721006941
-0.183952388889775
-0.045424054141373
0.012357942179343
0.435856338309483
0.135680015473064
-0.160004948187731
-0.504542080524005
0.139003560811063
-0.377401752368341
-0.147607216719902
-0.225986193071958
0.140931092452131
-0.235952443180999
0.463536865038119
-0.113948690585759
-0.098482938547366
0.326436131644045
0.056681297269990
-0.252494109829262
-0.028235346345708
-0.118276292912035
0.182362674347395
0.157217599765746
-0.039295436540843
0.045384439843534
-0.013006762577883
0.091072355258417
-0.015827156273010
-0.486424612614401
0.500851108529238
-0.064222009491220
-0.086324840975400
0.368009112265338
-0.001775572511340
0.044254691167244
0.336386199340038
0.033363230791678
0.094906584873792
-0.343006338341479
-0.350481456621090
-0.111740090217206
-0.108024237255184
-0.194101151456331
0.095083473391474
0.319115335510123
0.292730493297305
-0.503715093956863
-0.174896184547599
0.170805782717235
-0.467068374578226
0.052603030908945
0.274548166997604
0.218770947831988
0.182456796246796
0.026319802083812
0.275012536498145
-0.314862523575157
0.196372328724160
-0.511981991327380
-0.019564369992974
-0.090741538181647
0.163706417858813
0.334665995428601
-0.327212369941299
0.005945401633517
0.010691948866874
0.298066860540821
0.029297734026703
0.328498772760929
-0.443074427116476
-0.556573367272234
-0.084756507996912
-0.243030512306033
-0.306786806915541
0.014715882632803
-0.190165891028552
-0.450002091270206
-0.023556516361848
0.554787671868642
0.137355089077111
-0.061347012032954
0.073679479880148
-0.137658493181058
0.451421592014002
-0.049032255830536
-0.299126811729457
-0.378054230214846
-0.341271885965346
-0.118095991749593
0.144418401287562
0.026685517519034
0.276245829373203
-0.003926720250390
