-0.21794239929406625
0.10153766088494909
-0.28974350480648403
-0.5101489393699331
0.4327960131739358
-0.13494144174354455
0.01458998292177704
-0.20581077520743035
-0.2389677439772042
-0.39947400509501646
0.04376143463725258
0.09302091087510259
0.21330013132791203
0.06396215075977149
-0.2133616241404335
-0.2996860277996894
-0.021463892614552244
-0.27435354552117824
-0.18824644243451508
0.2913082320392389
0.32712137817946657
0.4771919921844815
-0.559778879200482
0.17636665054859496
0.05532980880080492
-0.03505525852501873
-0.11561453207146229
-0.129379439126766
0.3109983308482314
0.029004029427956036
-0.10784040132655452
0.030968570153419597
0.36704724013779266
0.30452269723436237
-0.020229052575848137
-0.4058845144178427
-0.46981783842404695
0.0850122692840698
-0.3997113728224359
-0.017399419114322738
0.1961448176290295
-0.11022179922733061
0.26093049902131726
0.1490537926595257
-0.1614112379488656
-0.5625379861435351
0.07289322140169409
0.1328219554880024
-0.5678093636737519
-0.09663909057671537
-0.4173025308069153
-0.031050728764236195
0.06676758758540839
0.07415154270242837
0.6380249187582797
0.42669308419709545
-0.17484241307914875
-0.3446156158856849
-0.15689666688543633
0.24614859806207076
0.13072145719805997
0.1755907235849076
-0.0842453942763883
-0.01844804028708344
0.4269039509097748
0.31945137764920845
0.07080110615465483
0.09007293072972607
-0.36578509044434154
0.3594941082290235
0.214515902079521
-0.029810545321026456
-0.6592178428392237
-0.3402120725411043
0.20031648278911002
0.07059504921879009
0.012393881258676114
-0.04602132036265648
0.23981713088075685
0.01415280658491913
0.08390346269871758
0.13860679933330233
-0.26283834151320135
0.12522154528739635
-0.26934039618685934
0.12272368701315917
0.04863569573611258
0.33002500891959907
-0.4366284425496718
0.48590618486440823
0.39793363858354275
0.1432288039568167
-0.11847308291629695
0.3628183557312105
-0.46371531918232206
-0.029533399122477995
-0.031381977806891836
-0.020499219483795232
-0.04841430888215765
0.3740035907628241
-0.1554572694850849
-0.06702197391636441
0.04772445919831765
0.15018479697103715
-0.18227304047532714
0.12026730788675062
0.19628631557432794
-0.40013054508070256
0.07211694384403626
-0.31357928582198985
0.06257602354862744
0.48097916710195476
0.44291275923483936
0.11068953838227012
0.3823741410973806
-0.29829095713040304
-0.23764705326412944
0.32824083523530834
-0.03642791910756776
-0.10270520396251913
-0.058401723788839364
-0.4259887959715542
-0.3197392630749486
0.2457960480928421
-0.08063900812279819
0.31212751237889563
-0.17056505659121118
0.3789681304299612
0.005525052661167015
-0.527905237752753
-0.03463622367000212
0.548242103795175
0.19293776943137414
-0.19092345678226474
-0.0974252757994273
-0.12286921826472758
0.43071376377357407
-0.02612469047944559
-0.09140156840270788
-0.5942611100323851
-0.2885863574786595
0.14988399136323965
-0.08832313199416798
0.0040889686292975855
0.23243908032208885
0.42514693896261146
-0.523095042030811
0.09196068134360996
-0.11027993908883993
-0.5114801238373787
0.611700688644
0.1872986304026798
0.3590455815452501
-0.10587631124502726
0.20602554662626996
-0.33306103234128936
-0.2476306970362519
0.09298210173733275
-0.3865150999415016
0.13777822634529432
0.02310742631090823
-0.09287926135414018
-0.5586185831430756
-0.011090763489008884
-0.28187252251633604
-0.2271419721838683
-0.36662186193505375
0.30747249932503223
-0.612655714794566
0.2505929594390695
0.19280624347786376
0.02605574179603583
0.24653698197917892
-0.11031277816341861
0.11261674986202483
0.17109298353316568
-0.08466201177891515
-0.24079908631604763
0.1455144939460829
0.008380402699491373
0.038416891122657795
-0.5256319753768613
-0.25464028705034397
0.14187699426590514
0.26672380671840346
-0.38759371139537496
0.2886814923843153
0.4796904615451991
-0.2054314031054416
0.10852231876836883
-0.058369669511650846
-0.4503376862112317
-0.15907643450466658
0.15660683652643717
-0.21528486486524445
-0.28712643200399157
-0.07388452528767249
-0.14830788063371406
-0.09198092324659234
-0.04153876240847303
0.24531691057174118
-0.1388663407345078
0.32361820740170955
0.2452496544084161
-0.09175926052440082
0.2144506380948455
-0.10590060479538006
-0.021490524009835737
0.29228055961666866
0.06924775661202405
-0.5343025535846375
-0.14499507799694317
-0.025342868211041123
0.04396464850327794
-0.504971271040181
0.3221907573398562
-0.20631580657360896
0.06642578599881191
0.31886706828720573
-0.3593793878292631
0.022139506458406972
-0.24653900419956853
0.053864100933141285
0.3738819488983752
-0.3913104601873336
0.10731656942843618
0.004494980104379889
0.010177312462975305
-0.2146943740801275
-0.30894173864865815
-0.2263066525238917
-0.12509958362091686
-0.3344037717888462
0.030945599780170426
-0.2915240312433518
-0.5888591938540468
-0.32055376882658854
-0.4077056126470518
-0.054757631054556534
-0.08997927595769442
-0.3142107088210275
0.1904221887300877
0.12139804808088484
-0.13391836279871172
0.19302085492201812
0.5003234032039242
0.10957670557655064
-0.16490243987662281
-0.3402020499940682
-0.44832473184123156
-0.062117653500624856
0.07993018137330446
0.07041717621460333
0.46979151935001007
-0.21459303934393364
0.058482483187626465
-0.6446213893449613
0.08266017913841713
-0.27121843242548704
-0.014103155946847596
0.6510700076976053
0.012735962001126982
-0.13299847562972977
0.021164955547560326
-0.05658119266314883
-0.050221748123754094
0.2560459756563177
-0.15840642921839296
0.43617918920451
-0.00035270867202867275
0.1399515694092429
0.3005370828440152
-0.005472282141527267
0.1982151218618095
-0.04575135708704303
0.39761884117563673
0.3427193264907274
0.41049358398893115
0.18411763573882992
-0.13658444682807916
0.23698701768911176
0.1497314326217301
-0.22967425541735048
0.0665455645721544
0.1533638734920277
0.1840008187364069
-0.1282360825809288
0.22091034620502073
-0.05220748976744356
-0.263201761849127
-0.12261304050442008
0.3995001132901877
-0.17573070766929774
0.254842293980808
0.40890499319105134
0.011024009010824997
0.21117839093216303
0.20545313928456596
-0.10400569848505191
0.1994316943046032
0.27075159436769136
0.26601599160974393
0.12806439655048524
-0.14095586684842554
0.07810681121477417
-0.10726080881878094
0.05913125251440797
-0.2006290226934478
