0.08135697780082836
0.09963149386191862
0.002876504051732742
0.18362003126578538
-0.10795849409084578
-0.3261375943224077
0.46922790485408283
-0.240902651184139
-0.27961677244753963
-0.3111677241169942
0.4564696780576791
-0.14142451815408175
-0.18815279482822025
0.12369598743004014
0.18958884898399375
-0.0889867855710874
-0.09379757502515747
-0.3228522856548432
0.2387119477845125
-0.039999018329076444
0.02291321818253656
0.15567097619846434
0.49056678363639344
0.042839970675664266
-0.16813387869981644
0.164903596317063
-0.3013889314954086
-0.40693802438432086
-0.011659758576296222
0.1471186321290531
-0.16153933306304652
0.1574829043598217
0.063517403402415
-0.03472429236732462
-0.028501651733624206
0.28181246130387694
0.11831667376182077
0.2507640644013427
0.05931308883558285
-0.13043597622100334
0.15305928593652462
0.47804359632622445
0.319255640934932
0.14004890194575464
0.12178811436843355
0.21597288457523522
0.08227716684654755
-0.16619559951321167
-0.12818585367728422
-0.047090377652992614
-0.31776978753238483
-0.298238086380345
-0.24708524403010187
0.34286952421494726
0.2514546832774276
0.05695422057071394
-0.1647528172287031
0.1584247636368217
0.18508015314279733
-0.03916131320454067
-0.0778972567150635
0.02490930401556864
0.24522207117561076
-0.2503798859399683
0.19859944779039784
0.18830765342688965
-0.024869662094554514
0.07332313230588415
-0.09515780199236085
0.2998444836143221
0.025004810261511693
0.17215465657738896
-0.39759464483325097
0.13678464236033228
-0.28892648980961655
0.10166068358702587
0.4168323021454129
0.03119456374461081
-0.33401215023180025
0.4435455950021192
-0.05699488631375774
-0.17808842506063
-0.28042370534222394
-0.1808150835747462
0.42275039356978134
-0.14145467042578386
0.020813090282984427
-0.06032062106026725
-0.14282389766796208
-0.23156673005669512
-0.07895759171490575
-0.16820370484741953
-0.5406650832222568
0.3580612366974386
0.006786755600000588
0.05327072599423322
0.33887105975540077
-0.0029632719613670766
0.20121229370023258
0.16590441250435253
-0.18491618978788552
0.26881390117705317
0.11415420038504492
-0.045633816549214584
-0.10554414217463419
0.32213969632408024
0.33777434490855107
0.15082914249296994
-0.1958724062819175
-0.035506266579689943
0.4955411327181592
0.1529301338434116
-0.11768895091145924
-0.17674422138866616
-0.22354669039990493
-0.10038072878085451
0.09475191588196892
0.26459740145068594
-0.44778627625401585
0.4372678536931303
-0.15372499365512649
0.12027663668262624
-0.006089592286928631
-0.22899371380725944
0.20228674469247304
0.2586898259908915
-0.02282910624001286
-0.07771024987825281
-0.10489626277325223
-0.10194396771907956
0.11954507297272363
-0.18151471038832603
-0.24891988416460437
-0.5703949939662637
-0.04691811575611504
0.26000170406832374
0.13255703515662384
-0.5409202414213801
-0.22116603828734022
-0.08893356049314123
-0.07280249073511788
-0.20633684280060743
0.209010057012756
-0.26695219569576767
0.09157580713747171
0.21444685201097213
0.04780290134080436
-0.1252244392541041
0.1367208593866987
0.39983401703005234
-0.004146674049110034
0.445694961966079
-0.1003973323312087
0.31962937432326183
0.04307695587811183
-0.09158627667479578
0.4215699975484733
-0.18959262995692672
-0.5205275770773008
0.07369009085637966
0.2868691011591594
-0.11719534182244201
0.15811371124383594
0.27569006739475327
-0.10210456709258399
-0.5588426712516843
0.48652665162526015
-0.3804162119607941
-0.24185130850443695
0.38914966564217607
0.11259536768263582
-0.48584178995398936
0.24026679600037168
-0.30816397969931836
0.013848207010715615
0.5192532240827094
0.05723193389074554
0.059869452410019675
0.37214923742505773
0.216401562756324
0.16006048161499084
-0.021437875218246003
-0.6618885020049607
-0.08417797942490929
0.38042520508894206
0.20930646785559406
0.3058102513239441
0.09492911103500165
-0.2185204897838136
-0.29143156287987076
0.15122863315499901
-0.0928200380006287
0.014842171168543587
0.478805559716213
-0.016905716257669602
0.2742272813316666
0.24377018352060997
0.40373974303819815
-0.4735474297420856
-0.1773177221725257
-0.09825405525765449
0.30228785711227774
-0.5849115509419361
0.12477732299000446
0.19282779783573176
0.15600306297936437
0.2950843635577534
0.5704933719610995
-0.1291765887859349
-0.25476051146318285
-0.043596346797674414
0.4820748438128915
-0.22987480737609184
-0.06323638314001802
-0.5927490679717119
-0.3487900657931855
-0.044937237003647795
-0.1596205272532326
0.050706836094298637
0.003177615231003776
-0.46027322593545456
0.0040435710815520986
-0.14126187878819182
-0.5503565465185287
-0.5262192075301847
0.4561925657028576
0.07317747665512285
0.03902708521847159
-0.1868906754401581
0.18627080114137667
0.5325656841646738
0.4297490723341045
0.5018794185997606
0.46850519341466057
-0.03633784933003667
-0.2532493888339022
-0.04372706131657016
-0.18444461468004245
-0.15467438531758254
0.17686608188433509
0.3727246851105039
-0.07401297842465265
-0.06638240181742684
0.3900102774816302
-0.4114138869933811
0.1708068311871193
-0.0474359111679474
0.2778987256771657
0.46530692977461724
0.14697263328862617
0.17582137586370536
-0.40835908664781706
-0.22015322490913072
-0.035754416961354715
-0.09336343899350748
0.600703917865165
0.06970787185708169
-0.539784875547501
-0.037551999645864524
-0.1470528347826835
0.1276617143750409
-0.15230336105207518
-0.5074719708917811
-0.19750750505336595
-0.10672363218939154
0.2537900964008121
0.06915065973938184
0.028731751226210755
0.605899487689032
0.03616596448414793
-0.04623107068894876
-0.6100962474267971
-0.22560363245498233
-0.16491633433472813
-0.1411957479528764
0.15719032010217318
0.20557745454372253
0.049370180752481334
0.5510309289191317
0.1750220577319254
0.4775192725384979
0.4090122555732656
0.05830651841421794
-0.16181652210607428
0.24223119325486442
-0.11614268088694296
0.3439391324643785
-0.5132384645573109
0.34038365416900035
-0.4474821946298415
0.031496183523537676
0.017510795785211745
0.029539560277700695
-0.1694022805909228
0.003819650075192584
-0.28471276904835163
0.06140552622425674
-0.7577410563028576
0.37266277784148094
-0.10417668731722153
0.23258547110570313
-0.0593145611521542
0.20893227150971794
0.3124000127004343
-0.061271599374604
0.2625960544162423
-0.13572471435751263
0.0442821790415047
-0.12213276797376936
0.6334719798801058
0.11942697684492518
-0.1502204945282233
0.37655640648502126
0.40179009580608316
-0.15574131541157527
0.21755699306849346
-0.2549590379562731
-0.09884216879892713
-0.4307019875139227
-0.26094582001128996
-0.3428540007808087
-0.04005659081686289
-0.08113289042696877
-0.35572463297832624
-0.04581252163316605
-0.39702398616458023
0.2026694550230265
-0.26365378942382905
-0.1182328660736568
-0.11931174456744974
0.22797957823802473
-0.17425888573731996
-0.02922466766102109
-0.23503853860084808
0.15790269962349737
0.05914849021651197
