-0.159352868795086
0.206238139065704
-0.148540471811792
0.327222045321505
-0.291794160481267
0.035901196628124
-0.261741711619755
0.112133849917921
-0.846590054382734
-0.017272336073195
0.081731459568767
0.110103026017433
-0.093446019720012
-0.144563376394460
0.278456843276034
-0.082883783036204
0.635305164672551
0.367995509673100
-0.053967750354000
-0.132735741200838
0.263867513761830
-0.117318856791353
-0.067182888084511
0.036211845137394
0.305401813221905
-0.281942230485317
-0.422688530237141
-0.371691808368942
0.260107981106456
0.166312842106065
-0.198198797173214
-0.392264472548715
-0.103726914574333
0.223323391351522
0.130752794641255
0.294507420012676
-0.172605288324352
0.069819602082388
-0.031035231243050
-0.151318082036517
-0.118453326236530
-0.602253432817308
0.101721162387022
0.338356172828464
-0.047970934055609
-0.462896085496891
-0.095248224231247
-0.329071142251785
-0.056738073630178
0.105720809882471
0.039369595392911
0.264209718495006
-0.172439554701897
-0.161602761713067
-0.017062815727030
0.132995609881367
0.130909328111182
0.050579500150153
-0.204584307837836
-0.232754494962199
-0.530146212905853
0.282457624446188
0.226045761662362
-0.344675059317277
0.307844375333152
0.115089610262345
-0.175919847971698
-0.168863140857695
-0.025027380511352
0.247561266107782
0.152223855594323
0.118433851821044
0.593150496341021
-0.270259480126102
-0.079284199086453
0.278193432176513
0.054993681085666
-0.014920020810461
0.027440906365955
-0.244988642804489
0.222474768023150
-0.437405729904459
0.314509851302869
0.069755203407617
-0.427160731965575
-0.355570099767305
-0.223014238402550
0.159734835962379
-0.377935218182235
0.048436330448888
0.160165589592120
0.056909972495420
0.201369523548051
-0.021649265522364
0.459539281407979
0.197366774287427
0.205645630653351
0.407883335547281
-0.044062540446207
0.024162409684892
-0.123974536498627
0.478075323832487
-0.004546276453995
0.069420802625555
-0.358481590758865
-0.225305969608591
-0.243127017254301
0.135306519654654
-0.535450470415470
-0.084808804159516
0.068609096265044
0.099966412090090
0.421485588710235
0.235364702366278
0.067688096336726
0.372415525945720
-0.044795588213188
-0.368559811258132
-0.163966045584942
-0.146587400891117
0.445631260326806
-0.031300467565157
-0.049354731960362
0.364499842783918
0.576038937197546
-0.230838017243653
-0.138456402512278
-0.075979797659874
0.325414829584179
0.068614950055202
-0.011596752069332
0.132828625217650
-0.167097696477948
0.252899983035082
0.453981170134028
-0.433663766953521
0.072176539170173
0.340011105639643
-0.055243680292611
-0.412669989853434
0.206621157769725
-0.322629647276033
0.221473749143249
-0.043841419330259
0.247251706819566
0.656789617963864
0.062056358522283
-0.377611211503619
0.371154322019614
0.285732906245559
0.309259935285707
0.092119695066399
-0.091145130068653
-0.115959306784700
0.125087650001964
-0.060584857858570
-0.252790312120866
0.062918000588804
-0.350408157026277
-0.168703024925198
0.339589984540109
0.249667781720060
0.172165446825221
-0.015350435650250
-0.476809981953783
-0.032322291309604
0.457640057627495
-0.231295781790972
0.197822884580138
0.396202790452338
0.291474620741826
-0.189964490824918
0.144225932733674
0.082436784166385
-0.189774870983235
-0.267734874709435
0.160663682860813
0.098802058459794
0.430272309384353
-0.363279127683880
0.402247037487670
0.248650779198082
0.063221408157883
0.411514396574824
-0.057324398688043
-0.127126825073849
0.078164437464309
-0.127679130891398
0.082337771323246
-0.135118565855262
-0.273389035600267
0.344302281630959
0.023498690688917
0.213309735299393
-0.061969156899165
-0.158004103896135
-0.030264906287905
-0.290446207957371
0.237903942711073
-0.519392405006490
0.240932356277350
-0.111588404978895
-0.093205535115927
0.011876598232591
0.345994711521832
-0.145178307065079
0.122374714239524
0.458914181140222
-0.488511716549852
0.169260643623723
0.359445024512420
-0.096091440300944
-0.295968008065265
0.088187641046610
0.112018339077966
0.281268012992587
-0.390549697220260
-0.147115471301617
-0.150747718689278
-0.444316789638983
-0.050922944349200
0.475771428113045
0.215048448992940
-0.145024065044507
-0.772505154849101
0.284090681416533
-0.298194241789057
0.250923380136898
0.050924229559035
-0.064868352024698
0.086494433922944
0.058697107093890
-0.257817219643423
0.301571426708151
-0.353954708315267
-0.274660705673541
-0.159462929361997
-0.292112659524946
0.197156420898665
0.040206853309442
-0.478460951898032
-0.066938886868374
0.014877875488160
-0.038939472696051
0.613334530279620
0.134832766510687
-0.214555431815245
-0.463074513475902
0.259287160690300
0.056150122664741
-0.295478121396669
-0.122023957719037
-0.097927485468326
-0.185978860426336
-0.476246002158806
-0.165585269697734
0.235480755885869
0.190298591657800
-0.452031546660385
-0.204173457559635
-0.062957899775772
-0.301375349679190
-0.333813308964173
-0.211092524145647
-0.366894996650994
0.133932836373670
-0.409965154737903
0.213706422780914
0.195448879104196
0.074335465774887
0.137118262293704
0.403896301613501
-0.239900842811597
0.354438434622473
0.245326219094894
-0.365382355751591
-0.345982054486349
0.131304337901526
-0.347546307057500
0.207728986458353
-0.191170436904000
0.286191998726868
0.061174775006512
-0.159509313585282
-0.640597050196104
-0.068057683689683
-0.024174134587843
-0.395120686119067
0.104912094089675
-0.109724901383739
-0.355717199415299
-0.163231819464002
0.334582167980949
0.121076305239156
0.262914287834946
0.003087669118649
-0.119556011975293
-0.096384282678107
0.308197047726051
0.131380078128720
0.231471273745530
0.534189195389576
-0.262405460175116
-0.007575332555766
0.415204514964967
0.018271639852026
0.328601211353396
0.428689862167789
0.047354853858206
-0.188604782667827
-0.124613573369160
-0.154926876977395
-0.234635709655547
-0.031041009445795
-0.338157443883184
-0.188143130512589
-0.005118169574538
0.203417111640021
0.093124508907154
0.468765059753662
0.007502857849003
-0.024827666439568
0.101194363641446
0.364424768200106
0.428402691542319
0.077527078111803
0.291931533560393
-0.291668930745452
-0.096173784386687
-0.471849126720279
-0.405512793906288
0.010407680161446
-0.057650686519115
0.451187562984136
-0.139126961948505
0.181141709669927
-0.217578986633470
0.175945126973564
-0.064908820068782
-0.073468909857966
-0.111354899679679
0.299457021554857
-0.475901472134866
-0.423128709029945
-0.267747699159216
0.232433131439250
-0.335351465037530
0.293751880251913
-0.311170592226587
0.137492701725809
