0.116972999825606
-0.216977550392767
-0.353698849289204
0.557711247171465
-0.037713846355849
0.012469229943228
-0.078352099353711
0.184365135013916
-0.080056573722948
-0.212441508228716
-0.462393732908326
0.415700505467843
-0.415997347070522
-0.033301764213420
-0.600116767948834
0.234128436184186
-0.339112562487826
-0.066281785814957
0.071860571111908
-0.020206204017055
-0.001787825658859
0.218800214044862
-0.135337365817721
-0.066291513729607
0.246780324134845
0.108279984990477
0.360463260284101
0.284578016591138
0.177824322221071
0.182684005903208
-0.048646502026389
0.114007817509681
0.239283223229681
-0.030076075902296
0.160516942841290
-0.331841574754131
-0.551822312611028
-0.230876463597957
-0.207225001700961
0.268127488719544
0.168995502173265
0.141266262173332
0.105175813715142
0.130733123813541
0.113980350271845
0.203826671103320
0.132029776773863
0.669451741610145
-0.100559562941557
-0.199863518684282
-0.320458781972200
0.044299951168184
0.188696520688039
-0.011778578592751
0.057128134779618
0.115957738378016
-0.403988267862555
0.127324571049697
0.433764283313070
0.341949128635389
-0.218951427092965
-0.297946735500430
-0.083536909581386
0.080109166775556
0.333785094725852
0.534766333794934
-0.139263180293548
0.049131270891866
-0.008165939955528
-0.208462867239471
0.143640314644905
-0.323438729254976
-0.112246859279282
0.015446834166943
-0.348417028302276
0.324557591938126
0.078914890347871
0.519388886471231
0.321757142674489
0.228695880299521
-0.123288914333968
0.041572504105428
0.086814201940503
-0.001627924588786
-0.034267774347610
-0.576190908260536
0.255730212543731
-0.130564842168475
0.272487708199130
-0.255381184497295
-0.120162592134638
0.429446918816676
-0.224177716023787
0.391346697745980
0.144010301878659
-0.512938735816466
0.065170601042273
0.140408149807005
-0.281834670789397
0.257877273013371
0.402676875848806
-0.210909758123652
0.108795444894550
-0.302931695692679
-0.119337492093874
-0.303698204256617
0.233196370985071
0.281684587129382
0.271117390072864
0.183601644401248
0.386506094709118
0.311798232566386
0.288074757869388
0.034153256173894
0.367673638925765
-0.272110729731233
-0.297590633708658
0.246274041342559
0.383668952914319
0.235604052522943
0.263203406087729
-0.053834044611345
0.040248142838464
-0.024128896660388
0.121126519583047
-0.333180190796657
0.251821142805028
0.300721585608562
-0.246133069750240
-0.318279219387520
0.005578078766213
0.008326020119340
-0.523006567547526
-0.343726142904614
-0.196016069592087
0.006802403754474
-0.281858083161322
-0.455518285555815
-0.051244776821259
0.255250814183566
0.397875625414560
0.181825737720955
-0.272008952313934
-0.275063148539569
-0.155576154538303
0.022137049035055
-0.137701695757519
-0.217187131077889
-0.292570323459727
0.190936737110373
-0.007139218258578
-0.316312391121084
0.582834628659931
-0.116041283056248
0.081976365894126
0.133027763668345
0.563467665433592
0.181406811468343
0.079343142997501
-0.157927963654936
0.265165794282413
-0.066014902220709
0.035335870622984
0.033376340004656
-0.147147882894496
0.431122453844103
0.263421718327585
-0.396633111166637
-0.154405729532489
0.368592477056019
-0.185380508589000
0.562320599820752
0.242571598128725
-0.163763761641561
0.308463441082149
-0.066806495418136
-0.055813888097255
0.163537449783411
0.127257571102969
0.341255628731586
-0.163554517625871
0.246008715820721
-0.023480147409368
-0.012603881867983
-0.085814638588803
0.204503852686975
-0.574720941511848
-0.312191497806863
0.133088828668009
0.033028639596825
0.352904441160393
-0.147031890922752
0.284792000408569
-0.175194850266487
-0.212306424877096
0.222636077836959
-0.103767013924837
0.225268793407852
-0.185378455372586
0.202051655749258
-0.419400646411951
-0.237462810655080
-0.301808800272947
-0.193010745782151
-0.001552629279462
0.068309822738159
0.484447429837404
0.389441642568607
0.262740038937956
-0.385439985020176
0.697915187197765
0.066171895528255
-0.158672182120994
0.243482684548500
0.051919877878054
-0.016410724809179
0.506778143431975
-0.017914575642420
-0.079707775945770
0.058183167726479
0.043348671528863
0.464776334757464
0.263680482608469
0.266900893310036
0.307587990072011
-0.230512821158381
0.426161143808462
0.195698324220653
0.007492433734289
-0.197889957277153
0.186349364750966
-0.075576855015764
0.472860395546172
-0.238277794365783
-0.250583469021760
0.099671660938688
-0.241002284645048
0.621328887508525
-0.159642741859270
0.117393812165644
0.060680505210474
0.337336949583138
-0.229161264914380
-0.305282291856065
0.263350064765836
-0.073117848041925
0.216193312850447
-0.605198275080066
-0.051562109960449
0.082383984463893
-0.165484212846072
0.275103468270575
0.360726436738623
-0.513127553959539
-0.368704422224421
0.022419962792877
-0.084784959898814
-0.090502999387865
0.289324961749153
0.102338127459467
0.350208297828806
-0.016680358047968
-0.014964836555589
-0.090160275198819
0.629676010668851
-0.108148306858238
-0.143648744770036
0.183158726682197
-0.013369511848118
0.377485378904581
-0.140805356881804
0.175590483842399
-0.427740909298357
-0.049772329437896
0.210392890318206
-0.139858589425544
0.300426511218504
-0.319294648178106
0.074437311469619
0.200777826845422
0.187489979595843
-0.198966580799265
-0.065727949390118
0.069723077683202
0.081295382866124
-0.534298310983313
-0.391900691340764
-0.115552455656178
0.040223714434438
-0.190974790391471
0.180707765092707
0.277080495854701
0.316927460981765
0.398632341525987
0.563242566500191
0.032256196711582
0.016233798841432
-0.198248528552827
0.008379199852223
-0.121853768448843
-0.193489438257487
-0.237036997949502
-0.190822574066778
0.573407672669372
-0.339827730648432
-0.364411889701504
0.180596642282300
0.205289044603362
0.066051144905919
-0.341814711012805
0.031264049948665
0.281555281129422
0.006693682547522
-0.200261339421409
0.411136116369175
0.006856059941408
0.565093403698009
0.266636402064276
0.264131364640493
-0.149936408476413
0.072094875411746
-0.027338010824443
-0.465406567250169
0.345872627168674
-0.139940701920256
-0.371815532236850
-0.123402318950109
-0.248381382168550
0.210587881188590
0.135106732676030
0.091523812124384
-0.107778582717722
0.199921143309941
-0.309113901139276
-0.286569841831757
-0.348741215564928
-0.306394187278640
-0.359443147652607
-0.358321912669558
0.254895463104335
-0.043650811141820
0.193841491894392
-0.260205287981392
-0.030727343826174
0.199025918038015
-0.095045138072022
-0.467402880571343
0.090259412479999
0.404470283393198
0.345331788595125
0.061802132854728
-0.005785231581220
0.417037460723035
0.104005811125697
0.099483926385846
-0.330489319987517
0.034758525699080
0.124842491328694
0.133505454153041
-0.421592963883937
-0.181336744107905
-0.649720945558716
0.233838964509326
0.157816280002327
