0.039793757022045
-0.070572658267765
-0.393490001931457
0.101140701669144
-0.157373094113554
-0.326058697186642
-0.310109486738673
0.054423819944665
0.220165928431225
-0.007970362292047
-0.346912312693825
-0.400604093164005
0.184978526270070
-0.363525178494455
-0.007257311008960
0.230150352659621
-0.624731684038526
0.286622367204517
0.114382602686371
0.220401324662075
-0.001574896071384
-0.221932914400672
-0.346828840167627
-0.055631295112279
-0.377919770052957
0.015401187515011
-0.058621358649098
-0.346190204157011
0.178537054801524
0.344994061313999
0.006109411188573
-0.202036270271354
0.501099692430345
-0.296114554233253
-0.151844078723931
-0.109357113883160
-0.414259193539066
0.220124961061064
0.150182556130356
0.179735992753697
0.470291292436465
0.188853068804213
0.017579868484246
0.277660702332952
0.423489427667562
0.044743534031402
0.154767186795547
-0.381129447816484
-0.392295132757496
0.047156345958551
-0.058919696895864
0.416260558883600
0.589445366677869
-0.089719190261979
0.180592440616952
0.024647685217180
0.101743284393091
0.320021622779432
-0.265277906342565
0.195881440478255
0.123053839415813
0.285368496790633
-0.194831668564683
0.093249632740739
0.306975418468171
0.021406736349865
-0.138150260975738
-0.026673782908612
0.682788436517667
0.285865718637365
0.060441616630797
0.195484857360066
-0.055084516261156
-0.398916241930489
0.413942212293491
0.226867615330988
0.211315653015399
0.257345655543104
0.353332860710644
-0.331601427230307
0.294566307844572
0.075507979443712
0.358182687233806
-0.217911652356355
-0.041332690869103
-0.213931585693153
0.166152578533718
0.100226848431557
0.397414134204681
0.106031088750149
0.034837297637408
0.148714168668247
0.413632132511248
-0.064261792760720
0.563557914746345
0.113659617997228
-0.139924149368865
-0.008943169100679
-0.062384585719992
0.038131712658317
-0.319593484802382
0.272653202627775
-0.408555236793117
-0.351921457754549
0.603756659352908
0.426939433365986
-0.148609548390395
-0.086976794264454
-0.085829034007506
-0.059845978673841
-0.119157477453822
-0.203978879253589
-0.058459579342773
0.034516221067543
-0.429398298500529
0.066607315979917
-0.287267036313331
-0.020880488996883
-0.471345034942402
-0.280791012357401
0.521437563493636
0.231515926755643
0.314166258950584
0.062810942966954
0.217097265542966
-0.372487508976908
-0.190563364585110
0.075504763605212
-0.132719044627396
0.346418588909096
0.101835461871993
0.201852075070751
-0.159439386818463
0.025412267548887
-0.454280169701341
0.350679273969524
0.332464182122798
-0.065730319834807
0.087240088433791
0.426886292340798
0.162913450005556
-0.091550576974549
0.074457522349048
-0.214532350062189
-0.135669833854568
-0.511116202038915
0.018722679099772
-0.254165700127788
-0.524746964809192
0.199432849244799
0.239046603732219
0.305398158184411
0.144976785228814
0.153013732345701
-0.298400133987392
0.416702701912873
-0.371750423515420
0.035409060294954
-0.031285485483999
0.199447280722021
0.438913574691330
-0.046440838502040
0.405977309389236
-0.021961233212565
0.398553318717855
-0.404048155963242
-0.442173938186827
-0.072579818954839
-0.009674956297525
0.244352304760457
-0.119750852905325
0.686295212127680
-0.242570383842424
0.325558499700346
0.124228914311989
-0.446351000284019
-0.229480720475970
-0.184426364830726
0.315012425977692
0.159987622001632
0.221166802781664
-0.291284739001380
-0.491990512859783
-0.099490762603897
-0.343338628516864
-0.004487704321178
0.012885961530748
0.079939479028456
-0.379196725013649
0.182763264281529
0.006311196927314
-0.368321453144393
-0.462943054026133
-0.170255341296841
0.437472457900179
0.022373645689878
0.060089623265919
-0.641365710877824
-0.323262496019882
0.152085163130496
-0.189412250010367
-0.060860599952366
-0.127130115533579
-0.310067515091468
-0.098878498872516
0.056447254020935
0.101990611077179
-0.188764186982877
0.371593521386245
0.024721761308693
0.031200130047547
0.350653204499605
0.251439995152072
0.379293197806916
0.172670297620634
-0.388023299450242
0.299549734641100
-0.381626984527192
0.314224209650124
0.233080604233443
0.097553178333269
-0.418901479940812
-0.067127462286039
0.114447963524465
-0.020864423513359
0.423521911668949
0.137157395586601
-0.319730770632327
-0.153132252668684
-0.291999685028472
0.057568486402525
0.291127060867640
-0.191966224990733
0.035874955036895
0.077825845412942
0.559694497898322
0.021247999128752
0.344030152247516
-0.384469206481063
0.239640759139828
0.009852070349382
0.074701708319621
-0.206224202080628
-0.364316295430680
0.245417655752636
0.267001705902370
-0.313853045590492
0.153916412660800
0.307211937310563
0.014787527099803
-0.410020124445092
0.008824966439748
0.279969263409539
0.231635194927899
-0.204302081977365
0.003649296403714
0.491902069808508
0.010182113341659
0.047755233970872
0.463979214757451
0.215788548229617
-0.122431005881181
-0.019254624002059
0.050575156053315
0.126659908923393
0.369477068461361
0.517207167837631
-0.160303515799063
-0.055070826574099
0.108657232846350
0.271714670823266
-0.392748871613372
0.328383240988728
-0.102447507268824
0.298256199487472
0.314917734428027
-0.163022341624344
0.092399965199333
0.126578087004599
-0.281308772293693
0.176359232430875
-0.011423008114484
-0.401028692964685
0.318049113336263
0.404471993362412
-0.034787072534306
-0.265466731282036
0.080213011903487
-0.199997966551473
-0.181849650972927
-0.168491011348239
0.137643638041321
0.363445522458068
-0.414473469566913
-0.058642477697745
0.184382569427909
0.814796028135344
-0.070909209340904
-0.164040178656708
0.049945053166281
-0.093371931388247
-0.270952240276262
0.047953348524943
-0.341414340606459
0.114462481375743
0.294806403075923
-0.384462267834103
-0.111292832893140
-0.193004255817696
0.098556761488462
0.065131745974224
-0.237878421883528
0.199389519645975
-0.072069482843656
-0.100715525310333
0.736629736218156
0.096140765449191
-0.335991172411788
0.208167957178769
-0.062053572069326
0.060324828959597
-0.075754838623212
0.371035855564737
0.198968288677285
0.425596225755854
-0.093162396598920
-0.011716521073235
0.336062334986785
-0.145961133309184
-0.053956217598836
-0.247933609669672
0.044247769002546
-0.227674427259290
-0.227965251816590
0.062503798089838
0.364808294346128
-0.116234455724851
0.098349010205849
-0.009157222364906
-0.346980875579169
0.649913993622439
0.281343044583892
0.314044812950314
-0.271047807900139
0.200900492429421
0.220222534509388
0.122977327511971
0.419474046214174
0.106375732899772
0.024260299110714
-0.503859688464282
-0.003014629025284
-0.111113353661310
0.037707060648035
0.564063242222131
-0.172885064373202
0.133434527564405
-0.120435892584057
0.078659213343413
-0.163680971514412
-0.346729825890816
-0.386067442956524
0.067854126521508
0.322593881626303
0.241075004425031
-0.405878853654246
-0.088972523571587
-0.068592916745443
-0.038096376505706
-0.216646978442072
-0.283897458478851
0.494065121639757
-0.129267437868556
-0.027469983010708
-0.157785419379089
-0.078563310378665
-0.130410940165076
0.004199355303406
0.032659672495975
-0.133831982372534
0.461285760527458
0.130041641207364
0.126997108653443
-0.067021453837682
-0.072816443986022
-0.184468773169128
-0.135693997401369
-0.008676296083767
0.126265484189456
0.372214703011338
-0.200538378662492
-0.456384280642685
-0.466865508916564
-0.110017827080907
-0.320895320718426
0.071620815392184
-0.123360139136556
0.041128091925906
0.353155670910652
0.012648262261262
0.183799593694314
-0.129673875556054
-0.132592831249440
0.111484453247280
-0.047131897501375
0.559216004834859
-0.359796026327566
-0.015557246536350
-0.163228010468395
-0.460002343910527
0.118487167305226
-0.075400362724518
-0.118332044484251
-0.164807262582837
0.149581176828476
-0.304110239643600
-0.264937658086798
0.267621832956263
-0.616135719333279
0.206669638559532
