0.333333333333333
0.333333333333333
0.333333333333333
0.333333333333333
0.333333333333333
0.333333333333333
0.333333333333333
0.333333333333333
0.333333333333333
0.333333333333333
0.182316052707476
0.081828495713600
-0.027526448490777
-0.133898474884323
-0.293157917068830
-0.328787101134241
0.081828495713600
0.182316052707476
0.333333333333333
-0.133898474884323
-0.293157917068830
-0.328787101134241
-0.225760523875247
0.182316052707476
0.315272413900212
-0.293157917068830
-0.133898474884323
0.333333333333333
-0.328787101134241
-0.225760523875247
0.081828495713600
0.315272413900212
-0.027526448490777
-0.293157917068830
-0.225760523875247
-0.328787101134241
0.333333333333333
-0.225760523875247
0.182316052707476
0.315272413900212
-0.027526448490777
-0.133898474884323
0.263046836465465
0.182316052707476
-0.225760523875247
0.333333333333333
0.081828495713600
0.315272413900212
-0.133898474884323
-0.293157917068830
0.263046836465465
-0.225760523875247
0.315272413900212
0.081828495713600
0.333333333333333
0.315272413900212
-0.027526448490777
-0.293157917068830
0.263046836465465
-0.328787101134241
0.182316052707476
-0.027526448490777
0.315272413900212
0.333333333333333
0.263046836465465
-0.328787101134241
0.182316052707476
0.081828495713600
0.315272413900212
-0.133898474884323
-0.328787101134241
0.263046836465465
0.333333333333333
-0.027526448490777
-0.133898474884323
0.263046836465465
-0.328787101134241
-0.225760523875247
0.081828495713600
-0.133898474884323
-0.027526448490777
0.333333333333333
-0.293157917068830
0.263046836465465
-0.225760523875247
0.182316052707476
0.081828495713600
-0.027526448490777
0.263046836465465
-0.293157917068830
0.333333333333333
-0.293157917068830
0.263046836465465
-0.225760523875247
0.182316052707476
0.081828495713600
-0.027526448490777
0.263046836465465
-0.293157917068830
0.333333333333333
-0.027526448490777
-0.133898474884323
0.263046836465465
-0.328787101134241
-0.225760523875247
0.081828495713600
-0.133898474884323
-0.027526448490777
0.333333333333333
0.263046836465465
-0.328787101134241
0.182316052707476
0.081828495713600
0.315272413900212
-0.133898474884323
-0.328787101134241
0.263046836465465
0.333333333333333
0.315272413900212
-0.027526448490777
-0.293157917068830
0.263046836465465
-0.328787101134241
0.182316052707476
-0.027526448490777
0.315272413900212
0.333333333333333
0.081828495713600
0.315272413900212
-0.133898474884323
-0.293157917068830
0.263046836465465
-0.225760523875247
0.315272413900212
0.081828495713600
0.333333333333333
-0.225760523875247
0.182316052707476
0.315272413900212
-0.027526448490777
-0.133898474884323
0.263046836465465
0.182316052707476
-0.225760523875247
0.333333333333333
-0.328787101134241
-0.225760523875247
0.081828495713600
0.315272413900212
-0.027526448490777
-0.293157917068830
-0.225760523875247
-0.328787101134241
0.333333333333333
-0.133898474884323
-0.293157917068830
-0.328787101134241
-0.225760523875247
0.182316052707476
0.315272413900212
-0.293157917068830
-0.133898474884323
0.333333333333333
0.182316052707476
0.081828495713600
-0.027526448490777
-0.133898474884323
-0.293157917068830
-0.328787101134241
0.081828495713600
0.182316052707476
0.000000000000000
0.000000000000000
0.000000000000000
0.000000000000000
0.000000000000000
0.000000000000000
0.000000000000000
0.000000000000000
0.000000000000000
0.000000000000000
-0.279055492754176
-0.323133421979777
-0.332194831002223
-0.305257775551686
-0.158649131012358
0.054864863426911
0.323133421979777
0.279055492754176
0.000000000000000
-0.305257775551686
-0.158649131012358
0.054864863426911
0.245241303557711
0.279055492754176
-0.108233156401561
0.158649131012358
0.305257775551686
0.000000000000000
-0.054864863426911
0.245241303557711
0.323133421979777
0.108233156401561
-0.332194831002223
0.158649131012358
-0.245241303557711
0.054864863426911
0.000000000000000
0.245241303557711
0.279055492754176
-0.108233156401561
-0.332194831002223
0.305257775551686
-0.204737570896556
-0.279055492754176
-0.245241303557711
0.000000000000000
0.323133421979777
-0.108233156401561
-0.305257775551686
0.158649131012358
-0.204737570896556
0.245241303557711
0.108233156401561
-0.323133421979777
0.000000000000000
0.108233156401561
-0.332194831002223
0.158649131012358
0.204737570896556
0.054864863426911
-0.279055492754176
0.332194831002223
-0.108233156401561
0.000000000000000
-0.204737570896556
-0.054864863426911
0.279055492754176
-0.323133421979777
0.108233156401561
0.305257775551686
0.054864863426911
0.204737570896556
0.000000000000000
-0.332194831002223
0.305257775551686
-0.204737570896556
0.054864863426911
-0.245241303557711
-0.323133421979777
-0.305257775551686
0.332194831002223
0.000000000000000
-0.158649131012358
0.204737570896556
-0.245241303557711
0.279055492754176
0.323133421979777
0.332194831002223
-0.204737570896556
0.158649131012358
0.000000000000000
0.158649131012358
-0.204737570896556
0.245241303557711
-0.279055492754176
-0.323133421979777
-0.332194831002223
0.204737570896556
-0.158649131012358
0.000000000000000
0.332194831002223
-0.305257775551686
0.204737570896556
-0.054864863426911
0.245241303557711
0.323133421979777
0.305257775551686
-0.332194831002223
0.000000000000000
0.204737570896556
0.054864863426911
-0.279055492754176
0.323133421979777
-0.108233156401561
-0.305257775551686
-0.054864863426911
-0.204737570896556
0.000000000000000
-0.108233156401561
0.332194831002223
-0.158649131012358
-0.204737570896556
-0.054864863426911
0.279055492754176
-0.332194831002223
0.108233156401561
0.000000000000000
-0.323133421979777
0.108233156401561
0.305257775551686
-0.158649131012358
0.204737570896556
-0.245241303557711
-0.108233156401561
0.323133421979777
0.000000000000000
-0.245241303557711
-0.279055492754176
0.108233156401561
0.332194831002223
-0.305257775551686
0.204737570896556
0.279055492754176
0.245241303557711
0.000000000000000
0.054864863426911
-0.245241303557711
-0.323133421979777
-0.108233156401561
0.332194831002223
-0.158649131012358
0.245241303557711
-0.054864863426911
0.000000000000000
0.305257775551686
0.158649131012358
-0.054864863426911
-0.245241303557711
-0.279055492754176
0.108233156401561
-0.158649131012358
-0.305257775551686
0.000000000000000
0.279055492754176
0.323133421979777
0.332194831002223
0.305257775551686
0.158649131012358
-0.054864863426911
-0.323133421979777
-0.279055492754176
