0.333333333333333
0.333333333333333
0.333333333333333
0.333333333333333
0.333333333333333
0.333333333333333
0.333333333333333
0.333333333333333
0.333333333333333
0.333333333333333
0.174769094519077
0.070226423331909
0.014147067732049
-0.097607590425517
-0.276169883081281
-0.150067914939224
0.220224907796694
0.259345251439480
0.333333333333333
-0.150067914939224
-0.303742830129379
-0.332132496180842
-0.276169883081281
0.124285492593436
-0.198211058768096
-0.042339273248960
0.070226423331909
0.333333333333333
-0.332132496180842
-0.198211058768096
-0.042339273248960
0.259345251439480
0.070226423331909
0.328538636782570
-0.276169883081281
-0.150067914939224
0.333333333333333
-0.198211058768096
0.220224907796694
0.328538636782570
0.124285492593436
-0.240652031318175
-0.097607590425517
-0.322577648977833
-0.303742830129379
0.333333333333333
0.124285492593436
0.291004704387063
0.070226423331909
-0.332132496180842
0.328538636782570
-0.240652031318175
-0.150067914939224
-0.322577648977833
0.333333333333333
0.328538636782570
-0.097607590425517
-0.322577648977833
0.070226423331909
-0.303742830129379
0.314292481820361
0.124285492593436
-0.198211058768096
0.333333333333333
0.220224907796694
-0.332132496180842
-0.097607590425517
0.291004704387063
0.174769094519077
-0.042339273248960
0.314292481820361
0.014147067732049
0.333333333333333
-0.097607590425517
-0.042339273248960
0.314292481820361
-0.240652031318175
0.014147067732049
-0.276169883081281
0.291004704387063
0.220224907796694
0.333333333333333
-0.322577648977833
0.314292481820361
0.124285492593436
-0.150067914939224
-0.198211058768096
0.291004704387063
0.070226423331909
0.328538636782570
0.333333333333333
-0.240652031318175
0.174769094519077
-0.303742830129379
0.328538636782570
0.314292481820361
0.014147067732049
-0.198211058768096
0.291004704387063
0.333333333333333
0.070226423331909
-0.240652031318175
-0.150067914939224
-0.042339273248960
-0.322577648977833
-0.303742830129379
-0.332132496180842
0.124285492593436
0.333333333333333
0.314292481820361
-0.276169883081281
0.291004704387063
-0.303742830129379
0.220224907796694
0.259345251439480
-0.240652031318175
-0.097607590425517
0.333333333333333
0.259345251439480
0.124285492593436
0.174769094519077
0.220224907796694
-0.042339273248960
0.070226423331909
0.014147067732049
-0.276169883081281
0.333333333333333
-0.042339273248960
0.328538636782570
-0.276169883081281
0.174769094519077
-0.150067914939224
-0.322577648977833
0.259345251439480
-0.332132496180842
0.333333333333333
-0.303742830129379
0.014147067732049
-0.198211058768096
-0.322577648977833
0.291004704387063
0.220224907796694
0.328538636782570
-0.240652031318175
0.333333333333333
-0.276169883081281
-0.322577648977833
0.259345251439480
0.014147067732049
-0.332132496180842
0.124285492593436
0.174769094519077
-0.042339273248960
0.333333333333333
0.014147067732049
-0.150067914939224
0.220224907796694
0.314292481820361
0.259345251439480
-0.332132496180842
-0.097607590425517
0.174769094519077
0.333333333333333
0.291004704387063
0.259345251439480
-0.240652031318175
-0.198211058768096
-0.097607590425517
0.174769094519077
-0.303742830129379
0.314292481820361
0.333333333333333
0.291004704387063
0.259345251439480
-0.240652031318175
-0.198211058768096
-0.097607590425517
0.174769094519077
-0.303742830129379
0.314292481820361
0.333333333333333
0.014147067732049
-0.150067914939224
0.220224907796694
0.314292481820361
0.259345251439480
-0.332132496180842
-0.097607590425517
0.174769094519077
0.333333333333333
-0.276169883081281
-0.322577648977833
0.259345251439480
0.014147067732049
-0.332132496180842
0.124285492593436
0.174769094519077
-0.042339273248960
0.333333333333333
-0.303742830129379
0.014147067732049
-0.198211058768096
-0.322577648977833
0.291004704387063
0.220224907796694
0.328538636782570
-0.240652031318175
0.333333333333333
-0.042339273248960
0.328538636782570
-0.276169883081281
0.174769094519077
-0.150067914939224
-0.322577648977833
0.259345251439480
-0.332132496180842
0.333333333333333
0.259345251439480
0.124285492593436
0.174769094519077
0.220224907796694
-0.042339273248960
0.070226423331909
0.014147067732049
-0.276169883081281
0.333333333333333
0.314292481820361
-0.276169883081281
0.291004704387063
-0.303742830129379
0.220224907796694
0.259345251439480
-0.240652031318175
-0.097607590425517
0.333333333333333
0.070226423331909
-0.240652031318175
-0.150067914939224
-0.042339273248960
-0.322577648977833
-0.303742830129379
-0.332132496180842
0.124285492593436
0.333333333333333
-0.240652031318175
0.174769094519077
-0.303742830129379
0.328538636782570
0.314292481820361
0.014147067732049
-0.198211058768096
0.291004704387063
0.333333333333333
-0.322577648977833
0.314292481820361
0.124285492593436
-0.150067914939224
-0.198211058768096
0.291004704387063
0.070226423331909
0.328538636782570
0.333333333333333
-0.097607590425517
-0.042339273248960
0.314292481820361
-0.240652031318175
0.014147067732049
-0.276169883081281
0.291004704387063
0.220224907796694
0.333333333333333
0.220224907796694
-0.332132496180842
-0.097607590425517
0.291004704387063
0.174769094519077
-0.042339273248960
0.314292481820361
0.014147067732049
0.333333333333333
0.328538636782570
-0.097607590425517
-0.322577648977833
0.070226423331909
-0.303742830129379
0.314292481820361
0.124285492593436
-0.198211058768096
0.333333333333333
0.124285492593436
0.291004704387063
0.070226423331909
-0.332132496180842
0.328538636782570
-0.240652031318175
-0.150067914939224
-0.322577648977833
0.333333333333333
-0.198211058768096
0.220224907796694
0.328538636782570
0.124285492593436
-0.240652031318175
-0.097607590425517
-0.322577648977833
-0.303742830129379
0.333333333333333
-0.332132496180842
-0.198211058768096
-0.042339273248960
0.259345251439480
0.070226423331909
0.328538636782570
-0.276169883081281
-0.150067914939224
0.333333333333333
-0.150067914939224
-0.303742830129379
-0.332132496180842
-0.276169883081281
0.124285492593436
-0.198211058768096
-0.042339273248960
0.070226423331909
0.333333333333333
0.174769094519077
0.070226423331909
0.014147067732049
-0.097607590425517
-0.276169883081281
-0.150067914939224
0.220224907796694
0.259345251439480
0.000000000000000
0.000000000000000
0.000000000000000
0.000000000000000
0.000000000000000
0.000000000000000
0.000000000000000
0.000000000000000
0.000000000000000
0.000000000000000
-0.283843045911104
-0.325851746315895
-0.333032988734894
-0.318722244913084
-0.186658262045865
0.297641952716523
0.250224101750908
0.209406665765214
0.000000000000000
-0.297641952716523
-0.137300416081331
-0.028268641491836
0.186658262045865
0.309296342432170
-0.267999043455647
0.330633478419626
0.325851746315895
0.000000000000000
-0.028268641491836
0.267999043455647
0.330633478419626
0.209406665765214
-0.325851746315895
-0.056333606773950
0.186658262045865
0.297641952716523
0.000000000000000
0.267999043455647
0.250224101750908
0.056333606773950
-0.309296342432170
0.230646289659182
0.318722244913084
-0.083992687128375
0.137300416081331
0.000000000000000
0.309296342432170
-0.162564981271212
-0.325851746315895
-0.028268641491836
-0.056333606773950
-0.230646289659182
-0.297641952716523
-0.083992687128375
0.000000000000000
0.056333606773950
-0.318722244913084
-0.083992687128375
0.325851746315895
-0.137300416081331
-0.111046598247353
-0.309296342432170
-0.267999043455647
0.000000000000000
-0.250224101750908
0.028268641491836
0.318722244913084
-0.162564981271212
0.283843045911104
0.330633478419626
-0.111046598247353
-0.333032988734894
0.000000000000000
-0.318722244913084
0.330633478419626
0.111046598247353
-0.230646289659182
-0.333032988734894
-0.186658262045865
0.162564981271212
-0.250224101750908
0.000000000000000
-0.083992687128375
0.111046598247353
-0.309296342432170
0.297641952716523
0.267999043455647
-0.162564981271212
0.325851746315895
-0.056333606773950
0.000000000000000
0.230646289659182
-0.283843045911104
-0.137300416081331
0.056333606773950
-0.111046598247353
0.333032988734894
0.267999043455647
0.162564981271212
0.000000000000000
0.325851746315895
-0.230646289659182
0.297641952716523
-0.330633478419626
-0.083992687128375
-0.137300416081331
0.028268641491836
0.309296342432170
0.000000000000000
0.111046598247353
0.186658262045865
0.162564981271212
0.137300416081331
0.250224101750908
-0.209406665765214
-0.230646289659182
0.318722244913084
0.000000000000000
-0.209406665765214
0.309296342432170
-0.283843045911104
0.250224101750908
-0.330633478419626
0.325851746315895
-0.333032988734894
0.186658262045865
0.000000000000000
-0.330633478419626
-0.056333606773950
-0.186658262045865
-0.283843045911104
0.297641952716523
-0.083992687128375
-0.209406665765214
-0.028268641491836
0.000000000000000
-0.137300416081331
-0.333032988734894
0.267999043455647
-0.083992687128375
-0.162564981271212
-0.250224101750908
0.056333606773950
-0.230646289659182
0.000000000000000
0.186658262045865
-0.083992687128375
0.209406665765214
0.333032988734894
-0.028268641491836
0.309296342432170
0.283843045911104
-0.330633478419626
0.000000000000000
0.333032988734894
0.297641952716523
-0.250224101750908
-0.111046598247353
0.209406665765214
-0.028268641491836
0.318722244913084
-0.283843045911104
0.000000000000000
0.162564981271212
0.209406665765214
-0.230646289659182
-0.267999043455647
-0.318722244913084
-0.283843045911104
0.137300416081331
-0.111046598247353
0.000000000000000
-0.162564981271212
-0.209406665765214
0.230646289659182
0.267999043455647
0.318722244913084
0.283843045911104
-0.137300416081331
0.111046598247353
0.000000000000000
-0.333032988734894
-0.297641952716523
0.250224101750908
0.111046598247353
-0.209406665765214
0.028268641491836
-0.318722244913084
0.283843045911104
0.000000000000000
-0.186658262045865
0.083992687128375
-0.209406665765214
-0.333032988734894
0.028268641491836
-0.309296342432170
-0.283843045911104
0.330633478419626
0.000000000000000
0.137300416081331
0.333032988734894
-0.267999043455647
0.083992687128375
0.162564981271212
0.250224101750908
-0.056333606773950
0.230646289659182
0.000000000000000
0.330633478419626
0.056333606773950
0.186658262045865
0.283843045911104
-0.297641952716523
0.083992687128375
0.209406665765214
0.028268641491836
0.000000000000000
0.209406665765214
-0.309296342432170
0.283843045911104
-0.250224101750908
0.330633478419626
-0.325851746315895
0.333032988734894
-0.186658262045865
0.000000000000000
-0.111046598247353
-0.186658262045865
-0.162564981271212
-0.137300416081331
-0.250224101750908
0.209406665765214
0.230646289659182
-0.318722244913084
0.000000000000000
-0.325851746315895
0.230646289659182
-0.297641952716523
0.330633478419626
0.083992687128375
0.137300416081331
-0.028268641491836
-0.309296342432170
0.000000000000000
-0.230646289659182
0.283843045911104
0.137300416081331
-0.056333606773950
0.111046598247353
-0.333032988734894
-0.267999043455647
-0.162564981271212
0.000000000000000
0.083992687128375
-0.111046598247353
0.309296342432170
-0.297641952716523
-0.267999043455647
0.162564981271212
-0.325851746315895
0.056333606773950
0.000000000000000
0.318722244913084
-0.330633478419626
-0.111046598247353
0.230646289659182
0.333032988734894
0.186658262045865
-0.162564981271212
0.250224101750908
0.000000000000000
0.250224101750908
-0.028268641491836
-0.318722244913084
0.162564981271212
-0.283843045911104
-0.330633478419626
0.111046598247353
0.333032988734894
0.000000000000000
-0.056333606773950
0.318722244913084
0.083992687128375
-0.325851746315895
0.137300416081331
0.111046598247353
0.309296342432170
0.267999043455647
0.000000000000000
-0.309296342432170
0.162564981271212
0.325851746315895
0.028268641491836
0.056333606773950
0.230646289659182
0.297641952716523
0.083992687128375
0.000000000000000
-0.267999043455647
-0.250224101750908
-0.056333606773950
0.309296342432170
-0.230646289659182
-0.318722244913084
0.083992687128375
-0.137300416081331
0.000000000000000
0.028268641491836
-0.267999043455647
-0.330633478419626
-0.209406665765214
0.325851746315895
0.056333606773950
-0.186658262045865
-0.297641952716523
0.000000000000000
0.297641952716523
0.137300416081331
0.028268641491836
-0.186658262045865
-0.309296342432170
0.267999043455647
-0.330633478419626
-0.325851746315895
0.000000000000000
0.283843045911104
0.325851746315895
0.333032988734894
0.318722244913084
0.186658262045865
-0.297641952716523
-0.250224101750908
-0.209406665765214
