0.17387154896541374
-0.1541070614975146
0.3536569433349544
0.004019046438052811
0.15841599359623804
-0.21839097668470894
-0.5861909333206642
0.19137862542783562
-0.5753000387263011
-0.49176254354136645
-0.03364384831867471
0.1801835290186584
-0.40473028593095656
0.026198769218139413
-0.7295518981586614
-0.2726193657720346
0.6122170624563156
0.0193341366293473
0.0055193933742172
-0.09783686052077545
0.9715987960325275
0.23339593248181276
-0.4625969080280971
-0.470853953110196
-0.5774926851459163
-0.24468111208309834
-0.45411669135736427
0.17057865054071597
-0.163707750431416
-0.16728753416053949
-0.12888758425862468
0.5504598378611214
0.32293445703364004
0.4429043532611051
-0.35985042728517863
-0.316138676209773
-0.17143243288941198
0.37868125144445186
0.6643110221411045
0.5708650986396433
-0.06765011647488195
-0.2601837775155235
0.818662630639278
-0.3879604066838434
0.23998263862166674
0.4661951189198319
0.3688762742208233
0.07778249525148374
-0.39082513789320805
-0.6836376336231369
0.39626359298046604
0.42427164699161984
0.08792621985690523
0.7436008918409589
-0.03926740512182792
0.17031036424109675
-0.46365512871454595
0.22074774276770673
0.6581523111925894
-0.5822820912777252
0.0410505129668425
0.721815902357025
0.6359954874297595
0.3159648155782859
0.398432899743385
0.17378646835175274
0.740796795844961
0.31163469521824594
-0.2804915544405714
-0.4679765089630686
0.025554512306238942
0.2891470248754502
-0.5351197635531172
-0.5130405648618535
-0.03051816615227105
-0.1593239620024701
-0.125109446041034
0.07318993244636132
0.49564854081050114
-0.5060376081678707
-0.08991917112858899
0.5155315788005114
-0.06375182131347798
-0.36135063188272504
-0.07455915829686532
-0.9537447980790739
0.0304855604188216
0.7207700739317902
-0.22963868277542512
-0.0620634343539046
0.43508068929641586
0.030656083612002363
-0.6198102448236061
0.32033689364123163
0.31999623238814573
-0.4253104541974017
0.1933268927613735
-0.5482236925046425
0.5137279419358515
0.34347936358086795
0.025935322554126037
0.055098448605762504
-0.48010756846238545
-0.49740329608159095
-0.4032728265046455
-0.19475531042629207
-0.28436686638695186
-0.3226086122922764
-0.12642297369568634
0.4883073177960643
-0.0699532571277234
-0.3632652400489989
0.7786554523965761
-0.12732016403142005
