0.507657286181376
-0.07065570825112266
-0.858657004093305
-0.7301385596087298
0.07943477084022993
-0.03464324482377568
-0.267772468917008
-0.46148951368548763
0.03201860400584067
-0.16417126989203068
0.6549329824685319
0.4682572869332065
-0.1862039736724816
0.8810715206514754
-0.37654590708255165
-0.0280710567107125
0.020239625563638265
0.7510716935791465
-0.5317970062931437
0.5332658281324208
-0.2821280387046202
-0.51042127362221
-0.16424302350041178
-0.27796464862597925
-0.21818138100287807
0.3050432575888588
0.44246990431941324
0.5057233845232197
-0.2297340114229609
0.4120690194765757
0.18745454748992185
-0.2938775493922966
0.036985204775756536
-0.18838011861303067
-0.298076782851559
0.2783651602010343
0.18809042689821062
0.6926616435574366
0.11870542544697539
-0.5115627213407333
-0.2429257367535927
-0.7458561756965915
-0.44894568882544883
-0.43319151948627216
0.3315141482147772
0.019107653036032683
0.637878474311012
-0.17880973943686443
0.09878618234624628
0.3650144854839878
-0.3193432337052921
-0.4212192498043819
-0.26060599666771234
0.38821240786193056
-0.29042080406707355
-0.9317460419709985
-0.14064454370848856
0.3539605439691741
-0.21204655471367426
-0.2850643074786556
0.38127512494418275
-0.7147056705824905
-0.343600726503701
0.5492232292036137
0.21469891822016507
0.031640143813669336
0.0
0.0
0.0
0.5395890944553402
-0.15062102056566773
-0.381503032557739
0.02460331007764471
0.282310630437044
0.7962383611214677
0.0019294589889185415
0.27256060000867255
0.5005523872301361
-0.16491052832958483
-0.1259964712936515
0.06468108233833929
0.08264321407449601
-0.5363056494138136
0.37448636024640974
0.1535008174247684
0.543234342164792
0.18589572066965596
-0.5877546971732668
0.29998367108801627
0.4469722808081913
-0.5143625323076146
-0.6316309372557444
0.006278870467778146
-0.5509252609290392
0.36114112879791094
-0.2961818824478441
0.013518209990943234
-0.38621661776841837
0.8531019021045416
0.5276994646979754
0.5495911300412339
-0.4665392424651191
-0.5668074409809533
0.010401745469479579
-0.3864867259852827
-0.2902662191984006
0.12249401807579398
-0.15404535455623042
-0.4670145614918734
0.044276849927758266
-0.5299322648968234
0.6555421642599164
-0.035750938626683965
-0.3602212763751844
-0.6744971540425168
0.457569622468215
0.30117975435576577
0.4428502207935844
-0.22619470867458297
0.5972182349759568
-0.14755203459303085
-0.01138766403423575
0.07630793115231516
0.27154353329054165
0.2614616054472431
0.7787094907305676
0.2619740457217365
-0.33056774550424306
0.21876514640725137
-0.7044902490781744
-0.37430851549227045
-0.1218349067444945
