0.3718463749731214
0.5101203674139443
0.4311281781435269
-0.25819695927278113
-0.5471081707314072
0.23583976126524853
-0.6572530467986932
-0.21263891327125328
0.5945445496252412
0.0946241752483409
0.013126888077050161
-0.9153258262226178
0.08395965371350689
-0.09153044727179452
-0.5403163741495607
-0.6649036088334715
0.455623952102702
0.3742443160719621
-0.5548241319366243
-0.054051799300785915
-0.04724775495986836
0.13632223826288437
0.33602063156555834
-0.1031224614635148
-0.6778616286655869
0.25896732075681556
0.39935406940162277
-0.10068886033738376
-0.8376192393644558
0.25218349882244545
0.34308744345783504
0.58975995093463
0.15028338993665863
-0.9310443250667144
-0.027019780962120352
-0.22452549586575316
0.3124448853751297
0.40371934727748093
0.20063376340187133
-0.20106582079918547
-0.19505470962220056
0.17460939390427088
-0.47068055541024795
-0.21903395261966738
0.7047053487213774
-0.2781279126087533
0.1266290314428854
-0.049343981799813676
0.4242477927180676
-0.4568219402252094
0.5701875915008939
-0.413369898769277
-0.3011804456289643
-0.42430744570471546
0.3732923605282078
-0.6194525291880247
0.19497311218704763
0.39802965277392177
-0.6273182930317143
-0.23630070757548813
0.5700478070214037
0.26737778113922195
-0.29128464386942143
0.6181307538567434
0.2553306257607841
0.5690668441799599
-0.46668546110593556
0.44425180803495173
-0.5690782513855035
0.5056331290859631
-0.3994207579091086
0.020836868802815562
0.014794527918601983
-0.4097978680825462
0.6404946650880394
-0.3211202879697851
0.16005643871236203
-0.20145371832878287
0.013163984650473623
-0.08226132319656701
-0.3822464732759976
-0.04711874118089137
0.6799842341379219
0.47752741821784145
-0.3504984362418892
-0.2898573787867746
-0.05817854650316266
-0.2214470436481457
-0.27992762700474155
-0.7480761764441919
-0.21467536400308887
-0.7818364048329782
-0.44779288139381057
-0.11271184830953707
0.16818695220261345
0.5224605772445249
-0.4273818679176033
0.1697221738362454
0.11488415406703714
-0.6090976012279918
-0.3602903901493108
0.10526184526531812
0.25370724660452904
0.12302400705835113
-0.05012409212862107
0.698620915790363
0.30425737529636687
-0.34422556676976945
0.13986917777187916
-0.93127894959985
0.06476022438619612
-0.011460094661204602
-0.47330593248086034
0.09861274943315995
-0.677910386650438
0.6605279888081663
-0.0911888576327541
0.0742800605038721
-0.12171799461491663
-0.515636342977875
0.1162711622251771
0.5735657399506028
-0.46463126914950564
0.41753564724967657
0.2762058989759214
0.4339252790799719
-0.1705603083333633
0.07520647741119492
0.5978789988922498
-0.5927529895528327
0.28376591043903276
-0.2946670622209169
-0.09240632319395578
0.009464797531428992
-0.46931339058418636
0.08414816298036885
0.15379349727687433
-0.4798558138778896
