0.6226830823903047
0.6774530137128518
-0.39156505604596786
0.2131960362663128
-0.05563152085143088
0.8705851413911142
0.8486938596293223
-0.27071809179881373
-0.43333420663637157
-0.526230779689133
0.004966337209335131
0.35017922993527817
-0.3323397458390533
0.2650177991565894
0.21841873088662228
0.053970985865724255
-0.3575164244193326
-0.6147034358483434
-0.17096700470993212
-0.15097160773872537
-0.4024135177563488
0.2627776615262477
0.36654703977265174
-0.7321134305099923
-0.13181921717413306
-0.6680955574058558
-0.3802344605316583
0.19289748848700158
0.4626586017645483
-0.23822089386812703
0.09414276668398859
-0.031357710951226594
-0.002803563009609663
0.5005908740386809
-0.07817621612704789
-0.28688730075791996
0.16125240404266175
0.19649806248919371
0.2556488172166959
-0.15790062212232953
0.33008016407287677
0.48909262326672376
-0.23037844568470542
0.4927107363776523
0.8116114249294011
0.15797500307988932
-0.15197928655215412
0.6985491626052998
0.6927667603238815
0.335140695795374
0.18810201198650037
0.1781309473615988
0.02861770352559961
-0.7020577866097082
-0.08105076897411287
0.6084312733695786
-0.7283767665410663
0.23590299787953234
-0.49089853368507597
0.3550533822516298
0.28767069382766813
-0.7174349085556816
-0.2998381258154142
-0.13831874385217316
0.16854125474424864
-0.5010351260688686
-0.24712487079206213
0.7544180085705658
-0.28294912292890595
0.0
0.0
0.0
0.31839808611453296
0.15821935453466535
-0.2590818214509547
-0.007148664471738563
0.09185339020277566
-0.10081549515649152
0.6491822122512971
0.3423129730329818
0.2486268141497612
-0.0014062922306779715
0.8400604712204311
0.2567207519831184
-0.5634169608134726
0.38020644640702184
-0.1715028025706661
-0.404658589669044
-0.5947227902154428
-0.5182638770835545
-0.24805395163205599
0.38884010256347795
0.21880060516767327
0.25702457248986865
0.5453450246894604
-0.16802067838575394
0.44256756566108363
-0.11454432758421781
-0.6949834024755219
-0.7320711419897883
0.33558973315588664
-0.5844632987156361
0.5318129033444511
-0.5849971366561146
0.1895951440980875
-0.8905363319110607
-0.20742318726910386
-0.18425666558819392
-0.3868482011361969
0.193273886168306
-0.6632469818161012
-0.11152662965094923
0.041389153285714214
0.176911124057108
-0.3251510468120311
-0.324668548111433
-0.502834359315964
0.09711108183011799
-0.5710222479731455
0.1920301877420785
0.6354485950315917
0.14737819103252128
-0.2214723657209102
0.2154910207306979
0.13445903333198891
-0.16791019247690092
0.7236670790477153
0.21197984575369716
-0.09314507322321047
0.5456266019217023
0.04060741871848528
0.11520621088425223
-0.13538359326738197
-0.8225908902533072
0.08025635762871633
-0.2658932683066762
0.46674496304925844
0.0342413456443023
