-0.7026115876449599
0.5263063702612596
-0.47889305855216463
0.8537338005584698
-0.16227501045463524
-0.009130308861417998
-0.01369642708847006
-0.12476017092773643
-0.5654767905125098
-0.48412230912762144
-0.21134693324563106
0.31926408080889634
0.07079969021923943
0.21423290994794267
0.011488834575344687
0.18722607584030895
0.16838641456550948
0.05297863628342398
0.019584481612809637
0.0732602859487416
-0.13963051667934695
-0.08779363477615786
0.04455983416248788
0.5031800143327475
0.4980318148289765
0.4302267697754627
0.0010749677737818119
0.3286973745791606
0.024327333761978463
-0.5828348469577465
0.5394822009026962
0.48576379577200307
-0.07595109422266574
0.6848861984948746
0.38436760730424097
0.42844212565167716
0.7128018507799915
0.04217930750067371
0.4436516356321482
0.6790026554400475
-0.591794515898537
-0.1882834884246477
-0.6371981904045844
-0.07457265087707625
0.3892001426606354
0.25405631764012276
-0.858619828666374
0.1975272281477617
-0.35712259511839106
-0.7949649514891379
-0.37843742917816414
-0.4351709164338764
0.14368985132332357
0.2091295351848391
-0.5575411914765366
-0.09211213997162149
-0.43675657693676984
-0.04744619201211021
0.3182932317758427
0.6286350975428195
0.12673651270410363
-0.3129882715012325
-0.5663420510900133
-0.07281463007265046
0.13059842841373537
0.7808423264630238
0.014100548405337657
0.28541858249924723
0.20059931845057521
-0.5048497129163139
-0.17238908996066105
0.4436650619488255
-0.0961173112644783
-0.024973229221720523
-0.4609402609910344
0.0
0.0
0.0
-0.4788279967912131
-0.10876363049091593
0.06013550030875813
-0.2964311863961688
-0.6087936506478501
-0.45385256382374284
-0.3476744508099654
0.6275555799487195
0.3229937780315152
0.3022697955738318
0.03513459821278144
-0.9253962402843321
-0.5919773452198364
-0.6339093113047698
0.42603695121473495
0.029036366853960327
-0.6656039503550666
0.7286157890590744
0.7633814337476198
0.37113334711178214
-0.12893951031135592
0.3492182194750229
-0.5715258542437006
0.34390829526011196
-0.4378790865726443
0.3378301271550167
-0.4957846999225297
-0.24732685033734655
0.6228880079745919
0.1344019327851785
-0.44190456801229555
0.0141005628567763
-0.06443065598388746
-0.025974713348088492
-0.3811460714174735
-0.3838758135827447
-0.14153850568034992
0.328674228191172
0.15882089276016947
-0.20343256129321852
0.16957969583536617
-0.6056389639094362
0.0743162347438426
-0.17211680837745014
-0.35222616733540574
-0.043192672861507936
0.13106602199943926
-0.27970588310781547
-0.06906459913401483
-0.4977954429574319
-0.7026194672419964
-0.024649550756553847
-0.6015472598022479
0.3569876186244505
0.3711787272699844
-0.4865878861243315
-0.3559701856979857
0.3272882765945076
-0.563144746307194
0.37547737365630146
-0.18105642113397008
-0.46585644914267355
0.3436912604437243
0.15506738962994335
0.9132860553268122
-0.14127988729787638
0.5757858394106699
-0.19537782113539234
-0.38583449298803174
0.397191539689367
-0.029250570642579805
0.7868005852891301
