-0.34293685104251465
-0.42927951615683013
0.8355318145978651
-0.439646856379708
0.1351059769688788
0.3161844300219574
-0.39115004996261993
0.5960635503963441
0.19936969945309885
0.019723046597508367
-0.06466643997516838
-0.5824592630228145
-0.06870230673294037
-0.19580068089060526
0.7380801633773713
0.015157798147852708
0.1656904209977252
-0.14541872802407077
0.6354866139558136
0.061157435305240405
0.008421178114406631
0.41796688977606644
0.5170564301274373
0.09671979214007653
-0.3450438563099555
-0.28512262800706467
0.559930752148696
-0.41613089707071144
-0.5348952706325476
0.2828750351107569
0.1373730248361711
-0.3992723952156093
0.7219196463873786
0.4945207642848916
0.5018300079332014
0.18233408864768433
0.6539496553681019
0.39997047904459565
-0.3083352655961595
-0.6148765056014119
0.315101384898873
0.35061834180506696
-0.005426584283683412
-0.1755430982322296
-0.3731349037931365
0.1743429347902471
-0.8675688589260636
-0.2744027531021572
0.31218326139553704
-0.7862553226152497
0.5120013945329842
0.3134289226808138
0.28624270621681364
0.5337393271945985
0.5192511118831719
-0.574116342625291
-0.07652564895932128
0.32998406722465895
-0.03427896458425624
0.34591748867798666
0.12607086940907178
-0.38339545908121836
0.15155031990026888
-0.21523225159471465
0.13231628601874715
-0.8651742604314047
0.0071005901901618484
-0.7871895128947848
0.0767715351471112
-0.6489025092704191
0.5191728552846081
0.24087599034176913
0.6672435134930422
-0.2431053274856517
-0.29632748386309476
-0.26128920362155283
-0.37044747544406004
0.14271809977848815
0.0
0.0
0.0
-0.033108359931587665
-0.5811330264537843
-0.5913312649790483
-0.5059785957315632
0.3185412854879799
-0.3073739015341169
-0.5380778268583726
0.22051540898456118
0.5639287778935502
0.021796982791318156
-0.6085006005473117
-0.20354770820605728
-0.8878892398772352
-0.23457311247755788
0.3283267757853175
0.7164619278964472
-0.20371164820688234
0.19372528386549362
0.20313469844622342
-0.6291434005508098
0.3339408402003228
0.4423086614594135
0.36195071174636606
0.39935210940168575
-0.11771713997944121
-0.6621149939994095
0.09192524215561838
-0.5187034246717427
0.16276177705337969
-0.07069364745367883
0.5826775345815077
0.33583233418442154
0.1344383537392752
0.20186388331503308
0.12209320744533676
0.5115144664965088
0.37093689290675524
0.5049729244454071
0.08433828040581658
0.6711212044367315
0.15418107906400574
0.5964478520636803
-0.17008380918724467
0.3282005997342788
0.070624424860126
0.130934012368446
-0.040609307232957456
-0.05836025643427167
-0.036664709906565764
-0.4994403164739797
-0.533071124240016
-0.38829379126020447
0.008192302751472801
-0.4940378030418406
0.22576035614718432
0.8077049767459319
0.2586918845340297
-0.03182510723838312
0.220867146591511
0.8742719396653754
-0.31293844926533615
0.10899005642494743
-0.27898328262915695
-0.21829084347954633
-0.303702936385801
0.48425408401190523
-0.1436374423549209
-0.4042992926420684
0.25937271290155545
-0.323300953099547
-0.010300253683174996
0.5506780495497426
0.7549907629019983
-0.20470323380930855
0.40275761694128737
