0.7442939204073589
-0.469607870700553
-0.4748631464124541
0.2464887775102768
-0.8825611673007843
-0.20766996576487903
0.4664480933549116
-0.22039417003395254
-0.37770662944812433
-0.36767033305182717
-0.18698242863422404
0.3536545338711324
0.1988191922232415
0.0007241185948340758
0.4829319188063737
-0.5426408682497618
-0.10871973316991458
0.025665197972664835
0.12067119761426341
-0.124566627549339
-0.16382090561160428
0.09559895040285746
0.25634378053868256
-0.2993450295170542
-0.26519448460056594
-0.18022907298609087
0.5531616467821513
0.5373356767558348
0.5010212305963628
-0.48813540358892793
-0.016179908922217344
0.15429930568881503
0.22175944628234723
-0.01629371469974324
-0.5525642971764332
0.19379204401193367
0.7102339325043602
0.05921349866501783
-0.06866252505291195
-0.6734620650512763
-0.07462015066808103
0.2992776555070042
0.2955250294913532
-0.29401184202448694
0.2732016215519999
-0.1658222449982229
-0.43132967629357094
-0.42398099308767745
0.4397687578143334
0.09762010131026427
0.6731170050823687
-0.4323497939572012
-0.2578250803418179
-0.046021646695993505
-0.5053029288271422
0.2357848392491048
0.10482055915656019
0.002143578465810873
0.32215984241596896
-0.12434024726644968
-0.8287010673765175
0.3002374689259309
-0.21105186062811743
-0.26654672843947597
-0.25562908239688753
-0.27231885536920364
-0.6316924857215439
0.025708955375311496
-0.17737701334527864
-0.34019201280149575
-0.11058450877369821
-0.4385657433657732
0.15924171620845953
-0.3999231716547132
0.33769006150092346
0.2678085626779282
0.2600471370657348
-0.5806144066661474
0.14940580894103786
-0.3023956993661829
-0.8168154695769743
0.0
0.0
0.0
-0.19580169459092409
-0.08749897992022947
0.2668480443279006
-0.1961818474144281
0.7108652296280475
-0.21765476365675276
-0.8309794284059725
-0.05491040088797701
0.10603115432929971
0.3004816881773027
-0.6168504904623393
0.506412276451157
0.43864420814104965
-0.39335170185528234
0.5881563590147578
-0.48971518322365853
-0.16958283194316237
-0.8212825522816584
0.006481865975374524
0.2437075102703929
-0.8809687253334966
0.7043345098497986
0.07567282527426597
-0.2989783953180023
0.0065748520951217585
-0.46181187424837544
-0.09305100140922674
-0.21922084668648295
-0.748932041477337
-0.5637337141083695
0.36909998602796384
0.3129044514635993
0.6501598731029902
-0.4360556449294827
-0.44337490875831
-0.31720836236974065
-0.04902812229889856
-0.5374279489459963
-0.40010124703744526
-0.3880835950578111
-0.7746945022722709
-0.028677849831967937
-0.3690940564150311
0.13079459324230436
0.6733202527848822
-0.3451245879165669
-0.2698561296219123
0.38994094560645626
-0.4325743193375055
-0.7464273877592358
0.014405023426154353
-0.13331277681531412
0.5380619125365573
-0.6089369358910535
-0.19610529680467342
0.23377317849431622
0.8874912717866095
-0.279534792054474
0.311283239709809
-0.05943197804389692
0.598960869677753
-0.6547666711217077
0.04444702222436512
-0.5924869176265065
-0.27152667119219087
-0.3795702405430211
-0.3734894520916763
0.6736500062331425
0.2939419124074015
0.03980787004220094
0.7832025353166181
-0.2927081773925143
0.3034572347052896
0.5906227494836176
-0.28743598509832785
0.3825717722536906
-0.2518611333442027
0.096187538197538
