0.6782706374634142
0.45926157325073574
0.5736094051619391
0.20283954444139898
-0.02405744633538698
-0.4374016668226859
0.6324479967038175
-0.36205108059952
-0.2216646594231032
-0.35911102929597194
0.22626587093642525
0.38925880489135495
0.7902395448400875
0.13599360268289118
-0.23153084216948622
0.6649788427907855
-0.33648648942948434
0.33965907541627804
-0.47325675657725313
-0.1727854020855958
0.6370023358136858
-0.804503576576367
-0.23718691508198594
-0.1346835080486711
0.3484012691293522
0.022559074555056114
-0.4403354726752296
-0.01864404037757599
0.7577497905308217
0.19439674791039083
-0.17159468160060068
-0.8008009446591771
-0.4471363565152402
-0.355892387539407
0.3708409924081384
-0.7519633646307522
0.4540345123207628
-0.716537454123202
0.04876067284790145
0.17416593470745279
-0.7087068339620828
0.40957577088887454
-0.38452377624749795
0.36204990242474155
0.5321311216617919
0.0967749254695846
-0.2204480364636782
0.8730426056856352
-0.7170411348617823
0.5377072210896905
0.17735191257251612
-0.35051391058183756
0.36535729226679164
0.7127217489548162
0.14217458145660325
0.2897901892476004
0.8888709458188185
0.1370792239100273
0.5755434500473898
0.16030751607481755
0.4647281499788994
0.4229674661708527
-0.5011301260589189
0.19526411288796702
0.6455184901327436
-0.5551630133696175
-0.39786147974003233
0.15660473572269573
-0.23315719611204772
-0.21679253859020975
-0.2093155701759242
0.34905173943034074
-0.04546479641043802
-0.12789920583423478
0.544351938172205
0.5334109810425691
-0.42624099956170547
-0.04720927960570822
-0.5841222528790604
-0.2483472802908309
-0.2840754189594808
-0.06802429833536204
-0.27417808535738863
-0.09920421492357676
-0.19076786594771183
0.09853443691307716
0.02338126374691303
0.0
0.0
0.0
0.3839055954729099
0.7854710351549796
-0.05107726543693503
0.5350391785157693
0.3493406308555531
-0.10717987848238024
0.2907703031797519
0.047220994558984784
0.7625899393275111
0.40130968684446505
-0.21694345397638526
-0.30871790350761913
0.2150673185233636
0.39612433522040014
0.3550257076730842
0.09673705836738064
-0.44914271094761554
0.35960261134905336
0.18344366282812247
0.3775228499318961
-0.31968990537226627
0.4764305755024696
-0.39360728014610824
0.5498177253149691
0.3398775419897881
0.16720004721248588
0.4941709823268468
0.21146637850340874
-0.2879917902309901
-0.04104741750507859
-0.057452823809156235
-0.3018213919152792
0.27562961653843193
-0.4553563736040907
-0.2560391309955666
0.07171939529077138
0.15350813831862134
-0.5253585401429328
-0.00906611011084942
0.11657621397196183
0.5656621562133214
0.32300791689619635
-0.1888568585463214
-0.37130137838650795
-0.0793867688320597
0.21602500116803186
-0.15392528780337192
0.30807378833000604
0.0490550913170627
-0.47264963521056513
-0.09938650005955287
-0.09224555003270689
0.25767780898682136
-0.17552601384852315
0.5121836296814668
0.5987754917272579
-0.05827833013044049
-0.1447068169037528
-0.19071495206042324
-0.5446857902833002
0.32389578927392354
0.24834582370563346
-0.2653068096370248
-0.30466285260408205
-0.7908129840821008
0.21122095549393594
0.8348602135569786
0.0017837265074919899
0.30059293510249846
-0.1319501507012754
0.8169095479474403
-0.022442393916713408
-0.38770531977095946
0.39453752352603527
0.47496036367911
0.2325210355046266
-0.20763685328801254
-0.647492767226894
-0.7302936705564689
0.24683324694205863
-0.5622295785854164
0.4664888894788128
0.022335452753306576
-0.8574620377093691
