0.7352869310646498
-0.4632013119363582
-0.49477032411611566
0.6152367564825795
-0.5382217890879849
0.0799162640349111
0.09329016947064371
-0.39550251725361235
-0.26343811058390315
0.5034026163357481
0.2914780204947412
0.025090268238160292
-0.08044217617876788
0.5806759011088471
0.7264242076413299
0.21508725784442645
-0.20612737643992846
0.6932427644517684
0.2914136972899645
-0.7177804761288142
-0.19982598000246143
0.0442402845009142
-0.5879685338600971
0.7737670871873195
0.5862386666732601
-0.5641964492667755
0.10876299645769821
0.3773359306415541
0.36809619220509243
0.3166913520563333
0.01201707329030763
-0.8230193208128305
0.18928202389342857
0.4587496136041124
0.4638459692951719
-0.5538954555345038
-0.4677836403498381
0.0788916070377997
-0.15176901689426847
0.08030907684027506
-0.3141698591514722
0.2099093855559149
-0.46561405973586456
0.19542032588167027
0.601977800107909
0.14437362318355673
-0.41292735735436775
0.354065751298356
0.090940651339186
0.03700107457332325
0.9757083398011743
0.355127566837977
0.3231524043837697
-0.29621323178172293
-0.0838031685921957
-0.7513938904091757
0.40268742660431844
-0.5146386717756677
-0.4782497179102388
-0.20342596552857403
-0.35972834584898694
-0.7459295549900761
-0.4530492455086852
-0.1302456552630959
-0.32002081827540074
-0.10914993956219068
0.33118097364750176
0.7149828362037124
-0.3217961972893631
-0.14896262187824974
0.7059592870430091
0.3332346480382691
0.28429969128791927
0.3160720320490993
-0.362633849644142
0.3227922974461889
-0.05620335003483641
-0.7568119413679902
0.5526484709818426
0.05351908172519482
-0.616318090883905
0.5634075796930371
-0.5343652938762261
0.3671152129736525
-0.41275107297227576
0.4316785358722944
0.37511127093583635
0.5301019530402977
0.4145095395541038
0.6381722614932703
0.0
0.0
0.0
0.2563364791400307
0.18283508190304923
-0.47568621196543265
-0.28860967048315583
0.8207072410244427
0.09283936477502094
0.5134883065968517
-0.12046894288366429
0.6187195169568503
-0.10969756305901607
0.3239566107785218
0.10803232714111337
0.10040570426477469
-0.6402184523014144
0.10345276030200264
0.5908303471399172
0.03508781820436664
0.09811813669410589
0.1963986434948909
0.11725777997669026
0.036034442851822945
-0.5378146391155506
0.1001048509295691
-0.16404766291185685
0.7622954442288771
0.17457521276132704
0.10128438705423304
0.1492067347421923
0.3225684812328711
0.40044229068846066
0.0851882934756329
-0.07132550533471932
0.5052238712376727
0.48607954468827164
-0.146160927719583
0.7030536289037895
-0.8790885608979402
-0.0874582298138778
0.26521719734880767
-0.4822847792630756
-0.05447936358383193
-0.3834977997596565
0.7491921908047309
0.3420403627532552
0.07074001498127212
-0.08361187192710062
-0.08140840957592395
-0.15727580799355084
-0.24355427578360672
-0.2908714305840537
-0.7333415178125826
-0.3719968284082169
0.3456093003028269
-0.09164964835110592
0.6049310317963926
0.2318335866554497
-0.21296421354007591
-0.1188328905719558
0.1002142792449823
-0.291147453505594
-0.5619400812985087
-0.5854618229354953
0.45843956500750577
-0.14244061440072056
0.5035718711163165
0.04113339309672825
0.5445427214419577
0.15365130032476138
-0.21966063393514698
-0.2231049764730535
0.4946325925562845
0.6271615541758143
0.07694506767366206
-0.481116124656869
0.28720851782796564
0.09161306583220924
0.10436294465366555
-0.540909242122909
0.12845169270273674
0.03280252184505472
0.49464756084582556
0.24881644618883855
0.17271183019100078
0.6409701456872391
-0.311158176235944
0.16166588421890601
-0.13021004916408327
