0.6430513126834385
-0.30007993940469
-0.7045828831464643
-0.26035638484076934
0.11140103001076254
-0.7391139130391473
-0.7319946839312806
0.31451382157269614
0.013075247697444567
-0.1355876016930347
-0.5617299283102268
0.23410459723915292
0.023385923033006226
-0.5204272135853775
0.7557791116461922
-0.03849150738866594
0.7691876931499531
0.5333457100424228
-0.08289054551909245
-0.3709244869926802
-0.14414122804095353
-0.45464068846354705
-0.4856968480800969
-0.5433290081083195
0.37511991107328396
0.1552718352818361
-0.6345617478461543
0.2947736421222165
0.03644026599495402
0.39700255995352424
-0.5914815425576639
0.16264985419309072
0.23852331536123678
0.23233190461184652
-0.6617355212795896
-0.24569910286706975
0.10598312459005726
-0.7385663993776465
-0.04502582463365121
0.047925937906555194
0.08537513386054199
0.5183425806495148
0.35259131538160193
0.243919026339929
0.5320185754356769
-0.8181432468263979
-0.1744322814508429
-0.008459136230077442
0.2749503341338654
-0.37915931725150676
-0.5316449925028898
-0.0523979684898961
-0.3120036744523686
-0.610321366239973
0.1510220723055035
0.2877937751461163
-0.4568850228392522
0.4818398006010436
0.095326655930965
0.0340361729029053
0.5167591465210231
-0.42799078553884734
0.15377980431534796
-0.2141507098856631
-0.2994349292020273
-0.024405933799589025
-0.39623195498732133
0.1942803448083952
0.05366131175081722
0.04686357983552099
-0.23915696786214743
-0.30739846910673896
0.4438045375812369
0.7433016034158637
0.3272640841035411
0.4909591713780159
-0.5506473870534548
0.2367012174069766
0.5501112060402196
0.6804966218021439
0.3122423942884242
0.15916034232838722
-0.4874218862824608
-0.6130352521092284
-0.03141275530755971
-0.46221648620849204
0.6312791160463739
0.21596471913521334
-0.06408975321862928
0.4118728510336317
0.49880546719977376
0.31315209420486306
0.3254976070615048
0.0
0.0
0.0
-0.40704866644379567
0.2799760190875275
-0.3597774295580169
0.45854361085330897
-0.38480705652774
-0.08218979757730036
0.5039345592350339
0.5509733229808402
-0.23183805734014892
-0.16491844214827286
-0.14244933775760488
0.33153678826753713
-0.06341803694956585
0.23656783041646218
0.24984968350281653
-0.5819079205899192
-0.3080936755447156
0.6334263554949972
-0.3151374374795699
0.38599648568387535
-0.11785208375327237
0.5476730798806837
0.3196552478698871
-0.17430380873137494
0.4123571247103085
0.3589921712536404
0.6747264608667816
-0.08990405094945701
0.7040892612115833
0.25095181139625566
0.5357526302745521
0.19488771399468247
-0.35035387098533066
-0.04513573375813141
-0.5513504153494188
0.3677436758948623
-0.07331250121972469
-0.7984608092892853
0.2807503753758505
-0.5583124477131044
0.2693491359054334
0.38584629324880765
0.3068310587126813
0.4467837319974505
-0.0798902253479102
-0.47061217392574084
0.49930856031309045
-0.16495233007935184
0.11580865526490337
0.057307815157846484
-0.7146468775730395
0.6305315169097265
0.04580006456718145
0.5347480835290902
0.05621248415924474
-0.2806083967982095
-0.8219999138873894
-0.48995616968722633
-0.0965420691619755
0.5260781543010354
-0.5572487874778801
0.659516318000512
-0.3440851089048943
-0.3087360135193708
-0.30793464328700804
0.7824539465739239
0.5799007185264841
-0.42904648126933564
0.5707435539379183
0.2404905502414104
0.14784049633404064
-0.2524796247737013
0.04706222786314223
0.5314936910388658
-0.3391440460092292
-0.2190192858082501
-0.06657863724611991
0.29052458316013524
0.023094310768134493
-0.23527351775235525
0.5526198463036874
0.4252953349478785
0.2578673278170452
0.3734757765114622
0.8765949779736754
0.052459940427647254
0.09187871050635271
-0.13874384873402615
0.7255842285483328
0.038181819028805686
