-0.0990367287897231
0.5208401892708131
-0.8478898652484141
-0.49199574925903494
-0.38029897630700005
-0.560462742520646
0.13801694341806336
-0.018333616923023544
-0.2638233671344816
-0.3976150624866741
-0.5501520222488065
0.13328133398243863
-0.0040161015221460645
-0.7667387773525715
-0.2352032214652418
0.47250406528872574
0.26860307104803877
-0.18155622515552758
-0.30605674012430706
-0.08777113707413095
0.05715246057691489
-0.5245633728927721
-0.32727733142076143
0.25378707401212525
-0.6144323191626236
0.5539433944433181
0.04951195103180662
0.650560255810046
-0.20871926688580617
0.4567431544131451
-0.37933362661054887
0.5178822761121692
0.6114835901433336
0.17823722690576332
0.8155553854211841
-0.018601822617387357
0.12019851966643126
0.014028059409475904
-0.8073456934082419
0.013905543075426314
0.007897797748638037
0.17080058416992022
0.3319170846450652
-0.5641198372525356
0.20264521713535974
0.2851883864778975
-0.399170581036596
0.0996366793466225
-0.16860629286034867
0.021298891541983767
-0.2973645342817071
-0.05107871289973371
-0.6620746015729453
0.03743531410542687
0.15039197593766615
0.02204585270678918
0.8062291341840798
0.4413387597306883
0.30260983336856545
0.05852708609021523
-0.3870417473560486
0.26070616439251265
0.5984191132448057
0.077205329850563
-0.8261338073918383
0.30986003099495774
0.4987108285172662
0.028681917201664398
-0.8254424032439266
-0.0069324229857045385
-0.41502372028673584
-0.4128518585266996
-0.22568358338950228
-0.6287542796031355
-0.49019667586533566
0.13389265825723043
-0.08340055852913124
0.4057652902775631
0.041543596861191065
-0.22413039229332907
0.49563764492270884
0.6572061818653911
-0.5276990168093477
0.3533814546671642
0.4629741834673805
-0.3440399953700625
-0.5880064099623479
0.3951715737796359
-0.42029480085929327
0.5420791237102551
-0.56792634020128
0.315908570807335
-0.1363835096914056
-0.2959173569325597
0.42609653479780973
-0.5459935059034627
0.0
0.0
0.0
-0.30284907337167366
-0.4514566322260162
0.060528782857324076
0.79337615771362
0.46122918692594717
0.2623629971491469
0.3478997437867645
0.26963496164621087
-0.5724804417989152
-0.01520220615695821
0.5024890079092119
-0.3225657339259667
-0.7807870055924532
0.07566782637644111
0.23722493032120576
0.44630034728645523
0.8337756924413184
-0.031514921500625716
-0.17020227375745217
0.46510929585701416
0.5549950145154585
0.15649881004682864
-0.5372323038693931
-0.00760143139081449
0.03958181566998833
0.4900811968729954
-0.28783156954640915
0.3812670716982882
-0.2565292104106007
0.053103211216586274
-0.5376393956250723
-0.1168056097035815
0.007430091819090801
0.563502301079999
0.05419283651391273
0.11435363528323378
-0.02051051569008512
0.8461387403054824
0.5041824788805052
0.3842075887148355
0.17976408160260002
-0.5921183816185427
-0.4703572175893341
-0.40964112146559234
0.600300927075621
0.6054356885614631
0.040153023912027984
0.7173060509052073
-0.5274863093098547
0.5227210123878117
0.07853483938539677
0.5674201435286766
0.0006652151691298517
-0.07017660116776506
0.8272758661631874
-0.15659669891399117
0.03625028627479446
-0.45852185002430235
0.45042357056173976
0.10488978352215927
0.03625501627898498
0.19074062004216416
0.42170205142882133
-0.18712350687050192
0.020601287089175257
0.18349407679515223
-0.05097704382504278
0.09486771919761959
-0.8035309906152067
-0.49099358387046654
0.026031716578892444
-0.26774959452776526
0.5246564742157899
0.5740547882179596
-0.45350668825861523
0.026769595979699787
0.2918215607421881
0.7851793343961757
-0.08139447646285886
-0.15019013169794884
-0.368175492415739
0.22242280775135798
0.49545381201353
0.16307502452839295
-0.5240271633605939
0.3141745462834514
0.005640728014372493
-0.24016952541439895
-0.4508870834260595
-0.5459674187550623
0.48843995416710506
0.43317048070305586
0.08096603134223984
