-0.5804874327895451
0.5306638278302518
-0.6176003903868164
-0.19680325052201034
0.5968010353344849
0.04422189607143906
-0.05238684243699131
0.12380082354196925
0.12340171604738616
0.1820081686867812
0.18088738594619602
-0.3510104309227599
0.4480080484339411
0.027768537248009775
-0.5774641287449083
0.20101067857677793
-0.17220534434083662
0.39918228344876994
0.3820642302921167
0.0482014329687613
-0.5021133108533448
-0.5180434608534222
-0.47738736993267467
0.027281558230940684
0.1943065046440488
-0.1737299180593674
-0.5730388056964625
0.42456017763134835
0.2902691232305378
-0.019573683315401616
-0.36248550569849614
0.5776360611318574
0.6298981374546899
0.3912828263772991
0.07282150505090759
0.056997676017532015
-0.11862395076751743
-0.7129162333808995
0.5921087349953104
-0.43360712927501616
-0.8725503016545192
0.06671007037247434
-0.5877566942413049
-0.33880870683124037
0.47726287843823195
-0.37218093275697395
0.26407990802532477
0.096118504126168
0.5895458174491554
0.546625997493218
0.37707731755265134
-0.1480049042458079
-0.2627968771790991
0.5505737015458485
-0.5040181894857466
-0.15193342875885685
-0.13959274904715707
-0.16114784619624212
-0.22782113740309018
0.8078824062249611
-0.20492985695366783
-0.27794276753659686
0.5998858991687017
-0.13825465030157277
-0.06184845915954465
-0.7828583158412071
0.5795431128219837
-0.29181061668415886
-0.5940591001948082
0.26844145877362435
-0.6394537360531948
-0.07479232542244783
-0.4753561223336936
0.18501939318648106
-0.42366697290852134
0.5329602114403037
0.055606636021113626
0.60098485491499
0.02406377119943601
0.4998798263251616
0.3789645064310897
0.01115717383156939
-0.09808496087954859
-0.257963780531485
0.18677284520547846
0.628310679485154
0.12784225575807234
0.40360575633096973
0.08507174981183468
0.1849669806051812
-0.4769646665138515
-0.08853594349579971
0.8642495716263222
0.17286959408629374
0.2758520724288787
0.03054464114564274
-0.3925141615545839
-0.11528440911499792
-0.578383382933503
-0.03963470092009358
-0.3860320517986227
-0.9175429989438418
0.0
0.0
0.0
-0.35154194718974185
-0.03135334239401275
-0.6917923503496359
0.793406456879975
-0.5726562767086772
-0.09629109114394396
0.4036795223852018
-0.796771379531373
0.11464148239962411
0.37188655599304826
0.28886063303323267
0.49326747414123284
0.19687805906913672
-0.8532535116759621
0.06157114363881534
0.23604844645363485
0.7271581235191578
-0.12291445473119472
-0.0647939410874319
0.4501683879632413
-0.5441857733836858
0.5376884541872237
-0.4646653519511345
-0.3141124988279707
-0.7654075880643939
0.1882377859900504
-0.33738275392955724
0.043726896904319495
-0.33868136726047077
0.146806217264082
-0.329597763438139
0.8474802143624931
-0.10718509091097521
0.1168818482364112
-0.22424106279622733
0.2512779889632372
-0.11829464097023659
-0.15487157611301727
0.09061880525244508
-0.49500060980315364
0.2012965110431932
0.16255763393662356
-0.5047387644943633
-0.6413847102153142
-0.34112874659394404
0.05798602181942487
-0.1598215484475543
-0.4272506740842346
0.43126822577171786
0.007660571524501166
0.6479583180373858
0.7430744542478367
0.38854876236639774
0.01630880174524144
-0.31119472929670705
0.29574293699803594
-0.29180280054270663
0.5845494277956562
-0.420198920831419
0.05121828850602781
-0.0931159272052854
0.401076472524166
-0.4412033141037373
-0.26091758333638393
-0.29596546161114384
-0.26532355735206653
-0.6158301906609768
-0.3567577216127465
-0.08319444126352295
0.7250949865562704
-0.13240667424686745
-0.13044696338802855
0.4735187113767283
-0.33914317036518427
-0.11153680641611
0.28459462661007834
0.4313153683867446
-0.5821511388911867
0.03993800344463798
-0.884771457655875
-0.37322107316389286
0.26873821427716127
0.3746064193141654
0.5843353102262308
0.6302877394349885
0.4236043663519678
-0.46791998595031353
0.054977557528757305
-0.12130305208287442
0.0013450925284920208
-0.8674864499566536
0.09073978543260529
0.3637613406557433
0.5333013281103987
0.12378890914911421
0.4453995955856517
-0.005223788689910926
-0.06277693390932051
0.059623478235751884
