0.6032399969798057
0.5596286607971018
0.5682580998615382
0.39801714911364955
-0.20159888432095463
-0.3723324143827177
0.2935330424741202
0.3264462163752862
-0.5659214194061751
-0.30648881612560286
0.1720265581342662
0.2512900780705724
0.33370788162355935
0.03670785234121458
-0.30408246984643417
0.10536767534693792
-0.23447275267563342
0.5159598505476808
-0.09488305631661086
0.20494906276356614
-0.17085939393251762
0.28106959021967365
0.5766778456817895
-0.24422009926266494
0.29105016583135657
-0.10015038930393988
-0.650748454244269
-0.36878765903028704
0.34353531050016495
0.032578655657968136
0.41875427008311583
-0.37496547814418724
-0.10119948726582548
0.14448268360391567
-0.6551938109458361
-0.13004079188270268
-0.23344638614088503
0.6689078036804478
-0.5360222864144325
0.07308088150049433
0.3734772666700077
0.6832009752729846
-0.34367436674246027
-0.08061268819491443
0.018265771404749668
0.2013508523257167
0.14118548576808151
0.762274114525967
-0.6620886464691702
-0.5817732452576263
-0.045818534341913304
0.7669450077785456
-0.3306604683786667
0.05850186308727305
0.01737091734401583
0.18911338121738072
-0.25088030688685026
-0.323379473759976
0.612105145534671
-0.4341420024908125
0.16781038975204926
-0.1981393621340008
0.07882098489529145
0.5356770322429278
-0.10986404778536246
0.3766627616042759
-0.3908639851329425
-0.14135938353403826
-0.6900247455747544
-0.334903781784832
0.3869276921212208
-0.13895527935839744
0.24396970227910955
-0.27993338709073357
0.15145493799704754
-0.01477070731684897
0.1338549164050773
-0.3046145315810326
-0.0856853282352718
0.42479775301779055
-0.2785236083086915
0.2592009503534103
0.12386687626318135
0.7585392510398732
-0.030157822502297444
-0.2730589465737169
0.802179983840382
-0.22250234703548255
-0.4927162283435197
-0.27157571928131213
-0.3406227172314704
-0.2762340549788917
-0.6072613985198122
0.03877136452945527
-0.059001172929728216
0.05136881005567918
0.42734582122390063
0.06459581288722233
-0.1965133342259716
0.19729159537728788
-0.007065798711633725
-0.12184074959270595
0.5289973974550978
-0.4225664259929771
-0.034433802541455526
0.0
0.0
0.0
0.6461870685767876
0.4901417063114848
-0.06717285307419997
-0.6476593541875453
-0.030641743398530655
0.25807481927207737
0.6766865678160008
0.5955130743191486
0.02800415687084217
-0.5308063082860922
0.5459620297570804
-0.46367613697291243
0.08416959339830442
0.19729593268285778
-0.7884766378032219
-0.7206699756673004
0.47514237953444577
0.4179409768656375
0.18199784242782788
0.016907843365519235
-0.70383947108274
0.4116948539213056
-0.08467236325134704
-0.5523803833832708
0.778088826903021
0.01163363684569479
-0.3733098178784717
-0.14587881264558095
-0.7516402449785549
0.295906622795242
0.25226222208368887
0.24537806873346035
-0.6396003372243004
0.272628027441961
0.2442468744894599
0.27706076300234106
-0.12089808206548976
0.024219773477334654
-0.610907030366688
0.5029851103939333
0.5258258164287447
-0.5878512356372095
-0.381696632849785
-0.33347648329131213
0.31869073215672
0.19314517137152484
-0.30936758025942734
0.2967588588232572
-0.2375536638973941
-0.33176787317256157
-0.3640533982947606
0.41682158261599356
0.8510262889320225
0.05484045681433868
-0.2864152824460379
-0.2215394314172918
-0.4485089684082435
0.9588480755747194
-0.04914264744287154
0.06755062378316523
-0.6653929566804011
-0.3411110817858914
0.0007843693249036066
-0.5203030954582851
-0.14167820479461743
0.24560271873509082
0.39462612218932813
-0.5447194563919225
-0.5161092770608704
0.17564814635834375
-0.8580785841241562
-0.26837726629955755
-0.13150347958991618
-0.8876991267516469
-0.28943353283495915
-0.17229097628936174
-0.7240454158321202
0.42509239992348374
0.1295665841747769
-0.4721002380703965
-0.3200373953332867
-0.44350653965907555
0.29018994551496813
-0.01132853765800602
0.18121629340413198
-0.5122561590592436
-0.5820002878849921
0.6340808033653409
-0.1918131749556407
0.007331163654582108
-0.6262951336477746
0.1195782257373965
-0.765396852448138
0.1777278644140654
-0.5831281503223412
-0.6347911515008385
0.709576600938774
-0.5878557203347106
0.31162097504929503
0.06354888691313441
0.7323132944099623
0.00961562032945754
