0.5020069914754787
0.6971086839230308
-0.5118871587653269
-0.2915890420213531
0.6173969935905869
-0.31281796621100383
-0.2446526304725067
0.36074028370965283
0.25587329520020247
0.034803502424422005
-0.7804437281237004
0.46654752383471626
0.29534221686105105
0.42784395530246777
-0.036822982755919484
0.39423998440964736
0.7091384709930346
0.12695025136247953
-0.7162843187143736
-0.5586149669218834
-0.05613482493537382
-0.6572114689375305
0.3451868219501064
0.09933422820767851
0.5767579475881239
0.36866631100308145
0.15967310456262632
0.7525394799582159
-0.12971597894305933
0.2677840752768136
-0.15843382202959388
0.28020612776735476
0.7916032260703051
-0.26886471573178344
0.1231402640044049
-0.3573817243209755
0.015689811194195203
-0.13084161132811598
-0.45555981366851367
0.22517856879090253
0.2312701428759276
0.4129610530934368
-0.02837494101949583
0.5883623959581366
0.35631265521989397
0.21427287303036813
-0.6066564757144259
0.3293959844833714
0.1729213286628913
0.5194400672466323
0.09463712343354408
0.22487541123544638
0.015254195990729991
0.5790210006413467
0.5798501046656963
-0.07836979111323754
0.16087422561525364
-0.4521275389712944
0.26364266032918054
-0.10534680441935164
0.4511346042764354
-0.5830821640826689
0.1547084755532479
-0.0007917039007468584
-0.3490871474114418
-0.8367631032459673
0.2808581050306516
-0.797163965322857
-0.24141254536314344
0.291795647572209
-0.5141555140592213
0.17630894430624178
-0.23645135114238605
0.3728037563237491
0.3587648907275931
-0.5607601044905235
0.3311639951153471
-0.4313283579546515
-0.5861679759759165
-0.4504217017335345
0.05887589707229907
-0.5378656340263765
0.05355527937571549
0.0843537423000462
0.514538519614029
-0.5938948839567494
0.4419046103180792
-0.291529763367131
-0.14083704989922802
-0.07475440296148701
0.15658391256497947
-0.17899464222929923
-0.2961108310687583
-0.03396500570762606
0.35063070149775727
-0.8384068667131409
-0.2181954867476104
-0.8754496258327438
0.09998401651790717
-0.21267849478439044
-0.5542612860525504
0.14885862682294343
0.327126754221224
0.37171373647587297
-0.47642401111930455
-0.39234902735411953
-0.06256530726656975
0.6684542670675107
-0.8660973632638034
-0.14532540900151525
0.3238123597368663
-0.42903802462666135
0.11291454973095487
-0.5675049619538306
0.0
0.0
0.0
-0.12902784087297772
-0.5874231796008598
0.2724472925930058
0.6029824823136164
-0.3759041641009712
-0.4895391509877551
-0.3011224755003787
-0.11731576866385623
-0.25998456997752983
0.7572861280037838
0.05156812808628316
-0.3901602764126699
-0.5194718263424933
0.2237690788069364
-0.07521647649042591
-0.3449757434632892
-0.20652064091365893
-0.1003789630489724
0.5914080010931354
0.07699549692184761
0.2887215334056756
0.005568422921923966
-0.5305767171100417
-0.47370587987858104
-0.34700522530943256
-0.38303111380355914
0.27932834515236565
0.22100595157865485
0.4177577466263474
-0.21536577484432295
-0.23518372439597326
0.7311379502470989
0.4415342077625122
-0.5052866633630376
0.447450655459085
-0.5653077546759339
0.0933069823885299
0.6766207446796328
0.508674824132387
-0.5711660283904513
0.14445406945439263
0.4230463748874751
0.26806661676895654
0.18635282993995783
0.6090699906502612
0.5083310590823598
0.14488451362556035
0.6418193340685449
0.5457408918870219
-0.15982866426015788
-0.5390312762222904
-0.6989686906082532
0.3164739094695351
0.20745734421127154
0.18341417786258532
-0.2647970663564438
-0.7818037093573791
0.5464437108472578
-0.2018611258327158
-0.3053021504969017
0.07745469494877712
0.10241624743776442
-0.4018416706296317
0.3164984925860795
-0.33599806887949396
0.11959231610186662
-0.34498755538914505
-0.30006986552637765
0.640590529127332
-0.1908364700773489
-0.5156464913727057
0.6116257095793941
-0.5967852281076267
-0.10732283469455425
-0.1488743155847151
0.08947385534373005
0.003516095188131217
-0.6648632111767454
-0.17920963273662888
0.8174481966481949
0.01947283429261111
-0.3559962765098652
0.2450436136125394
-0.021899145231039824
0.3960935742985429
0.147321725591603
0.8432041812353493
0.7340496128537058
0.21783802760043822
0.5191132166524886
-0.22560240237563967
-0.22120850319572752
0.2704602920189417
0.014665513759382336
0.27496376155567026
0.31648338213966215
-0.15870809557578694
-0.7070849305957386
-0.31661654281343776
-0.5800845211864948
-0.34053123297725746
-0.27454976609651144
-0.39886356530337974
-0.06148462557259485
0.4821246861464658
-0.05514658815247921
-0.31799888781195584
0.140488432595616
0.0036020905375087346
0.2153580585405158
-0.6593350647483488
