0.29239942248158046
-0.03993587885538041
0.5701491457491848
-0.44755931375175934
-0.5586468701176351
0.39452229693254187
0.02326294505393708
0.268834543205257
0.0038598929962189938
-0.3863238620300992
-0.058976885076773726
-0.12865953178714964
0.348952438758457
-0.8114324847879847
0.055720209711031615
-0.7065610450150043
0.4784725710033285
-0.15091861594278275
0.0773885637015878
-0.009016475353680534
-0.220146126779344
-0.45309193072230874
-0.1598280536291596
0.46417300904909575
-0.6427839636852419
0.6105075816261408
0.17106582441399884
-0.2439308094410932
0.634441407835259
0.5829760138439648
0.5582789590147537
-0.015148154553441234
0.42348084524889207
-0.7461940079064597
-0.25691398701968843
0.2989410652942412
0.22859570852966768
-0.24771520423204116
0.24445079434594086
-0.37933942141595833
-0.22253723249239796
-0.35706645581902313
-0.7407994484967831
-0.4748219790849961
-0.17469154032687478
0.4693894066555759
-0.5029935861490858
-0.4436256803971084
0.28310444943712587
-0.02906126527249217
-0.4621776533740981
-0.4199984841329872
0.2068480451600118
0.31610950078425226
-0.17018490801208838
-0.06277305297069531
0.4556703051572752
0.6291833979967957
-0.1370146609701694
-0.5701959392312685
0.27801833518047564
-0.1896769309395567
-0.05938052486142661
0.19908192195812882
0.35300005640361815
0.08950832786561319
0.43280560665218326
-0.33641485131999804
0.6171162066853431
-0.26807644545633863
0.46398789627396825
-0.13642994913543038
0.2512512968948702
-0.7226881162167903
0.04312631157866744
0.01094883222893552
-0.12372918749599576
-0.7776428891212067
0.5900868652042924
0.14797066120035568
0.5112549137983715
0.12399366833177917
-0.6651438152434205
-0.5488325477577914
0.3064802616130703
0.2107495888423542
0.9182168966062692
-0.11642181938221063
0.35044146842871443
-0.8146698150932618
-0.1385254879206049
0.3654686827445354
0.4026755654834286
0.42212787508799504
0.09293448207708413
0.172839665788955
-0.37366414541617543
-0.4915842874424887
-0.42369596946738136
-0.10199549753672117
0.8383373153843908
0.07936653720371387
-0.020435405614177775
0.08078515608968868
-0.12977701634362804
0.5459321662185463
-0.13724754060358862
-0.10415214316284203
-0.4722950760345158
-0.18902742611380682
0.5052758604259399
-0.0032220034286626286
-0.5982378163299179
0.48125280697006795
0.3429557246258762
-0.5468649611570859
0.13121821235624612
-0.26445598074120275
0.799597444545809
-0.518553455445788
-0.48220873828016264
0.5367251316791456
-0.2593039156361102
-0.44432042526499654
0.34381354005425985
-0.12778146098940257
0.3217046562271514
0.8994190266945246
-0.12134023889353635
-0.6687969395394746
0.38853196541949314
0.4821575375777085
0.2967273260990641
-0.2654988771550115
-0.24118046463303944
0.3946178502426862
-0.08830344587063313
0.2924693377841476
0.44525696996753567
0.6130659392838059
-0.6093946020681908
0.6575927618052727
-0.018613995049130652
0.34775191166602937
-0.021540410146068348
0.36041076299717373
-0.23342203231525527
-0.031252276753262
0.07265758901401302
0.4380239690569882
0.591295082914715
0.11303642832310987
0.38255980164563397
0.49466862991119026
-0.05394266737676915
-0.2005419670217462
-0.16870782829840644
0.47875981850041494
0.7542888661766267
0.6219469611919026
0.5049406877683037
-0.1931300311797799
-0.13979166892339487
-0.401359408977394
0.12088029263623752
0.549355630129626
-0.09209116466036202
-0.13998179146228654
-0.59875455493946
-0.5458035069530849
0.22133830447583833
-0.33930603630926887
-0.7506541860734575
0.04774567737391128
-0.8493936357265114
0.14397159578280147
-0.13139195218347038
-0.17643788231080798
-0.19882357433035286
0.4353971580348075
-0.2936887946630435
0.3138753239949722
-0.8357221986500232
0.9052026884485888
0.08139097364353659
0.04158377094500142
-0.4413343418616971
-0.3136827641004106
-0.15968426443422962
-0.48365511739789313
-0.03619641766354868
0.6774988319139835
0.24142823611605035
0.502952439078418
0.31856874386583417
-0.3475228757262568
-0.022824606278027203
0.508477763947286
0.15782701159793758
-0.39524204914460204
-0.4328913778909914
-0.3496638532614891
-0.3330167488347612
0.0884711506458476
-0.09730819346594423
-0.07599534932001818
0.05734119982383968
0.27399167196776364
0.05926460220947134
-0.34837637717049
0.04933754917735568
0.6730925530447145
-0.4791742286150768
0.06128018978632965
0.7029320644877217
-0.5342555007667226
0.11546266250995786
-0.1672129441683547
0.630801018623003
0.48230070245780643
-0.036610008822572426
0.2157177705969968
0.37350505173648085
0.7611529301243064
0.5073009679395515
0.39836020432146424
0.4727185487309989
0.5386277330953153
0.00035742461121311735
-0.29530645297652985
-0.6314240011903527
-0.04928862486545929
-0.44814483931433163
-0.45522928733216594
0.7470931850649581
0.02646663212322506
0.08516546344957228
0.08817744950199281
0.11752881213934291
-0.014865748810342413
