0.31048003326922347
-0.24148897359077726
-0.9193939441693182
0.6118441942851407
-0.26305856277707296
-0.26627651843482986
0.07303330852851295
-0.06875208677483789
0.3520621242015122
-0.44199740467499443
-0.6325954626784269
-0.41928962339046394
-0.39244632176057087
0.49819575609179323
0.13309850862852113
-0.4772608505585052
0.6854357221491315
0.5042241687082841
-0.32812882740184895
-0.6219280631420407
-0.16016616924766536
-0.15200086959865336
-0.5462745001133219
0.07116667515521427
0.41869878365557567
0.6795091221804064
-0.37804499278443326
-0.2386364789421839
0.5606737480221432
0.6130205888605723
-0.6259323878769488
-0.2148260689073631
0.11853213893485659
0.27191385632200904
-0.30102961651949006
-0.17228369544769317
-0.5877522703101344
-0.2804658059142818
0.23710553707046422
0.13230948633227682
-0.5212391842605107
-0.5920546087071931
0.015107538324353733
0.9007715920181818
-0.009770434457539168
0.43220545507619873
-0.15951790648071792
-0.11648428898844129
-0.23332984858382017
-0.2930613354830599
0.06957042904199928
0.32846346784742697
0.07616602565586045
-0.04412707303826661
0.9323086960552421
0.19287942041834433
0.2459861075950889
0.20525943622358372
0.1355138278926759
0.3506421249196449
-0.019910850350578903
-0.10203477743604661
-0.5969450546596292
-0.5306413422008587
0.24017619875232216
0.5054184647096299
-0.5294018575497311
0.47078597572276065
0.5429575687701635
-0.02324483758660063
0.7068262850491384
-0.5094497539784109
0.335965668703693
-0.7147478888517339
0.27903664038590786
-0.012815534170766961
-0.6284592105958814
-0.35671296149676923
0.18543273233606564
-0.2952732747104714
-0.6736925603744416
-0.032666090838918534
-0.08941534501509231
-0.42219619067307573
-0.09254815979598688
-0.4035800553572299
0.8912109901394124
0.7541065980942153
0.18793371431096045
0.10813871939027622
-0.12712262344288203
0.004000757965196432
0.4371903138871181
-0.6564527354093543
-0.08952198445503051
0.11255122961554263
-0.5803772125115528
0.7140364825667029
-0.09045405305399411
0.17220470519785097
0.6856138477985806
0.6981619284531413
0.5561276981728871
-0.48373519533143133
0.08961708533352215
-0.15431935405749125
0.17937794652185388
-0.8445940869818994
0.0988586877965096
0.4982360246174723
0.1412939512856406
0.2054953124799057
0.3538869213072397
-0.37095442722321664
-0.6044346442482579
-0.30392522524312776
-0.49053938480210524
-0.19292091258201605
-0.21348822968251394
0.03206023682382462
0.0
0.0
0.0
0.6379107560930048
-0.2665286092934263
0.08704055312563949
-0.5942889283353991
-0.6571228242032041
0.28460817044029146
0.34960287366645315
-0.04460522585947506
-0.3231805859368703
0.4933633657934511
0.5802035723260561
-0.005297556288369807
0.1416009940844207
0.16750689490029913
0.006966896846824288
-0.48193059988450077
-0.06229033453274593
-0.49370696394882785
0.04637341831871912
-0.04320733826055113
-0.8181673682740109
0.17811643846284025
0.04783337100435242
-0.4313086688640108
-0.40742454488789204
0.14065860912175643
-0.25908248248915416
-0.41010365121257447
0.4294710948810469
-0.4420159633856995
0.46598182469407046
-0.3895041409937078
0.6609915401914367
-0.6720761924652539
-0.012412950050339669
0.2604355485357495
-0.418350556274848
0.18919514203289386
-0.38660478944547155
0.03188969698398534
-0.22800551728745955
-0.3678088786612775
0.33987582695642
0.7911726719645397
-0.18087044512695316
0.5634100365476024
0.7023714762684069
0.20994197019561647
-0.7546500618919563
0.35354521845556897
-0.4357434461287732
-0.03720038007586396
0.04248450308832343
0.17291633245192684
0.42047947671233865
-0.4349790373680504
0.6712264247159588
0.4108405150272892
0.1350929445904546
0.6676893225769739
-0.03866352907454482
0.5078816734032452
-0.3819013908999783
-0.1700575084442524
-0.41328677988266416
0.059714304792124764
-0.36380564443420876
0.0637879989945171
-0.32232556945211194
0.2409165717431091
0.016039009775595053
-0.4900030956857122
-0.009104965627852867
0.6879661835179468
-0.0651941388315732
-0.5836599855122719
-0.2708319566750681
0.10275116384564102
-0.6889529041847854
-0.23872636558828764
-0.5301337730749067
-0.18109953911063442
0.027958287230497217
0.026874508367826348
0.2648714881342084
0.34630058981927725
-0.44071438752221115
0.8152853068695747
-0.2984861387524412
-0.19724187020820072
0.1858163857975787
-0.027418879678987762
-0.7163157941795737
0.33324196732910694
0.014390613293243749
0.1840515104715709
0.07470064864019889
0.07288201590338844
-0.04423954931651534
-0.1227607256620114
0.6566317881832695
0.04955321504292412
-0.40094317333468377
-0.0030416153391915673
0.26439598679354887
-0.05808749935680843
0.05762717610670172
-0.845771123852701
-0.5587540880874811
-0.11242491470955769
0.6083445109459281
0.16662398530236114
-0.5150979879714354
0.09257343334405167
-0.09581000124451558
0.8528885666200856
-0.42376641570635193
