-0.12514156331098245
0.8520875074816356
0.04258852811052181
0.00984534276665665
0.4327528538215862
-0.7666609874467893
-0.2620305778489576
0.8611425526835974
-0.29701117060981524
-0.7092395787401443
-0.08565975381902186
0.314655765123224
-0.2895897321949868
-0.09650723319938564
0.6201987650135335
-0.17105646525138385
-0.8496699553655737
0.023542004516960667
-0.2005798262634774
0.5379164941255754
0.5393322765047776
-0.13257301675843197
-0.20750649932237233
0.26694529011686574
-0.5740528450897667
-0.2107998232135798
-0.28461544376573594
-0.4782782368220451
-0.06008826000682852
0.337808001479047
-0.2150312389567167
0.8020833373309635
0.044244399415510005
-0.6132858352901175
-0.6623740654947526
0.2927694680104923
-0.20814551151971755
0.04007999588056725
0.15957336692605575
-0.22636338569203598
-0.055323297014055715
-0.48152848702776185
-0.07796214299375766
0.06196315776857597
0.9547148070206755
-0.4397845400203945
-0.31356777680545733
0.11062368489326573
-0.13093934165476825
0.06931242388929093
0.3790679256922095
-0.215082761844029
0.24206188747554325
0.011888919305284743
-0.7306839687884416
-0.10060097283338207
-0.40492936984962796
-0.01657642064835713
0.11079348766530443
0.6371740918657025
-0.4599745549200023
-0.020038336562457525
-0.2299575510810221
0.026700870400235117
-0.34785353532930796
-0.2429660811342993
-0.2861462902907712
-0.22143598222363156
0.7825106633611347
-0.41284949938255255
0.25787597121474926
0.07382003749481808
-0.3342430752846707
0.7367950704185895
-0.4328627320686949
-0.6809779492105361
-0.11581487323786104
-0.08771219546846763
-0.45249787256872176
-0.7541742825680586
-0.1525437278316223
-0.5635485338741156
-0.21319808991547287
0.26795507229337284
0.013449305432575637
0.27485605531260154
0.6639077851585069
-0.10915867450300414
-0.12765790302337945
-0.20639635445893417
-0.001170767007238038
0.4205288847764384
-0.2388723300481453
-0.4797129536154584
0.1128357533741763
-0.2561146553548958
-0.36194146989248766
-0.40853603067799066
0.06016681484305092
-0.32442424780721174
0.001547133018810957
-0.7539295115116339
-0.8205090478991339
0.4354162317132062
0.02630477655539342
-0.18693490528790002
0.14531793689481962
-0.304605123256646
-0.08820074096376072
-0.43181086082614967
0.27148887958749984
0.02009816098916231
0.04145421519882877
-0.36678642294397806
-0.5596467859893589
-0.3342015411978291
-0.031032358056632847
-0.513892611201291
-0.1394381010420644
0.06419412563785068
-0.1536653418247116
-0.5853848092349154
-0.31387959309083624
0.5018126643334625
0.01361765299927884
-0.06686774589097046
-0.13965357113857357
-0.3070188124412393
0.333309609728865
0.003001119015468012
-0.030988040463871058
-0.3171570264010729
0.0447717067917958
-0.2869036579512145
0.5534574611693727
-0.28255344141314637
0.5764609864738116
0.33171360635697567
0.1851873611428163
-0.45295923976541264
-0.09370162779903628
0.2459082438582668
0.43170033413714287
0.36427768429092616
-0.8374697908405683
0.38732729728926263
0.12933512382572318
0.010110499846585089
-0.6391980620024058
0.3692484665814089
-0.21151237302456857
0.4180573965861586
-0.6587986130416479
0.14156207652452676
0.12236028230755634
0.5229287324031864
0.283793352700123
-0.04259064233412676
-0.1306693932874085
0.6019485762624205
0.26238855966651914
-0.7059855068087911
-0.021464255781741604
-0.7816947396978622
-0.31987792399400633
-0.15317013970242768
0.04500765986733487
0.2304676277732884
0.5938155694117253
0.49069729614551044
0.32035361887870417
0.5659463639736109
-0.36309526982574153
-0.618243255157898
0.4490619118544121
-0.7706736976010666
-0.31529280507907975
-0.0415150265230721
0.4913863448261067
0.22097183111193047
-0.6553630331991811
-0.3354153272177442
0.1986329655619805
0.6358065056785075
-0.5570760564123691
0.1433797520701713
-0.41327182796458267
-0.693440963846911
0.4093879465334714
0.08963191977677457
-0.48863207777578027
-0.09984127193328288
0.14772936453775531
0.0807950558254987
0.8539637405659064
-0.31715205516740375
0.022297192023042933
0.23866682875531017
-0.25627060838153737
-0.581118408716542
-0.3343490525222447
-0.20354088242044197
-0.11127325065934338
-0.3865056413613876
0.4474340034272826
-0.5716276812587273
-0.19545922913177466
-0.6201950266785575
0.30227345829798713
0.08653671555508533
0.4777678305763993
0.3865694415974459
0.742623966305857
0.7941850393241113
0.34632367930546437
-0.12419391602150051
-0.4291004704177946
0.6075531420840738
-0.37188818754762104
0.06675119164442982
0.11444842914989135
0.8251802675056829
0.28562205821178577
-0.3991794235396116
0.2922543980360649
0.038211004120005415
0.04525442347034656
0.36466096929505176
0.16612844483350425
0.8231113153123004
-0.3821555438685885
-0.3616091072121359
-0.025862292835910825
-0.7749992215588728
0.8323258997826372
0.0072871278786310395
0.41294772820463366
-0.5600205774502774
0.23835730985383452
0.4513363969565519
0.8427047869452118
0.026577416872550063
-0.038636735577706874
0.2420087172897764
-0.35623139869103687
-0.5913731142201275
