0.10530405862731047
-0.03356871127786601
0.05564544444970661
-0.0444373795346474
0.04590809197447704
-0.35486349330526634
-0.4252481745604895
-0.6810036462415571
-0.19380338975358935
-0.3350951190967362
-0.39950075355840486
0.1781986584405283
-0.8611601572191631
-0.010807252051076816
-0.031585170264259256
0.19607945290852796
0.384051760813204
0.35766515226530726
-0.29140417361070087
-0.7396678362228273
-0.09947524157885108
0.5307532171781497
0.1632411014978914
-0.5256162238930876
-0.6697688522694016
0.19051778716775436
-0.14139697824768166
-0.5484610977171034
-0.22547848702270903
-0.46761428708110564
-0.3248738102346838
-0.5960472026053533
0.17115308078285177
0.25807593039409726
-0.05251184976870549
-0.3998031148533094
-0.37567352815366406
-0.8111868202396469
-0.2763751222377348
-0.12993654289420775
-0.44294410259446
0.2085695843741242
-0.515379271774043
0.3835381082813757
0.3192451942247473
-0.33054686273105544
0.148203558755881
-0.14642651625360026
-0.7939834398952942
-0.5507819999599312
-0.02180091920684628
0.010177298038196335
0.3480973289926318
-0.30551603465925126
-0.17995050884520247
0.972741474739726
0.1209186047715582
0.5852987038962361
-0.4785384023868144
-0.23746052244554683
0.23026874598032918
-0.2514928165793222
-0.8860351183057112
0.28029825844125905
-0.46618366304537445
-0.060183728260762855
0.05528441413564526
-0.5612398591843047
0.7736630605325665
-0.041670899105250556
0.12555584829608618
-0.3827201442799778
0.5689248935055797
-0.29169550909075853
0.11441184718919076
0.24672635762373735
-0.6057659415526037
-0.14548438674910405
-0.23285318285497955
0.059237082061468604
-0.0318339035052907
-0.23010104396381895
-0.05474119854005955
-0.7649823874840275
0.006589298606588532
0.13160060999305376
0.34947960551480967
-0.5684771199066001
-0.16304810719420978
0.1630618406834057
-0.009843138777390084
-0.24729233609899912
0.37261381249546754
0.18983431806851983
-0.04628857596931642
-0.37181854050048757
-0.5986700871252123
0.17858685134372734
-0.18451539113248763
-0.05028820921053539
0.02130956553115019
0.6806076610148629
0.1439611224152245
-0.40267906396642134
0.5411009556537235
0.15088953884513762
-0.05729566823544044
0.390970124479528
0.4148726407322692
0.457882291835895
-0.48698384261256294
-0.5319783607546746
0.040340714275906464
-0.3639522545392446
0.1821693381964625
-0.17374086156633883
-0.19079202460893827
-0.38820472332720213
-0.1706555805547384
-0.047016522866610296
0.3856348912412075
-0.30602260750681454
-0.3822571944197412
-0.4983818239040404
0.3482762546065841
-0.6175001733517732
0.3769214004382406
-0.1030317874984832
0.8872449499754377
-0.3767222620071892
0.29468023845122365
-0.6196642807722895
-0.04174345099060978
0.20303128602859488
-0.6542432194492064
0.2546959084246793
-0.5028451828830794
0.4849515295940485
0.4115901417254085
-0.7964793899816963
0.42532566104174463
0.5366457532737408
0.5221689828287757
-0.5561839231543475
-0.5347235862163321
-0.0708759470072288
0.1639681567819414
0.0275796490542303
0.79969682300388
-0.2368121648677562
0.3736525948343625
-0.21998254493031377
-0.26321128820831186
-0.6991904652643683
-0.01229281395981709
-0.44397557593492687
0.3876221584479897
0.32842374567456806
0.31617508050088783
-0.3701916971930419
0.3927050360658001
0.3523092567547216
-0.39983687058877565
0.26856851295709244
-0.5129531972905971
-0.17122021224217898
0.2993989469437013
0.5574322059114232
0.6745631511767143
-0.23342722455178086
0.019174163373247118
0.13304851812450094
0.8374505953290973
-0.22753325327629906
-0.08568528062770585
0.19725190763531972
-0.27966382022014347
0.04402584655145919
-0.11331497199137794
-0.8536024761149161
-0.2011771878537196
0.6375939824790744
-0.19587466472146747
0.5898305453953077
-0.04791045891218894
-0.7050803271217262
0.1802381853547455
0.04585380079941046
-0.17653846919633998
-0.6595006834136641
0.26878253959277876
-0.527446129671923
-0.046016445798159236
-0.06735592774239854
-0.01077935163639737
-0.2576470526053421
0.5012829075873005
-0.2331788321931291
-0.18632744074585122
0.011732315824788507
0.2526140822541748
0.09012908381399726
0.16171229467703466
0.8162165640797582
0.1761826320429563
0.016536096867201217
-0.228221735272207
-0.8381405331456027
-0.31632272456697846
-0.1829888983235091
-0.5794421456283536
-0.3990687798737861
0.2883384010990606
0.6101585167280726
-0.3355723934743167
0.2571104333218804
0.45578894977589096
-0.6373509200483854
-0.5720989459057158
-0.28641167650608856
-0.37553351839802224
0.36851293831963333
-0.30234756527223355
-0.49995399453673406
-0.7205094163460032
-0.6635187640880842
-0.11152387728504554
0.4134793700952366
0.5469155222985959
0.6405149911582266
-0.3008862200795048
-0.040065124451332
-0.7617780184691144
-0.491589573463727
-0.07323153656905891
0.7480551325727619
0.10346784247838252
-0.6656203479827943
-0.23430465560972152
-0.18931743424740957
0.040521046636464185
0.7222518042201994
0.03232489051574682
0.20595485902401725
-0.7228830611831097
-0.5060776532627698
0.24412340840180224
-0.3357350181030065
-0.45689932689697094
0.5810204174994502
0.36527009001770655
0.33451971939409053
-0.906733685618311
0.2124052229092907
-0.1815072814923962
-0.5908482104173679
0.4631748098548242
0.5043121056965125
0.40148978036637867
0.6246491645296313
0.2452237940744155
-0.14106471108659932
0.3505455425001353
0.32593145584487854
0.006647715161695212
-0.03440820410533502
0.24265817681051005
0.292745010062654
0.5339364174279738
-0.12834459371970028
-0.6876907090017698
0.09887194861097155
0.21519158331175428
-0.24174980183913736
-0.18520182400618848
0.595278126528198
