-0.5293285847568265
-0.31449511853310347
0.7879746631575049
-0.5399299665703097
-0.1285206879725865
-0.41715369110899114
0.3516638732969905
-0.3792282276158683
-0.727607833517728
-0.16973663387099933
0.2520067948318643
-0.033869037778466754
0.23848942191512248
0.5181861856933793
-0.036646126917636995
-0.6334940702196113
0.4237611179014709
-0.38330895246392727
0.16165650310704466
0.4915704925305098
-0.056350769392963636
-0.173078255455888
0.5078426160005969
0.4981388591524826
0.35715167994875974
0.007560633846186504
-0.16953687654471794
-0.26939667512665555
0.37861489864849757
0.40537697966573677
-0.3339733251724364
-0.22876506198557897
0.04176304169021237
0.6289850150514059
-0.4344424375153561
0.5139257232336027
0.006226782595812912
-0.6397516919518633
0.21703314275132937
0.04297842779467738
0.541953872490227
0.4019722664489065
-0.005215551116296301
0.03682096656307198
-0.41267097630490285
-0.7705090721956012
-0.22787261482440882
0.011912701406628525
-0.05607248947703298
0.8739510203514528
0.021740410520331977
-0.21112170733949928
0.6880435272051105
0.1650669196678936
0.005102363153303205
-0.2751555416632274
0.5941144412215273
0.4715023051387014
-0.34582480850397485
-0.40373070283798024
0.26501186031688184
0.5874090199596945
0.43407467570959807
-0.38807043777291234
-0.009328386642535645
0.7466709004781481
0.626172802682033
-0.6561395027798893
-0.18838298891044783
-0.6011052962077513
0.28593392248355887
-0.31064306728526164
-0.7817794852873838
-0.17748314367875398
0.30811484212379475
0.1425166214761812
-0.25107006016093775
-0.3782250682838367
0.041233455470297616
0.14076944488006282
0.592804631356406
-0.4712890865618863
-0.3204264772425072
0.5631762042117482
-0.5638739579504765
-0.2816492849030209
0.14787291229910285
0.8123030526273991
-0.1364036894202097
-0.471127051446347
-0.2456809765390974
-0.42539837879565984
0.4260703878061559
-0.5416682419563292
-0.4539781164838881
-0.37359425332577684
-0.21347349835047308
0.5163434036738526
-0.20639042877750324
0.12214737231321007
0.5853377066224198
0.10786498813617829
-0.033252164736917986
-0.3784504758063921
-0.8488464759406488
0.1353736481163442
-0.14664502338578306
0.24350601627691454
0.01372245432758916
-0.14853420396331884
-0.625626228824984
-0.8102368602620197
0.12258900951603365
-0.4660191835414894
0.06808347608205406
0.25898272751536794
-0.7494327560564179
0.4145176753340551
0.08711212530271659
0.6950630345054782
-0.3258737099996836
-0.2856042115464843
0.5217306199682348
0.014449803747370418
0.3432807421443504
0.39051514623219047
0.22745032909816926
0.635954640759512
0.21216105760232262
-0.06873300896936281
-0.24503425788893793
-0.4610277114612023
-0.1770744975422543
0.599752428929256
0.09570495863231221
0.6346000382935398
0.1881572963261798
0.4719223402720704
-0.2062087362406273
0.48181710704542263
0.15003599918294488
0.0
0.0
0.0
-0.7009688309243685
-0.09895897679847387
0.12957885992747434
-0.15002596459012946
0.420027018708948
0.06461289115956964
0.8959703623434901
-0.28665046315190085
-0.14698149726257576
-0.48985323307267803
-0.20354736747055865
-0.6259993715788564
-0.4626344684445718
0.18420266257578222
0.15564302946002326
-0.09367594573135088
-0.5101493957068651
0.6782496796288154
0.6446675476561986
-0.21053016092023946
0.0638613827451398
0.29205282888597917
-0.8635521509662267
-0.11236364856297403
0.5738497933694413
-0.02686248637615945
-0.5382569235827024
-0.21664188855506306
-0.8396039095226783
0.28725560059694444
0.09262406960118166
0.3383041090929243
0.16878709022515698
-0.41740260113168454
-0.4021201263823515
0.45568639138936157
0.3278161291549765
0.6451392158678738
0.13852483336321744
-0.5560996202273399
0.09325863402257237
-0.7144058505686556
0.2623345764115774
-0.496005827224955
0.19851125409004597
-0.03814620795056417
0.3509366670193922
0.32860487984998454
-0.42163609487806625
-0.46880481615089187
-0.2392105542033229
-0.37382300198496593
0.3448851003615603
-0.5591082679140456
0.34736182250983083
-0.44139666975636427
0.42379363120352603
0.020919762803823957
0.30130858710610275
0.5523350721521672
0.4672680850272467
-0.1465609673645304
0.22798531195820637
-0.051275440993624584
0.37159512911218323
0.03447191223680679
0.14051707212278544
0.6280726162709664
-0.2149298507056319
-0.12954287444518972
0.2549174554218011
-0.42499593969646343
0.46510935635580036
0.08792770484567496
0.7413100839502652
-0.5450514600433586
0.12953147381703387
0.5596489415481123
0.3093409449413972
0.41375251588124606
0.30193222412317844
-0.6104457825725441
-0.4036331469413661
0.21281369997409935
0.1474494250267218
0.2564765785706263
-0.10988865866971054
0.18757639463417605
-0.33759322315491586
0.654207164111988
0.5639957295662725
0.19410182073198035
0.07183327579315057
0.24132734435830913
-0.6845516261288052
0.3440519291079827
0.7716816834981065
0.13104191250745031
-0.13476026676021202
-0.32264883557510243
-0.14302500737066842
-0.10281423711731538
-0.5151536603184638
-0.7969716450647377
-0.01808136532724929
0.021340875996910594
0.17926865150928797
-0.7441427443066038
0.32393707412224354
0.07954386093583944
0.007199429594524008
0.10896938868770405
-0.30367655960450357
-0.5123956974436513
-0.36405182445722245
-0.3966360472449883
0.21822022743130226
0.3563318577277926
-0.6409093980253233
0.047921502027704434
-0.8351844115126826
0.17754965254357355
-0.019762981951285855
-0.5131310768774273
-0.18226309659156872
0.44976926294501474
0.07791224062202806
-0.8156111415290966
0.2267059412069734
0.3347356565944821
-0.19479059750304842
0.6706644992359961
-0.13309420876498143
-0.49535712510661656
-0.2758191041036201
0.14217042916745232
-0.5068390023654428
-0.6524731612542718
