-0.13615887866635984
-0.14454291475198222
0.07180911711757647
0.5682777122117955
-0.5398072184653682
-0.19659245635815015
0.004822946566839952
0.466083660843107
0.5099938773240067
0.1660287759915762
0.017789118386813473
-0.5942642645859092
-0.17745957252580666
-0.4329311266706208
-0.8254842490318968
-0.6758990376916117
0.1313444451028659
-0.11651595292193573
0.31752464043105616
-0.6344220619832935
-0.01852953890621195
0.680603019473112
0.3172049540590101
0.6252586403993171
0.1337018299680302
0.46658804264368153
0.2192979889019739
-0.05247027362521054
-0.18795783058831317
0.4048197402509595
-0.5007845833510197
0.2168375743970572
-0.2528312960422123
-0.6002912416440865
0.27093455830266233
-0.5443312392192569
-0.25614587380432496
0.7064739253605047
-0.008507493452863165
-0.7010405139681211
-0.00015244829758605794
0.32534530696868635
0.3389492184333591
-0.3553965285268776
-0.6891894293778643
0.0507664915761657
-0.8067242655803794
-0.4093881641239711
0.18777461929368083
-0.7134820105036876
0.14776949132088543
-0.05879662369563385
-0.2966214335088513
0.43733923833093324
0.14790652594865103
-0.785594796678117
0.1731955213172249
-0.25422659865353986
0.7326913526254563
-0.09259954181492465
0.1543670794358672
-0.46178085452127515
0.6752746533647374
0.09919216485321448
-0.4460060646642804
-0.3936535685163753
-0.14410049561662935
-0.7095249713964145
-0.21534682596925211
-0.5256489565691054
-0.6949824392722044
-0.061055497184651274
0.4053360823412792
0.4258970645305579
-0.3199643220685924
0.5206239861525906
0.1807629727087299
0.19020010147088817
0.3178622674571054
0.5088744091888444
-0.17440940206327032
0.28218732292989995
-0.6744012217469266
-0.5787373935184231
0.12515320403231953
0.8884652854562123
0.3652775603406634
-0.4059328462569515
-0.269980318338901
-0.07699125477326937
-0.41655155896005475
-0.021684113539374755
0.03615663171289449
0.5874840181832464
0.333155695257191
-0.5318993913888331
0.04692143812188585
0.6500175485036354
-0.20442895836617897
0.15436209272041404
0.01981458181644623
0.16330629608216668
-0.5574229892927804
-0.14223954667635702
0.6474274294469415
0.4013954478119846
0.38424009089318717
-0.6524042461476727
0.22607468873664083
-0.1636192932136212
-0.7540866331316991
0.6406938090607466
-0.0022495671554965298
-0.35300884414090256
0.03342690177107138
-0.6696644907966023
-0.030284128914262135
-0.1562924921672143
-0.16734359268859755
0.8757983326421227
0.4505379636466896
0.12260214442244748
0.35891898491868873
0.08442326089985557
0.5670525428031322
0.19452892741189584
-0.8156937367837725
-0.20306157383165302
0.07117552382290022
0.19772246137249005
-0.12340010558141089
0.6641332104416158
0.09701291295136956
-0.056682142328237504
0.31794369238960823
0.7781032927706012
-0.2880690039283675
0.30758106765308135
0.2207102116187658
-0.17880587995140684
0.8748432093083086
0.5715139434450086
-0.5755803652083592
0.3579509862697849
-0.8912169659928242
0.08749608047470639
0.3917758436685751
0.4745220973817259
-0.2631081409068036
0.22939681794674563
0.3932955457789933
0.20347897105471147
-0.5714577214304194
-0.5584406027897879
0.19134463496407708
0.5200954724588265
0.09240998506068869
-0.2980110975312127
0.04800286125050865
0.29605612735228176
0.03124428511355026
-0.6509283558178883
-0.07051392581320648
-0.16195977244274118
0.6820118947295735
-0.18199856302093012
-0.10797521833389385
0.020737764936608553
0.7558267143668762
0.34104493126805935
-0.16953508160385236
-0.16857121146057058
-0.6479183271047791
0.5914603032138644
0.47690252576198155
-0.0937206905987199
0.6340765066020845
-0.07667890605175198
-0.16808796801727
-0.48560804431897775
-0.1965755838144783
0.6296032676623189
-0.013010452367851304
0.3477801101909439
-0.5120847671773257
-0.13968103646808952
0.35733194616165076
-0.33377633473655005
-0.2114991817724947
0.34816882600810906
-0.1286205230761227
-0.20311396646171068
-0.29090662045661114
0.20946185865507433
-0.5525824449028132
0.2054086331432968
0.8073523324331174
-0.152586295538868
0.4346939241207434
0.3205327974374866
-0.19816080467421468
-0.349331657173706
-0.311849600347965
-0.4131280228206316
0.4910283012979929
-0.12393235148434446
-0.2246449850033242
0.7698439494648085
0.10782814968756009
0.1788568039413665
-0.25587216640526916
-0.18749521615873826
-0.5734196413182847
-0.09940070178426119
-0.4383968492385841
-0.18679537704954347
0.6689933050591416
0.23021420688613084
0.2266860386382445
-0.13603646215180576
-0.4471888586847203
-0.6645416012365454
-0.5353346682131116
-0.34034123732598465
-0.4551663544861816
-0.3054649036259275
0.1604973333508031
-0.10746224856895116
0.14349362761891102
0.06954602583037421
-0.19002985316837753
0.082077369583724
0.8506234101779673
-0.16156923651244992
-0.8621697153506773
0.12083217386400728
-0.25839942651362086
0.10523890971630269
-0.45369401152889777
0.20985557967729657
-0.26170350959831906
0.19014806852119961
0.6548582681502898
-0.34294247188882415
0.7212398153429744
-0.5579555269707009
-0.3761589363045455
-0.3162487118613463
0.09152296352939442
-0.4601361207772525
-0.2240413853886614
0.06074664290221638
0.3329088958589116
0.34704129930124417
0.3495801987674773
-0.5624085889665634
-0.022876094038799498
-0.3847913744034754
-0.6074657145259743
0.2765673052081549
0.3225072323303246
-0.2211739083761528
0.034683504571173494
0.3611443148988924
0.07692974957507455
-0.3315000618802437
0.733042251418539
0.7425469927643666
-0.15286048600218408
0.24236389680661202
-0.39085537279586596
-0.35728971696161865
0.08899385104244356
0.03755525616290944
-0.25513177125072317
-0.661893271632837
0.7476692019590997
-0.5720766787190321
0.002544806294778238
0.23039115696719392
0.3847376967232392
-0.12594530990898967
0.2502013444881109
0.3014391512305384
-0.022328104059589442
-0.30976687096425687
-0.2510117884812471
0.23449459430761885
