-0.6959830204043179
0.12082197325570296
-0.5814123470720771
-0.24482509169408842
-0.6445059578266751
-0.15422105319313642
-0.654276242025644
0.31472284543069734
0.28857857597878106
-0.08742251992213868
0.6448569878039341
0.5239236815273117
-0.4810159360604245
-0.37920452310750047
-0.5241778435002282
-0.18654681335160228
-0.5971066892721062
0.631838153011974
-0.9221325838492331
-0.04292303835957607
-0.1708972873888695
0.20336393796656232
0.20274427859009508
0.4514929376170094
-0.07042564540618614
0.14787116259379354
-0.5747036740657088
0.5746799065353451
0.01244628627403848
-0.43213444154148817
-0.3608964428148738
-0.7046984841023572
0.28654420779781503
-0.47883041697845147
-0.16790223166180374
0.5244643470092488
0.6820909266287817
-0.4040076708483999
0.0483493992053336
-0.8459345915231201
-0.10610020697901784
0.15716247428466246
-0.1324594935168641
-0.2439408418080261
-0.18432455122003577
0.0728291597180164
0.09260874344287522
-0.4318332631780796
0.49312536973739285
0.48758291760586076
0.2998874261574006
0.35397203983889575
0.05664524115511957
-0.20831198426317807
-0.4389437339894764
-0.4081911116067621
0.2757591872619519
0.2096649046082843
-0.6454744721909801
-0.19069825782821265
0.5846450984653683
-0.3948323953486815
-0.6186308499918166
0.07002466663680129
-0.08181266314510019
-0.1762093029865592
-0.5451862551531782
-0.6038357853526077
-0.2760178260742476
-0.19634239447935764
0.0726955282063369
-0.29087430266860065
-0.08552501869679194
-0.8281305860322317
0.05309208989495935
-0.8203097256476659
0.4314015472155331
-0.1724956468791688
0.20288035476279428
-0.20796764917759042
-0.7873363687550474
0.8384163924354112
0.06582106688979508
0.24721388658499788
-0.10554805823995361
-0.5366388407389641
0.6196835594336871
0.2813980342697436
0.25520910536678654
0.6745251766566085
-0.3021481693065338
-0.5503136983861482
-0.04855499073502115
-0.4811951406380289
0.1003990383138085
0.4433074603306007
-0.1817600054623411
0.00016333186739330468
0.2629833011119313
0.3510872012804948
-0.6937758722044656
0.411585072835134
-0.07858600004164842
0.2356150431086958
-0.04500719477422358
-0.6974619546449037
-0.046463064622850776
-0.07206930566962987
-0.10745518892644716
-0.019329965979064556
0.741266753234569
0.07076282389313422
-0.47537305983111117
-0.5759415210899433
-0.39383605993978515
-0.5388153294625793
-0.6647548794657828
0.4579657217298584
-0.6118397836823771
-0.23344132409013538
0.4698674108485873
0.5818804679201033
-0.37103072620366606
-0.5152431734411684
0.210230123456978
-0.6224850154796058
0.0713762833111936
0.24895936558463647
0.18618651553779275
-0.5007809827820378
0.19520017154475408
0.20773215271135698
-0.42756642943264855
0.7387597142904448
-0.343557824909317
-0.5584531113807276
-0.19971971593597257
0.736060922229231
-0.2177942416443075
-0.10941948053629232
-0.08514522920871194
-0.28257367550531953
-0.014399706266009752
-0.25503760480372273
0.3051722424374924
-0.26943016158262095
-0.16642246388974655
0.08851149853533137
0.3637372474544597
-0.15109698276571554
0.25221393892731997
-0.1690575379563234
0.6392935862542449
0.1706494091865906
-0.46068772094173466
0.38501965935344534
-0.4437777188467211
0.033566990914805944
-0.3224210563872873
-0.11149780804913689
0.11608788446926027
0.5693478981904356
-0.35556187801904865
-0.026259128139943227
-0.28693317260676127
0.1511357795137868
-0.15602142650202946
0.2672798502837006
-0.5407779320634017
-0.014352282931057224
-0.6488799840367826
0.11069709367544636
-0.5042186641798425
0.6135142434387014
0.31895771507234
0.614283689386208
-0.06139580088278649
-0.22793335344149807
-0.4709349902286727
0.13157827484872267
0.05728273440413559
0.6409418338641418
-0.2310404186229038
0.28844465353612303
0.5315303109223269
0.05888391732947859
-0.2653744081326588
0.3464956057215579
-0.2407375922955039
-0.1771455033865382
0.6892344302579063
0.6185039845221446
0.210177552944808
-0.8539355673369113
-0.16204632060244606
0.6459987668658936
0.012101499520608872
0.10815242359791633
-0.40586830847385763
0.6552837449310432
0.48370999440245593
-0.5804756437954128
-0.3806269127390443
-0.28781324795131386
-0.3170414924423227
0.632725119996315
-0.046702490107623125
-0.17612150982513536
-0.14978036586040697
0.2571777899463371
-0.8319651358768031
-0.4328322246699905
0.2790050066311028
0.4682415271972401
0.05617804286722808
0.19890286804494206
0.7104375312049441
-0.5818205779833802
-0.16828693843099962
-0.42668315266532764
-0.10152249825677792
-0.33421714980636597
-0.0955403466372353
0.2837688673194935
0.14689173897902233
0.41983779524024545
0.299033703333329
0.17322104647256273
-0.20984587627535994
0.1997811702791616
0.38426947125778077
0.29867509411941806
0.035932833206457
-0.47578636784824546
0.4122740524118336
-0.47947395883511174
-0.02888032912364471
0.049661824980272766
-0.743023211588418
-0.2212553732871898
-0.3200862043717087
0.2801655859448372
-0.6171724488101699
0.38419851824708023
0.8360335169431506
0.22636809447825632
-0.10786538772703783
0.06205328675355894
-0.4588300249513281
0.05315842550771533
-0.20594421153793638
-0.9439519627652961
-0.39390081223900064
0.23345849256511433
0.5445487149886048
0.45995050292686346
0.3152950115579439
-0.35726450408781396
0.0611226441106465
0.5663793527986807
-0.335831642532906
0.11359362244629677
0.3157332073778699
0.009009969593833237
-0.4510145619301859
-0.3968817916237695
0.022256087603747695
-0.4441923617775288
0.15276907963958292
-0.2869332527485836
-0.23521402236652314
-0.12064054957695237
0.4826597086942567
0.17755377407671918
-0.12890431043407574
0.9220182091276178
-0.768102674371226
0.02862798373819123
0.2777793606687088
0.32527309153887446
0.11431057958745003
-0.18579440578881712
-0.31540653605916213
-0.07091165104121518
0.044121774448254186
0.16294212810418626
-0.8917394883019006
0.33405670689373734
0.6118150048321359
-0.5203230394182263
0.45809051618613505
0.25966918367955016
-0.14095123417666122
-0.8481070207346317
