-0.45537856439252467
-0.40815901175583325
-0.4224093661514157
0.6690343127238426
-0.5536260262217342
0.6117833007219589
0.09993631035538997
-0.41822529726778507
-0.5903340735617909
-0.04393564216013388
-0.2653323967106112
-0.28580438708656786
-0.05641290200260067
-0.3349675660756746
-0.5939589730249107
-0.0038408266264040015
-0.5458659600222322
0.40772508994889894
0.2923557376264867
0.6383649406552095
0.34428653970925166
0.1563271502406621
-0.09470560293283879
0.05985401394822397
-0.15401124722559503
0.4415454191230507
-0.047283362628196504
-0.018095338608641955
0.39181337230873853
0.1297416558281645
0.5947262599142469
0.4877148417627195
-0.5172168829010874
-0.3689429553704071
0.3709534590950751
0.16750066961624335
-0.3041046152514605
0.07507882682790783
0.5964499537487649
-0.41861711219881714
0.3006404365302727
0.8787517766323868
0.20183320049164083
0.23389868826136162
0.0
0.0
0.0
0.0
-0.001875324855289792
0.012156178293419901
-0.13263080655337958
0.3414345182966817
-0.1939820374030693
-0.09750310439611891
0.14322568925526521
-0.6556221688237972
-0.03215380096121403
-0.47261783966026566
0.5378334805861615
-0.13470693544947537
-0.08176748417051308
-0.003848991800589831
-0.15320116526271518
0.11241706583523901
-0.13823522584607303
-0.4684349978191447
0.5399027634416148
0.5607509497465407
0.44598734960777914
-0.44647961731775304
0.5753766219997569
-0.22236906053776165
0.28822581898925864
0.0014640141493107181
0.00028156179262123844
-0.393710486994309
0.3288492773693293
0.09694611448531884
-0.284229083542328
0.4820563040939297
0.25076384804696156
-0.29024907117745635
-0.41561957732069815
-0.2258850480518663
-0.08732805822819303
-0.024947104355067563
0.16925272796247248
0.07120654537947474
