-0.35584974616818965
-0.06323563019634064
-0.10285785460088073
0.16143162837988786
0.20515166889396014
-0.09226162464370793
0.2963032534170896
0.21709997002178158
-0.35965511816669204
0.14269869626340315
-0.03416669652681092
0.5834589294295267
0.15300054908779834
-0.27425314540414963
-0.13213485113484982
-0.6112537213717609
-0.14134986728509277
-0.5671167404854622
-0.16631159154610953
0.45080954586092437
0.7221726423618244
0.4331050372570684
-0.02189440793230803
0.28564546139841107
-0.5294253022473405
-0.4228615041375598
-0.32471403781854763
-0.07772095807163334
-0.1719249971548685
0.38737016410571135
-0.5251673748317114
0.4497139982370132
-0.427283912859774
-0.2310428770960017
0.18710990737107056
-0.08212950807360662
0.07461954806660859
-0.09970071577000914
0.6314989968767247
0.3890700944739729
-0.4446490179343692
0.046469523274699324
0.30218092776081945
-0.4483505399441187
0.5375455203322799
-0.29181170008924445
-0.7142131778884989
0.009751104527560745
0.36958382902001413
-0.4179207534242527
0.25915288884699544
0.17488501620743063
0.22430230295657416
-0.31465635354884763
0.7948562109822862
-0.07642162731406521
-0.49081642335143166
-0.3442186452056047
0.47152694704761855
0.5187648265868771
-0.46644160993093453
0.080247159866219
-0.24409726218426867
0.2504693134836592
-0.29377127124426194
-0.9136130097247137
0.1812402694040966
0.03675753945558776
-0.012014455602588951
0.7162795568242747
0.4947237645994187
0.2519609202485268
0.07557476183178906
0.15301794821350784
0.1389018873014347
0.503202595421375
0.22842535142495263
0.07009933969749241
-0.4095839624359563
-0.2752109767496969
0.5976159935653308
-0.4395557656661746
-0.025351360475388867
0.37492990049103436
0.675509161145593
-0.49912608808973685
0.3506445081554969
0.06588819794342235
-0.45213923369812997
-0.12541428992331283
-0.4432277154478856
-0.6307639272278205
-0.2931561393054655
-0.22671060535085533
-0.541077035878281
0.2803408875507813
-0.16034818325097666
0.4897339441706889
-0.25444143292341337
0.4242569913466591
-0.025577308277402542
-0.2994653844911374
0.5562362883355574
-0.16666583899899642
-0.3282284479450757
0.010036424639433073
-0.22394307908898867
0.22545256724784266
0.3261061847801436
-0.2833642529347782
-0.40697324166241183
0.2777579539031729
-0.3166705296693281
0.2966010510979006
0.02544365492545824
-0.39171789857838146
-0.6931235578893538
0.2043823722017906
0.14302265789552873
0.4238447498578822
0.39683706932949836
0.3462746973034501
-0.3952953691077642
0.026094337054668737
0.23777900694756365
0.1614781338254427
-0.3015880220400548
0.5781236334896726
-0.02497913755630025
0.033438474669863084
-0.24255576146126237
0.23477608786516344
-0.21675948542127374
0.3601367464973779
0.4626587956185068
0.4475139513262287
-0.2980904224593035
-0.16876151774832046
0.2989698404759752
-0.07951024746761065
-0.12389511839401533
-0.11666426095088625
-0.14793016021098362
-0.31355106971661756
0.37991860224643254
0.3663229831030106
0.6021935915284198
-0.11183234547904011
-0.0786987230739817
0.029949731383165753
-0.10947703432069746
0.16042088463079787
0.26266891519078256
0.07821807859496906
-0.15090422811227033
0.2840391308456236
0.19311693621318438
0.3735963638201545
0.055257425573136155
-0.7200316655334744
-0.2480074132425491
0.6162967573386481
0.16433276402882613
-0.4807007488337776
-0.2821619696619242
-0.40224419853847726
-0.025194690007430333
0.2576435261333894
