0.274747457246317
0.3038302568764021
-0.569890189200244
0.29884200886755735
0.29822040204355116
-0.314892266558707
0.6260819592093789
0.34728167765319146
-0.29811298041723727
0.30811817254789897
-0.15069655672525914
-0.7040368573907126
0.13135460676432031
-0.25096395059038595
0.4984967877935812
-0.3403327443264043
0.0035239757982559444
-0.3672841574806417
0.16541096558977916
0.06663627335882115
-0.4706627143329828
-0.3049535275639865
0.02192086530179552
0.5091156281077238
-0.22962364272674535
0.10873951768034862
-0.1403256124901895
-0.6884658153710574
-0.12562873553534384
0.24994885184722176
-0.581832194344396
-0.04658450268568602
0.20102858810546337
0.2057260661530506
0.09524955083483107
-0.48945023972673923
0.25149091307606
-0.08413983007987894
0.3115570082074815
0.08689068526807064
0.5725213868041317
-0.37387707866944186
-0.10412356169052821
-0.46910539606814333
0.15536421888232582
-0.04928275876008005
-0.3585958592816172
0.35320952863506216
0.27179959967849937
0.06122460183483197
-0.5933028143058953
0.3348769386971672
0.36042672007773674
-0.08597624052110345
-0.16168426533217
-0.055353309301061304
0.29429657219756616
-0.5538165826622107
0.17842420756881902
0.1987405224042278
-0.36330351877106815
0.4032890735889777
-0.07074691460769199
-0.1892650388690736
0.11003335075047785
-0.05987954060126465
0.33626353866491426
-0.49900948854241495
-0.6568783403052213
-0.29390450049817723
-0.15632293416701895
0.2040456945839151
-0.5141396210164063
0.007730047413902484
-0.0196489176716618
0.2976171187371598
0.4212918780520168
0.30417561048140923
-0.31115871320386457
-0.27357960324748554
0.22678905984303638
-0.12310463784676477
0.06910745974049877
-0.2856332242488108
-0.410821209802802
-0.12217992708919168
0.09829411375763585
0.09530969490373468
-0.34092542077387045
-0.43191262920139206
-0.10900725140884572
-0.32164948792001014
-0.17703267068227996
0.3906114458147099
0.12489841349375283
0.31592212205196796
-0.24385709750569082
0.056332659042078057
0.2939752338791686
-0.3856856275078089
0.4798703899862503
0.27830764452632584
-0.190308887475526
-0.4598797991269857
-0.20186313177651152
-0.3856120781363463
-0.1486074130420008
-0.7885170808597141
0.22340190521370004
0.27064207888181346
-0.3743961002463813
-0.4030790521096442
-0.07370657067576496
-0.2884307198602223
-0.5645302568055437
0.18561490772958653
0.23406965884648942
0.4769075724793578
-0.5291518395192639
0.13716073364732315
-0.011170838281619787
-0.6303947201355643
0.18289929788140474
-0.4874995737418584
-0.3308553876677719
-0.051957970814501694
-0.6844562690968159
0.49437814120252355
-0.2804963048639768
0.34606193018400155
0.1678059569048263
0.27374756115870874
0.807934761087993
0.04048519360311833
-0.2525290876218366
0.04377943120969985
-0.384481583977471
0.4823792721879449
0.27159474323959526
0.06281860393636296
0.05156715528222473
-0.09476605869117745
-0.7668403429003214
-0.4835400563862692
-0.17778674956064963
-0.6293543144169478
-0.3156066687569365
0.08967260735937811
-0.31985420256372615
-0.7410140389101153
0.0775165708407589
0.0844082933911996
-0.17243562562403028
0.6417090480535452
0.32395924666196463
-0.27522595156210394
0.38705013941395117
0.3566375740476073
0.34436236860435904
0.14309393714001464
-0.6695113483639341
-0.0915422289701986
-0.03823133678679478
-0.43422529492370426
0.4088819212479029
-0.4539984664482804
-0.4202908206872219
0.09154998823170335
-0.6582469330627122
0.4321642402577718
-0.41359956971583617
-0.2364957318354898
-0.19110065133655843
-0.5193471758267666
-0.6793365571431369
-0.17266505841951466
