0.43962330546129696
-0.5364975176626113
-0.4424885040111183
-0.5684238617925362
0.05580272335642141
-0.5585347423978347
0.38284250014589416
-0.021674583460671262
-0.22707021007313963
0.4079183830368521
-0.5049370475637975
-0.29648581289650827
0.14916203903127745
0.4304317447930348
0.48191505552482317
0.26877717512366556
-0.2679479948624071
0.11022606378002972
0.5696894924464282
0.17987059614526002
0.21352728835761212
-0.5241496096005223
0.09138042733869609
0.5272406013591617
-0.38942419953421786
0.3439287494480007
-0.016634413117950286
0.39146492157361834
0.5175632511307133
-0.005008090334001733
-0.32851004743676576
-0.15644388670289236
-0.3273394520855952
-0.0982513397118364
-0.3787416111943071
0.11195568008895215
0.5096758839344754
-0.3272761685654022
0.3058252010795968
-0.5049716449694291
0.42036138589199207
0.03325219837071063
0.20505519483265774
0.17263772325011423
0.1369898706787717
0.237627243312293
-0.684812381210546
0.3420167245895167
0.044254849558563424
0.23368006749289902
0.9059672587522176
0.02368737620180849
-0.3243429755603865
0.08428572070105178
0.05576153582664075
-0.023916657473583965
-0.30722377202461953
0.48943733968746833
-0.09795007351294509
0.19347400492805153
-0.05509378696644698
-0.6283038252971437
0.09192849832993973
-0.19436423727402533
-0.16292840836981842
-0.3630797330019175
-0.18192950114310913
0.40686803858637527
0.22494242070984044
0.6372486590524505
-0.1905580540949446
0.6525752989403047
-0.084636312495459
-0.10587963332075201
-0.0604119449573288
-0.8140064549970906
0.31349889199770925
0.20781004804235537
-0.022612623466794744
0.3605633121012013
-0.7731793378652977
0.16759939421958164
-0.04283354774315222
0.11461098086517987
-0.3673064077549287
0.16076139978973522
-0.03907953314893078
0.5991512830415261
0.1352714123847186
0.02182941591498334
0.09202367600759076
0.852012392043092
0.44622318399533034
0.030765423521002484
0.20513255206889366
-0.05123555654050359
0.6980925131301862
0.31982242902117874
-0.1951066138388631
0.04243828813969736
0.26370687737504317
0.06855102988746259
0.29195324445016196
0.1219184912726142
0.0
0.0
0.0
0.0
0.15243419222468027
0.2198991913919398
0.4306050216459235
0.5299757618172114
0.14284181463023704
0.2089430870610756
-0.4950285556273374
0.3606413519032911
0.08167611325287212
-0.623310048634663
0.2673328027984993
0.14609133075019148
0.3760968404509952
0.45276178159855024
-0.06534681405232157
-0.45655478025200047
-0.24221490460381664
0.4692272225660227
-0.09840363929500859
-0.32375102629077546
0.21961667381629338
-0.08272731509592886
0.6523471528617252
-0.30969052240896644
-0.2529517569558037
0.29178136440068647
-0.5353607678641388
-0.4049414172815187
-0.48370847611115403
-0.29983175825412883
0.4891629870662458
-0.4050467552811439
0.0020613339973802928
0.033668135522770246
0.5076893943281575
-0.16034049215820478
0.1731954982044535
0.19816614217226153
0.17268434761096219
-0.8070023517475573
0.050874609869421404
0.44250588385480927
-0.08448538009841408
-0.36508378296378713
-0.01865659918818892
0.1269506776869507
0.32359884004863226
0.030275668208397496
0.5841175005081264
-0.2729055088278904
-0.5396741933924543
0.4208292883650309
-0.7569887105812996
0.17208525475684172
-0.06773679067601103
-0.10864953416916595
-0.11787021453952251
0.5713466995931358
0.415656280534728
-0.20705093590427098
-0.48356249092358405
-0.3528245321628679
-0.42941828492296
0.31665375486434055
0.2713976299424105
0.07674300341007412
0.028389279789822038
0.02821431934019028
0.4291323637335494
-0.0824019955043205
-0.29987622075054093
0.18574085104336238
0.025754481801567627
0.7538058819321505
0.389700683615279
-0.08522307256144736
-0.05029028992584641
0.5949806471367313
-0.05083730189417683
-0.004271980374193704
-0.28895856094979916
-0.5629079962251623
0.19466261186307673
0.20118725272891663
0.027366246445341597
-0.25608090625551566
-0.4230737954007774
0.038908483693671524
-0.2596237542950965
-0.23845031198626962
0.5859941913253526
0.5362664219030002
0.4668436014691538
0.33558593524017793
-0.04120927314196098
-0.19558574995657355
-0.6553107297729287
-0.16608516704551177
-0.39854614190930127
-0.45804275037211706
