-0.47034547193714543
0.4008207405330606
-0.6690197384313791
0.41295333946580687
0.4075031844581989
-0.08638091663986233
-0.24227560791038452
0.10885346130670555
-0.5353866249168646
-0.11861157168967199
-0.22242358027604936
-0.5474505983737592
0.17420330718120663
0.04820452470436955
-0.058528467275362824
-0.5378683484850822
-0.07500070693913673
0.48284997824430315
0.3747977878998884
0.02454555183857918
0.22679065834834372
0.5305488783262441
-0.1769155679684761
-0.5276462854243024
-0.5329622494751016
-0.041897340262706854
0.3890879186054129
0.22210311221974077
0.21634097848156514
-0.046925282154266626
-0.5465523005087668
0.4616157598796451
0.27632599125270657
0.7617470620420822
-0.3203439259287028
0.3221966183970303
0.09791530812515495
-0.224486077568891
0.20114542591710946
-0.587673157316486
0.03073078318903832
-0.5884911672981259
0.08456412290917906
0.05538778827597523
-0.15031365543364902
0.4088193846254979
-0.6256612383252345
-0.18457652501367436
0.06531486127924199
-0.07342849519476095
-0.12374909832472634
-0.0537673105663591
-0.020344136430316448
0.437629600242856
0.5102749805843838
0.22581975453844194
0.2404270483446232
0.3718904728982662
-0.12477603478410815
-0.27269025714982925
-0.4180400003989386
-0.16396542763144367
-0.11630941117411639
0.5789079419101515
-0.15184988346251582
-0.20749652903489588
-0.6247263344500679
-0.1262523396605609
0.1365582025373836
0.3824664103724031
-0.22245045042418463
-0.58392419526584
-0.05325268761370923
-0.627431673412396
-0.5160587278839862
-0.26771236295259204
0.1737923311981755
0.41041588544995605
0.04407433713082891
-0.12765814449364657
-0.8193350886443516
-0.061403813662672446
-0.16146976089395906
-0.008814269287479023
0.44759920774895895
-0.299160706537273
-0.05389984022212583
0.6609941817802829
0.2539550620073141
-0.448661168633905
-0.3114139866608736
0.3966211637009256
0.3317576553513793
-0.14522111330454943
-0.4015062144517468
-0.23967222486659362
0.660378979015809
0.11067631758673739
-0.48354469322365806
-0.09069933765835839
0.35673401152155004
0.10344551529361504
-0.12193262221096644
-0.5471448798352949
0.3122023603404776
0.0508578883067102
0.48770257155193686
-0.28839438670158196
-0.09555857611400435
-0.10584097075833585
-0.39780946530403105
-0.2919272605044226
0.0
0.0
0.0
0.0
0.22429568964426122
-0.3556573754453799
0.19663556703980484
0.7351643859323794
0.32155452577999394
-0.2559752747877413
0.42022856838375594
-0.06786270080620765
0.3923847633094672
0.2569435249045936
0.2802535659426921
-0.6132485231046733
-0.26375882187762484
0.5312575318391899
-0.03999469923694389
0.5164804636355584
-0.3653597757924894
-0.04875587832435755
-0.09580747336746463
-0.4607930022142709
0.22961714302509276
0.25642988886398693
-0.4629307288529552
0.4250781959367386
-0.5062946739642533
-0.3884241289668672
0.14066738778822843
-0.11041357311622103
-0.10062763812596066
0.3478626297554463
-0.07623095929157814
-0.002996389973148665
-0.19937197587532443
-0.2507103075178819
-0.037846073503943846
-0.6709412812422408
-0.01190118293208385
-0.1731275278592234
0.7629879917312858
0.17392358212503553
0.14744458211671907
0.4765825246723632
-0.0665544601032724
-0.36256273007235384
0.25450064748172213
-0.0749143143646791
-0.6505365289752103
-0.691778109202166
0.32696841629833123
-0.573603546831645
0.18009561956931533
-0.16830782920425666
0.43348722661513395
0.4702507005900079
0.29554883280145455
0.46644106356187687
0.05123605026288326
0.18487973547260128
0.6415316869192805
0.036428800657159574
0.11868812890813436
0.2670181833060561
0.6341447065714265
-0.2003473635298602
-0.1784407530120166
0.534839926967096
-0.31786152188591643
0.16027737406300016
0.3035915248537338
-0.036219153475329564
0.054559698740090215
0.41115778575851286
-0.02358141009444364
-0.7866770324482426
-0.26740053955680865
0.3036379302706763
0.29026495246345885
0.3020784768965844
0.17307360500252814
0.3054665081089299
0.13621083803439032
-0.29187851037483514
-0.3659859077543942
-0.18068530065225372
0.022722702197001263
0.1348675633230742
-0.4516039091316457
0.5072191755864566
0.7846525512317072
-0.05337633756121289
0.1703826349756288
-0.051368948630026785
-0.43551414540528943
0.3272790007496516
-0.10934756243360272
-0.029453556883514382
0.31040145132321456
-0.6256392610758368
0.01803970704776465
-0.24434772249135764
-0.3504098480754906
0.380331823496197
0.30100814178389207
-0.46997104357932556
0.29510362739478874
0.25301524935644465
-0.7326791318557119
0.2197061077066249
