0.7530949005314828
0.13362113276066287
-0.3500467036051856
-0.5407964210018185
0.08106565970002858
-0.07404016341567113
0.44801061833510697
-0.5306945675044406
-0.27882365192616654
-0.41916509336905233
-0.2573286170130933
-0.5228614267962841
-0.08886996034289593
0.3453032051202691
-0.42655118137567843
0.10520527253158773
-0.22784757120392624
0.40262831636370716
-0.4551217911489217
-0.17456868046981516
0.5078063120936017
-0.18172878326509467
-0.0913463160287432
-0.08280386042066966
-0.1741342930577366
0.1711805947181297
-0.400356784905048
0.3568753985702241
0.4942462030174081
0.07349559679762432
-0.3809707719339319
-0.10101010305270017
0.8018437618466446
-0.15079843171467477
0.2307839549640575
0.3021796315442228
-0.3199059125700464
-0.10242021906707928
-0.6603571341642314
-0.005567861769169941
-0.10598885997116941
0.23623676887092562
-0.14146725472001806
-0.15325926283186947
-0.31430558175448603
0.1741394417682829
0.03314365647498228
0.42173453246907167
-0.12264343414450278
0.08212192741484005
-0.5457985354537791
-0.16004607577390123
-0.4915342567455395
-0.2940418777928533
-0.4934683461915412
0.4643488268314911
-0.43068570984508575
-0.5348248890756943
0.22009741712530861
0.19401692356274938
-0.031039548813013587
-0.13991145743114802
0.7338793808043464
-0.3860497883681233
-0.3025368773350348
-0.5253112697863939
-0.15814903065678312
0.47460182687485686
-0.012685511339025898
0.1587142483261791
0.24897570524462018
0.3348659840714978
-0.24684509020821732
0.4359009072184077
-0.5008860472868537
-0.05689491271510624
0.22120849791913924
0.5950369345108739
-0.1308960691539658
-0.4581207702494115
0.04901869578989523
-0.07291537191667809
-0.7293724287752518
0.5539296696321325
0.30589103554188923
-0.5466329386371845
-0.42684241128251993
0.5624528537305683
0.103041702333271
-0.038863940665596175
0.07122254011218042
-0.5530159140153758
-0.018148761721517866
-0.20265763555180097
0.5080994811503412
0.26278920700687464
-0.3136577399983568
-0.47405366536088983
-0.14016917375630822
-0.10687649301332901
-0.6700844200784134
0.08707737836602464
-0.15372620400287718
-0.5383262590827294
0.6198534970344676
0.323014117108891
-0.45256169426949644
0.26610426249342134
0.09918736206138666
-0.20214792699756948
0.02749562285088712
-0.6985327084989995
-0.18033962128890546
-0.4104915691693944
-0.45525819385003685
-0.2662096682403308
-0.08859321231460915
0.097510851878245
-0.19020134653457543
0.20757959115136188
-0.1083528886416286
-0.27563573701278643
0.14848750912547337
0.7168969005721809
0.7348081827910671
-0.6643946845060748
-0.10364716185279349
-0.024316216076337317
-0.17882826514707098
-0.4071293496158554
0.4261688653255308
0.18389118668725657
0.2936799596932787
-0.14247921932306098
-0.12377130786582269
0.2367107209022242
-0.4691870385261229
-0.5120438900116974
0.33416125490759174
-0.025580393847964445
0.014694009933623105
0.20598320855023294
-0.45342068693044885
-0.5832197695857363
-0.17999882395247105
0.2656543031851357
0.33025720990274604
-0.37927350310389674
-0.40067235667360684
-0.26395278449890025
-0.3234898761051791
-0.03981204993509128
0.26147990449896
0.5949204141264959
0.12097975042604645
-0.2514954632308483
0.4437690412782506
-0.04319824704895761
0.7690695958445881
0.1421236358188906
-0.031470248876545974
-0.46291419606220574
0.2842015492136412
-0.09335780801875224
-0.5937494240986587
-0.571367608333258
0.13198802639354443
0.04138107365350157
0.005555805531848851
0.08072573443281582
0.43790458507875357
-0.4626972357393441
0.10331172257456707
0.08451612918786082
-0.3248285644939957
-0.7358509633148763
-0.427813960359981
0.5644811830290605
-0.5035523409781537
0.2250624600873976
0.0
0.0
0.0
0.0
0.3057456796252235
0.13834121737632782
-0.0436487913859068
-0.6253576935442201
0.2387559871278669
-0.04170108144763676
0.5766533546773492
0.1252334373009247
-0.3638632268262586
0.5201778443133203
-0.2209408557149287
-0.47755362809424357
0.36883873937488854
-0.31109479965935066
-0.007933657607749904
0.5616768832854323
0.21051727464784115
0.5458190548548324
-0.4709750974958869
0.3603515838028984
0.41688647791115374
-0.2040801739049061
-0.6345508173133596
-0.18609420745899302
0.4363255797568284
-0.1860581425098185
-0.4832261971682819
0.36942132652775606
0.2794803602543302
0.3216357148188156
0.04390343903910666
-0.0790337536537364
-0.5968921280723459
0.12806213188444387
-0.16925890192470758
0.2230225594966112
-0.05070312952585314
-0.9275821183917513
-0.03684889451994538
-0.15849268141609568
0.18686035327826708
-0.5575076008624185
-0.15568381311424487
-0.5674151671789598
-0.05338691992776503
-0.468826616486223
-0.6199450897880691
0.21845666739005445
0.440017721493668
0.011538000230687254
0.014970647986933512
-0.13722159413851354
-0.1904509580840169
-0.09183577039644127
-0.20844536438106834
-0.595173816304981
-0.37054463440135643
-0.17673932551676685
0.08125419161703844
-0.3416219941646574
-0.2885192669599035
0.4582169319727073
0.09007615259195058
-0.2845024785442328
-0.12876437758772133
-0.712964411570102
-0.5142094580038452
0.10590019966190746
-0.037862589764359925
0.6307945408224639
0.007071003592268994
0.3091095429453271
-0.403933602634851
0.41018203626164706
-0.060947990264624656
0.18671665762799275
-0.24922329170034394
0.010756396422753512
-0.26068550244124
-0.152556274443358
0.3145525856793386
0.04216628193434901
-0.07925104537066682
0.04553455117581909
0.7844103112881144
-0.05611425980190698
0.2362849008955951
-0.05190230555992144
0.49346094885170827
-0.32526704465918355
-0.5310274061348501
-0.009208185854261065
-0.39699902855449787
0.3534420824087672
0.5138848868503624
0.31498373171134386
-0.028690006634987712
0.3686331442187893
0.30445635783763886
-0.023881118165366484
-0.1334985786842463
-0.06733942229515752
-0.09716623631897389
-0.4516881788790857
-0.6483417294030481
0.1789578719066012
-0.08857412185101546
-0.019386480717976513
0.6223776051491533
-0.07969978220862614
-0.35588508548719
0.022057863778590744
0.046605914642041536
0.12517615585745837
0.6562054919270939
0.6744851434253194
0.36989884832875025
0.4539935699526481
0.17883869557995874
-0.03709834225566834
-0.08311121995155414
-0.010791422137398565
-0.00932581508055541
0.013846468085880623
-0.10985335812292271
-0.3151046256969568
0.6734103382317991
0.14829060957388082
0.3532179494995963
0.15256399705459117
0.007840602991334902
0.8209752025448377
-0.5536606591386061
0.2934754331531828
-0.11008596533096414
0.02386632868388157
0.4028854974947261
-0.4563325951340479
-0.14551357338260426
-0.14102844884412377
0.14066254537879583
0.6032607135173427
-0.23755523729866185
0.45162824182238714
0.4286245000698696
0.5469890851902955
0.1559489055700604
0.3953780575150247
-0.3188658524290272
-0.3802608768519156
0.5034305979166809
-0.009785659492413022
-0.1932620743027631
-0.2393326448026477
0.23586444941839818
0.1981751639647599
-0.32660600039644105
0.15450382468749502
-0.24834933759222566
0.7092344921150607
0.2992114918351387
0.22558489557920466
0.36322569647609204
-0.1718094194793526
0.20149472740695196
-0.6049661727990068
-0.35205789000036447
-0.23890244434907085
-0.033676432585413384
0.21567590658953278
0.21050913174409233
-0.4931827065303136
-0.2181580634025095
-0.05302627358795163
-0.36931038969002594
0.08557597811824982
