-0.3765218785043873
0.20990004087797412
0.11993741482190684
-0.03722277873038825
0.11710777740770509
0.28309250145895587
-0.4180535341301311
-0.5302683582757854
0.5750297933159292
-0.21470737337765244
-0.279180278861624
0.17316396264368072
0.15662807553804683
-0.11403489994075103
0.3059478449109775
0.22577003697776438
-0.08219983385367098
-0.8130196073321149
-0.04948535413404026
0.03460278850494697
0.07637423678240812
0.32471653347472695
-0.5289925998689313
0.2860555267847514
-0.5365124476894099
0.12568041720506298
-0.4641811242185407
-0.3918021004824851
0.3356198571734705
-0.11162395134701134
-0.24067028371959084
-0.5161362275172818
-0.10839415526124285
0.2925231352647107
0.06404890540294784
-0.12560258502133895
-0.658796002219062
-0.34413094649803333
-0.27555321427470114
0.5284597425441039
0.25448148324943803
0.21731720115323283
-0.6331679156967192
-0.2908306475472742
0.1633218174487597
0.2632538642969337
0.041144408580778676
-0.2429281429345061
-0.37499097886358174
0.6087907198757093
0.2007788574854289
-0.10992482524654161
0.07879113945734713
-0.46845264806146353
0.2913684030124687
-0.5090396417499135
0.053058834130574176
-0.17008101673438056
-0.6036098485492081
0.3712650181694575
0.10833569577775348
-0.3147701815434348
0.46740100852439725
-0.07650867580113847
-0.226501172821592
0.018693136731215906
-0.21646698343093396
0.17379951296410145
-0.1293112235776641
0.2875629106141503
0.5393466486409577
0.09697333887326935
-0.2738368647808501
-0.3565498337125374
0.5525360680923533
-0.07377408562941058
0.2346940227789663
0.6908810755046194
-0.09952269049470414
0.6054831959009527
0.35725941088447627
-0.27353136731976757
-0.30011264052345904
-0.25738489232858114
0.015230091219141883
0.5300024951094148
-0.03892511556420997
-0.40645658679933655
-0.35473447928944307
0.41485637778431966
-0.05465145832078903
0.6361858840139868
0.12746209552400628
-0.7657468338439362
-0.11437593507202296
-0.14400456994265057
0.16829507047953454
0.34486190087305457
-0.2385659878532762
-0.14093504684377495
0.2061828118445868
0.32968573736806367
-0.3118552660736334
-0.40582653255503126
0.21884009316676373
0.31883829214019926
0.3374291434135504
0.4356584144755776
0.2733284196364107
-0.24709698752277795
-0.20497184289148124
-0.21074017586212948
-0.3489154429727043
0.35874678426929807
-0.1824758102724813
0.39020526113817905
-0.3865618795651363
-0.09237184707850493
0.4522439499733259
-0.18366027691970613
-0.3908585553162128
-0.325014862064503
0.4708195253932498
0.10191750649040701
0.4513644544737945
0.6323317178790793
0.3001596087721208
0.16148429548854562
-0.09692359566259941
-0.14476352482427232
0.5464254395831426
-0.7438196872836234
-0.355332085453178
-0.4809979857530627
-0.4835511328274982
-0.17131128038690482
0.027113444808287868
0.3562725951510213
-0.2122478385847436
-0.45512502140250655
0.29338921834382586
0.20364746315324703
0.2995265152173997
0.5885359021042208
-0.1018194493680385
-0.5045385992614776
-0.2554630591029128
0.40317874222246647
-0.2464698868496255
0.1446897866571199
-0.11388495606426409
0.2527143695158015
0.3141322165293946
0.5486014116501479
0.3079671685766823
-0.5084435151190657
0.13910173533076334
-0.14360508862292432
-0.02694017464402549
0.20697117055946926
-0.24131751721307038
0.19540385179692923
-0.49088001550080285
-0.16620108172397285
0.2191604791925606
0.2981510512664912
-0.029819116700002604
-0.5704918902051932
-0.12625883896328605
0.5534065141124014
-0.16098921327309945
-0.1285236181148978
-0.4423372794790974
-0.7249046052187686
0.24027018764235145
0.20272408107117545
-0.6815335870719056
-0.41017731709361327
0.292490580641636
-0.3553082740459598
0.8375067758370836
0.2842926246379312
0.11939314031107003
0.04368193180812127
0.02918791172279125
0.15112017759796825
-0.6269269845107727
-0.1829328530510568
0.5970997592598873
-0.02818683894618899
0.3793277423852388
-0.1187515810905987
0.7019827937567292
-0.5168422950527224
0.13887122211806618
-0.1967142016421411
0.5115883069594727
-0.19516075448375902
-0.05289415214921288
-0.1612080795802728
-0.6266045165642233
-0.3022244004038521
0.07112608964115298
0.195021754473892
0.13258164845792078
0.4545207866682891
-0.2968204816548632
0.1229487162641354
-0.2674441608939568
0.15338116448628863
-0.16328297842322628
0.654879471564728
-0.4877154549701769
0.5633352328166066
-0.2107966770088903
-0.5321226007279238
0.05901376492063852
-0.11597476756976441
-0.16454000715293238
-0.21990056984644948
0.22671161057060202
-0.011551631789871702
0.5605479936671923
-0.19178812783057544
-0.17130975681540248
0.4875438705600938
0.6448408995900508
-0.4005628510058315
0.0772059284518569
0.645658750526356
0.006497897074553794
0.11611118877934007
-0.5670444061053992
-0.12454588378249483
-0.17907293846967653
0.2474045609230892
0.28346000031150653
0.09740281815180929
0.163946658444512
0.5910662038297427
-0.15677802712917177
0.6585879876558296
-0.43368191441088144
0.1358982686675531
0.43751882799168695
0.01986712548202224
0.8055949290714199
-0.1745936495397826
-0.029324239639445734
-0.5385637133630808
0.5084570009846014
-0.22549553834030894
-0.4733076937902479
0.13492097850380633
0.4051433570575735
-0.2842215370161015
-0.033479219317678915
-0.08275442207901033
0.056801570536621965
0.28265140690343543
-0.04206557461638648
-0.37788053469870003
-0.6362667290217014
-0.30303987046878766
-0.049830959978466476
0.19166424655943748
0.47333195652828935
0.5374772821920262
0.16024257925413435
-0.24977215552449764
-0.453330854707276
-0.027671219501027244
0.06361937649103058
0.15527444338917498
-0.04148623968830432
0.5776567701120173
0.10832110022839574
0.25135693789390007
-0.042725382713803425
-0.8362005688105674
0.6136330563587024
-0.3556642626392752
-0.12546501652453598
-0.26088889440924024
-0.5492951811150547
0.07073485605306135
0.4389519461121813
0.21768566628734995
-0.5558236376790507
0.10994605389797933
0.17529391512990886
-0.6527279433450183
-0.6557124531707776
0.0785496471665782
-0.27816033006267143
-0.224720167638062
0.3083026067277875
-0.33777156395543895
0.5273365183906817
0.3414055318359931
0.18490871019799826
0.5170946187231005
0.12011661282460918
0.4399211850509531
0.19373945578353746
0.26715862931513307
0.41317595492181564
-0.02511333716585304
0.13981110717775957
-0.16384417113757246
0.24878962395503712
-0.09753212381687114
-0.12987437291982323
0.06284845247112066
0.4093329870444784
-0.4368523994444203
-0.6806651515999805
-0.271884770935673
-0.287738650834122
-0.011263237156712408
-0.26804745807981945
-0.022922420943341563
-0.3483626883153314
-0.49257323937836545
-0.43820816100180204
0.38855659072891435
-0.4032708997629944
-0.040362032607810815
-0.6547552486273102
0.3675470995081988
0.48005911364107373
-0.21732709491494084
0.2172479498518793
-0.2042166735142161
-0.39010519220229284
-0.07691342045950077
0.7427048024197666
0.052060998762309386
-0.46291246180696416
-0.3845214283642293
0.017614833874666447
-0.5969827871314842
-0.522121154175645
-0.07541864002580169
0.5057526672699677
-0.011340112388489946
-0.057351107466384894
0.5268025724603288
-0.10057941488921633
-0.14599469585657682
-0.37043840444721815
0.6831608940146208
0.0473266475638057
0.32478102876465526
-0.2207069998405606
-0.15359075625222796
0.2041468338275077
-0.2196342579175783
-0.1615119150499502
0.1986720744072577
