0.280730850104815
0.2735125681996543
0.022770672641697815
0.3351851411533461
0.5024898436760442
-0.06036118274817307
0.23673570864913676
0.23384828033376595
0.33946953600825885
0.0024064042001058048
-0.020256905837040616
0.43151897018289637
0.41727583104108623
-0.6915288188770548
0.13486622599822162
0.1414566463303405
-0.023621272339267075
-0.5486107345404191
-0.0006208160320835227
-0.5085080762494166
-0.09220956752034916
0.15451880184809175
-0.5354446490409595
0.6704886640466486
-0.006461363341909034
-0.3506262712186909
0.735409470130102
0.16542424987002652
-0.23482859889624563
-0.10109730620380289
-0.19192440263321237
-0.29910949119029107
-0.08991230596869192
-0.4434648741012131
-0.014231089000038933
0.036922027522985616
-0.8277886897363148
0.10953496263038137
-0.26557602430522986
-0.2956433314212823
-0.29094493767618773
0.04182728226141237
0.2897006696894035
0.3290448211101825
-0.0234537065082942
0.03650673113961056
-0.45033479623244366
-0.5314339464888083
-0.1962857308405077
0.6016008894006754
-0.07164564764574813
0.22825510436782653
-0.5270065330968086
0.04268208267494258
-0.4317796012094579
-0.1365256455866064
0.2994500383719875
-0.2701352153860716
-0.5461061020079446
0.5714240792451566
-0.2510980289165113
-0.1155340145371302
0.3092685539251549
0.28537477286759977
-0.6441031357654976
-0.10719616097373334
0.2528259303598719
-0.6351852971232362
0.11759940282576295
0.42060401362374705
0.39514975626520116
0.04649539450247882
-0.13945187523167657
-0.6279669370752365
0.4135300356437225
0.12312018986968766
0.06611611103882795
0.23294468413598646
0.39887936173906674
-0.24759927561301298
0.4617103327336654
0.47962695858067517
-0.2803848604719409
0.08224577895631968
-0.5754101280576661
-0.04758538095498256
0.3041628900665426
0.07405246918293291
-0.3552724885609547
-0.4959529626031406
-0.09477646639690993
-0.17812211867250388
-0.001357838860243083
-0.6575221736455449
0.2653734227880235
0.17289204933403862
-0.49106839110683287
-0.049246489119243175
-0.4055571555410807
-0.4365972134326787
0.38811820738271186
-0.02481232985019425
-0.05491026039029016
0.05200295521734378
-0.186642846572457
-0.3007203370220075
-0.5111707048277098
0.046396384349633515
0.21152629381474886
-0.13592066265159422
-0.3065790284388782
-0.41212508552884475
-0.12533895876818485
0.03736053869282092
0.014858535189642972
-0.18227944802561677
0.28890442783793974
0.14708704066780032
-0.4291951645966245
-0.13944719314537682
-0.17161683231064587
0.0225995395731913
0.1077649284861352
0.13224017455956233
-0.27783934004220406
-0.23855230189748555
0.028484519854206983
0.23388090638059947
0.20607327819312343
-0.4816780368783932
-0.1415280976752664
0.4654018403672899
-0.25637620507346964
0.3991340981663757
-0.40782927205970393
0.4582530520351922
-0.6615649217326385
0.4581835013073001
-0.16031976635912987
0.515411564392529
0.412189612628503
-0.39366809449974577
0.462855120134822
-0.11758965425405067
-0.2175078381907857
0.3003809065485404
0.2796594666986046
-0.08596476356562248
0.05754689977353749
-0.196461972435995
-0.7123054611031855
0.05129973597141096
-0.16612607600054505
-0.3947706428084647
0.1413400780233904
-0.6319367074373503
0.011840139747829862
0.2635895429735957
0.1717962534952989
-0.04663386929015647
-0.022849960409341077
0.46906517831685324
-0.15993830925072983
-0.19615829612661329
0.19218423315798905
0.3436842245876359
-0.4447966581822995
0.4140783705885236
0.11831696404995523
0.28962507118658953
-0.6877277064078116
0.29271384126202493
0.5560166202523751
-0.21511243423884455
-0.12439027351708817
-0.35984033700185847
-0.3125237925895053
-0.07557293588700525
-0.13305755703355884
-0.30214380006290664
0.20235969346319213
-0.1735017328360597
-0.16480332338315568
-0.6567325090391432
0.07714240881916182
-0.28983894439347924
0.47353527629049375
0.15258722876792963
0.2924208684641815
0.5876205273875013
0.058133327508717546
0.6066888053242243
0.4152462424953432
-0.3945447935259784
-0.16553913628486558
-0.5367853162837166
-0.12816353590719845
-0.7346904820233976
0.40612262170606817
-0.11127399642457035
0.4382046426310095
-0.3091837514908492
0.5859034515061488
-0.047232564601700874
-0.3117433902797028
-0.02913093529786105
-0.2334526342711776
0.7386494393532033
2.1032178366662933e-5
0.30701024596356885
-0.45028408040022844
-0.11161920602926338
0.40411630374277
-0.4590832449926829
-0.14150571974801163
0.21400038997986598
0.13160534550300565
-0.30759060244991454
0.1128931027549049
0.3266320810964349
0.09666598891307825
0.31944010601654793
-0.25957796740509487
-0.360638574762012
0.7440462792374118
0.4762804916429879
0.051101588231016674
-0.15897815914796323
0.06863316531503744
0.540444933736274
-0.09659744272705567
-0.6982597073721775
-0.029981697798864546
-0.1994537682048454
0.22685375388783446
-0.22954093207864487
-0.5262484627911322
-0.20034623335451562
0.5529482525284792
-0.3139693004063171
0.17753931615264662
0.2045655016114275
0.09730362071811617
0.6557884309895972
0.398343714067105
-0.5195862816466897
-0.24074927402852928
0.2360232164146262
0.18572650962617804
-0.26943464687071006
-0.477144561655307
-0.4249860938182233
0.12125219997639604
0.37043194606219404
-0.21482331839353563
-0.12053342336339364
-0.5650765687067996
-0.10577799552603388
0.31016395222686344
0.5655207174127598
-0.23938092354957663
0.19175843547880117
0.09496997992301022
-0.05625832918221956
-0.2116998606270411
-0.21539450648389682
0.7075541372827551
0.2431316741877456
-0.10122097013084634
0.5124303743570309
0.14730666684695085
0.3248310352263061
0.6621549793430174
-0.4401992958117503
-0.2876364247035499
0.07743344219573044
-0.0083066592417385
-0.4015268471669707
-0.4584087188255116
0.3161805623892218
-0.2826093820851196
0.5149480976377061
-0.22371720188403316
-0.4165945170549679
-0.7209855698168568
0.06213007534498832
0.08666505275572217
0.23645481703307367
-0.4222109166889784
-0.1681365821560775
-0.3516437033875503
0.3703549252140794
-0.050898455329366786
0.5812844794331496
0.24616627524783516
-0.01589816100202514
0.48827419623010987
0.3973507943478129
0.322744198022307
-0.5852913800047881
0.5642898792065254
0.2979209237120675
-0.09225018897957904
0.4422596192767199
-0.17343877398798851
-0.531579213136277
-0.22254360641935578
0.5574596745680276
0.4287759374088727
0.19423892416184357
0.8190759698079422
-0.23871479603442108
-0.6740422064703865
-0.007939350156668214
-0.27426611511008253
0.40202959315455816
-0.2482676435827179
0.5801767120910887
0.5501975757478181
0.4898744406864443
0.4399732680183933
0.22948732784953282
0.6342470179040773
0.4023384945652965
0.4710860041125306
-0.2108743948175447
0.2212554090267837
0.4165897354363049
0.02972116526071942
0.34053734183656964
0.5138644357527143
0.1331801453809707
-0.08476551737514441
0.16473779387837972
-0.16228877797077268
-0.019668353887221574
0.2558404939134758
0.555492949442612
0.2568902417134159
-0.0839261228556146
-0.8410097646457619
0.15850456632790916
0.20643445256796777
0.04273158590845649
0.27201401650284407
-0.3721022003091904
-0.42512414098310997
0.23430345065593297
-0.22120878564500612
-0.04192209165803885
-0.05227353978638387
0.5863564914022129
-0.19983710890940376
-0.8516325227420427
-0.36137821072346155
0.05370901573102252
-0.6461021361807378
-0.49047216475729083
0.2293099706621905
-0.0693067130260972
-0.17535150362872565
0.3659484218502004
-0.516223298885271
0.21092301577633552
0.5347136534066741
0.03326795286697059
-0.18503832473131793
-0.14900669006457784
-0.26938152997997433
0.17355164962346462
-0.20841051598931093
-0.5945524563933694
-0.4345708879149646
-0.04236531227715203
0.768982862468702
0.07510726961218939
-0.04628237749433827
0.2848253826819021
0.5663468659919728
-0.2578248429303048
0.13587374290806054
-0.1855060360452346
0.25847265802062575
0.7367778745555211
-0.23704371711852176
-0.21556759808756643
-0.2930765871201624
-0.09585594461434369
0.22383706037268555
0.5417211695811281
-0.11232520468817929
-0.013471295350515087
