-0.4943352219104569
-0.5007382006684664
0.04275528822894489
0.10779527383901881
-0.6127170863554658
0.26243219525646244
0.27190348193009983
0.28754268727755866
-0.09388077178725622
-0.023766071540582422
0.27985703265211626
-0.5285795135590524
-0.21452080554284209
0.10935058501341538
0.06511917211553236
0.40343758896288057
-0.5216767773598319
0.24759770298896258
-0.49431419050194314
-0.2501951128925747
-0.801997390059777
-0.022082429262061568
-0.0284528760774845
-0.32145955082486977
-0.5228028861292197
-0.14900278813397924
-0.3302107254207421
-0.3133239522744312
-0.18553455426066065
-0.24366307738618376
0.5087617911576326
0.32178146041499384
-0.21853111031594008
0.003481533619826328
-0.4256625929887765
0.5544227266510993
-0.09436272357486411
0.3750610880326801
-0.0951899821157052
-0.8299946589482333
-0.45950025838795355
0.5863229283205335
-0.36267435719768265
0.19399328055553713
-0.3998526417189081
0.2364523502266583
0.36679452671412766
-0.44604876741502425
-0.54950980824645
0.2551557105508415
0.09828468689115306
-0.051730792168725635
-0.27810274261428414
-0.16037520172208802
-0.42940141618452676
-0.7123331433576572
-0.30886364227508856
-0.0648153428761897
-0.6195790235097337
0.10513600141588421
-0.20714787203019963
0.4641538128791356
-0.08011650825671654
-0.17158854474050075
-0.1951606880964436
-0.16160108086891278
-0.06420063509089698
0.398606729471613
-0.41996618530138397
-0.3335313512536569
-0.058658357099844585
0.33516395816191585
-0.15210744411293667
-0.17820920113988775
-0.2857705900444974
0.20161602608662776
-0.08978609393492747
-0.10970713642419293
-0.6464033599181873
0.10708233317229812
-0.005868360948607063
0.4525848135425941
0.4320498488657704
0.02845669456736624
-0.4592766133094708
-0.5874631139607754
0.35845649137259933
0.0416421439080977
-0.24065019946879318
-0.5024962208960205
-0.4194835478314988
0.5740907810672751
-0.3084234030732379
-0.5289964562125561
-0.17702286562826516
-0.35662870786555245
-0.259841754012333
-0.09395402739667799
0.120171956587128
-0.22088256062790104
-0.6973194887989947
0.3375677120844434
-0.20381225394153665
-0.41497681692245647
-0.38386694466396576
0.04200326826814587
0.11340797338815166
0.42678968390002014
-0.3385549980672394
0.47154332612907335
-0.4552319037576108
-0.23308799705530292
-0.38720442682574213
-0.12576419825995794
-0.016688352741420276
-0.7078734753425128
-0.22689739313447257
0.33731558688655133
0.8346345384719336
-0.10638744117355543
-0.03130137344742935
0.15717259574895234
-0.368329948982134
-0.15807837974858924
-0.4466369126614316
-0.45509777968755244
0.6431236658715483
0.0733617550994714
-0.19496508003696816
-0.10458685713560423
-0.539149988642116
0.21975182930469192
-0.01459310237522384
0.005685673593806548
0.10854611814482541
-0.38064870578961485
-0.5067174620107046
-0.5156146451321816
-0.34550013075224223
0.21486879550901158
-0.20304769363002168
-0.47461572115914086
0.02407330280255904
-0.07923063448105248
-0.20452229431697358
-0.18979750002476686
0.37349860524334305
0.4487200412587417
-0.3447554268355911
-0.06812197035939788
0.6898668241661383
-0.05945343501619569
-0.6824849301979321
-0.15546395782983027
-0.17731952268885542
0.12940180856177103
0.04658731543989187
0.7489397354396388
0.13725946506227257
-0.193545550913222
-0.011930631690483131
-0.4710343980509566
0.16773919897957396
-0.8218300168255127
-0.17802399538389263
-0.38615340079403926
0.36284007649921024
-0.06746220137605517
-0.31746476654229105
-0.4874147730023157
-0.2556962700057178
0.36996777205386966
-0.69159637268059
-0.3027368144065939
0.3324996649991266
0.19085738829818644
-0.4992040813214583
-0.35911174791662415
-0.2994937357535386
-0.5197977473345672
-0.11653112822816195
-0.14694534902770404
-0.35732206911275133
-0.09062080732404934
-0.2771885025567941
0.5361193947072487
0.6118265925210482
0.2442241076007307
-0.04008996546428555
0.1771094510163136
0.4392285790583996
-0.3097595195771337
-0.43765325462196675
0.5189055795405169
-0.01108873927130477
0.25263748073499853
-0.725171436568388
-0.37046387202890246
0.1086903493771551
-0.4265459701964499
-0.13697331817320624
-0.08726487960937321
0.30542104936035236
-0.70470078410372
0.06201765308504696
0.776366471332439
-0.3313590548524859
-0.3408369688692399
-0.624809213274457
0.22351494789380916
-0.3421972850269559
-0.47955801855601005
-0.11427745245029365
-0.3731332696337599
0.23737176976944901
-0.1539271671194594
-0.1366157025335588
-0.4017448356740628
-0.23396667274444252
0.5018678525872565
0.17421261358762588
0.10498850330526388
0.18948895167991858
0.17679486023337868
-0.22022950360829915
0.0026583631400092377
-0.4262037559287317
0.020054421445376544
-0.3147706188006136
0.19238268054767194
0.006576251209714829
-0.32072340531040844
-0.44902639279718337
-0.2132516059395637
-0.2039372482576233
0.22416709168682658
-0.2995334137951455
0.32491953454149314
-0.49420995486789965
-0.2863142152607845
-0.40672576261848375
0.09903375811572736
0.09120980019273606
-0.4413492441667489
0.01518508104609392
0.2264941104687732
-0.03618901950520556
-0.4012164673033802
0.010539906865094944
0.07451805584511766
0.3592227375481727
0.37390717463590334
-0.5502209776896595
-0.48177039443708713
0.2123014976966436
0.628698575771961
0.4902250548299804
-0.41873970932005605
-0.2685248544422113
0.06063795048287736
-0.18299445481923096
-0.14498306038417144
0.485026599433653
-0.3306613887911761
0.6025630286195363
0.3553478937757751
0.0945165176666997
-0.36690272889570885
0.6812810960332331
0.407999687460593
-0.12156982013094654
0.3600471925101265
0.016775489348487802
-0.4759343999086129
-0.35125061128031776
0.09712178955868092
0.19281993780732812
0.170146509876888
0.4286600102972923
-0.04783279224759694
0.39340964217209445
-0.32894824193006483
0.26051840661645603
-0.4079416092073263
-0.33392204991707947
0.08628030751335486
0.37049863078764067
-0.5362890108741032
0.10977961265967238
0.003540976660266774
0.6302112975150846
-0.23329905371326662
0.07269510832441549
0.08442814541030425
0.05449794781286577
0.3702564965506452
-0.39181130944866643
-0.16049810168813317
-0.023924074655372878
0.30995281865486873
-0.3432835292015909
-0.024150484831484388
0.2910759599144636
0.4975523906725554
-0.682172062476424
0.36145478851663476
0.13185005375703593
0.0848873125848178
0.10535848503716294
-0.1670902032664291
-0.36318059108824446
-0.18497266753708783
0.5160766512553269
0.17735761671903383
-0.1471308343077942
0.4313144561200526
0.3303053228131366
0.06109339518634191
0.017441116262327735
-0.7698386270973601
-0.10665729422348855
0.23222691066913173
-0.7227260575233
-0.4302909242412798
-0.28513582506987045
-0.47158202784913866
-0.49157518605951445
-0.2264317732736953
-0.6615170474164417
0.4113010371733858
-0.42312204057404756
0.19231574439747137
-0.03794978500476888
0.6621487367279627
0.04650294941616008
0.32947717937001414
-0.4003855879682004
0.5557451003546928
0.0859703090210134
0.36208226118618286
0.4519744858711505
0.03700829146175848
0.30626452909557683
0.11949245393969504
0.1908354572770248
-0.3822195108729128
-0.009270486262469934
0.03798011995123408
-0.1374326347972231
-0.6431676921183047
-0.12532899379714138
-0.13511793938588107
-0.4601612786636454
-0.11871405142031685
0.6723567672759128
-0.42722294879900696
0.12484093054766877
0.15232317148063973
-0.20157374622622656
-0.32654064859027304
-0.3305318080971299
0.038084684645603106
-0.556916247248732
0.4847820806501985
-0.34633887604129354
0.04640185026257214
0.5246459609631982
-0.06406380551025874
0.0955648909270683
-0.3542401910723568
0.34448460032451644
0.28214240883327923
-0.1837398818185843
-0.21884856768536431
-0.18551224321568577
0.10359939792725291
0.043475512741260505
-0.5972117990018035
0.5519345455256106
-0.38791426641085525
0.0810943389004326
-0.11144041048763882
-0.37208290291802115
-0.1302710210336049
-0.19583427069341267
0.38002103892560235
0.27810217207805704
-0.593269551238284
0.25691328108357725
0.8056063168081313
-0.3202839349545923
0.15965978462637961
-0.08865310327159921
0.47558886315843857
0.2781270489613869
-0.021005164635019266
-0.4616518234882558
0.4836329025334156
0.3046518822951454
-0.43222514279379975
0.15393572848461656
-0.5365820080645168
-0.1671294018800759
-0.49167871594189405
-0.4550717915577449
0.404387355412064
-0.14698344499743124
0.06948773279804686
0.18433873323575287
0.5335963522318373
-0.3577411742240942
-0.12318138358383958
0.07969128662559863
-0.45074205997861955
0.30840757322765305
0.27565289164135626
0.1486735286040191
-0.02612125761711635
-0.14654724840547356
0.17372681493719433
0.06408320677015472
0.3860085550057971
0.7202268142238173
-0.10560782423522934
0.15081150025549228
0.06507351935379402
0.233493350519173
0.6147262886382349
-0.3006753950532161
0.24826404183951298
0.3619297958055154
0.0053295265025021365
-0.1403416810885377
0.4605836497877071
-0.16334370168452886
-0.05859685169050172
-0.4458438819731166
-0.1251388231182997
-0.7733541568450538
-0.1281531299036513
0.34610143277397615
-0.018816080560088592
0.1763317738588759
0.22479366870911838
0.22854914048781494
0.4077035860773508
0.14971125547014855
0.6612729759085548
0.112178557382999
0.6409321226827555
-0.07647181567301307
0.2145274299810774
0.21560652273500142
-0.06466514033760316
-0.1872184068074357
-0.23960251563758575
-0.3662947085364915
0.43578239219741915
-0.17824087218290496
0.16700306290288708
0.12908658694705916
-0.09558633103146015
-0.3335434312658478
-0.17432422713336254
-0.2937520036085469
0.012831640638303558
0.03667401918144069
0.35324179498718533
-0.2760167978403083
0.2179149713639517
0.5142522089260274
0.6160728489984933
0.28166280832947477
0.44980758180195884
-0.42675675589672724
0.22258338767473623
0.611518454145454
-0.20857305749097435
-0.0077632433887496275
-0.6884381497327866
-0.26441379718235525
-0.14880574637118024
0.6248457933552872
0.5356771468816992
0.33635660207158313
-0.79368403500711
0.1113887370513876
-0.07432395338705707
0.7487819662609873
0.1299283028334708
0.2717133396796994
-0.0983556255573266
-0.08943549532435616
0.4363422482913494
-0.522469358020427
0.08438142689298202
0.3134807955225562
-0.43649310629189897
-0.34700245828462145
0.46092400538565237
0.32970320534966574
-0.5816579270307081
-0.5667688188581275
-0.13389731417429263
-0.7139241111050298
0.07379246439492393
0.2583616344272729
0.37895213541820444
0.1380827047904234
-0.020911090173847076
-0.07037573750074949
0.01906531324070516
