-0.16719385741989065
0.24427601700434518
0.25768586949944383
-0.28987305995381024
0.7265882167820977
-0.1385473134088823
0.49289852136984275
-0.1435568888070874
-0.367831394048443
0.405455885558174
0.5359046335717282
0.4250188471214758
0.36567682645147515
0.04185478151021323
0.14023761127700235
0.7429609200472513
-0.39073822821408094
0.15464372659703154
0.11683082425564754
0.2135347901292042
0.31387184404864077
-0.13463492965986076
0.061170757532998186
0.6122607859304784
-0.07816668163694672
-0.22021392338102336
-0.4944442273723641
0.03407753326182377
-0.7011206244987654
-0.018051285337849905
-0.5248485965827351
-0.4534605675099021
0.40535502867162737
-0.2323539913594243
0.21339623598036958
0.0619640536366546
0.49009220529063074
-0.11232682541294903
0.12648466453404578
-0.1767568771921478
0.009470008488970973
0.30708970059172813
-0.2909988079632778
-0.3597014513415719
-0.22428813190190985
0.12050532385877902
-0.10564643803298594
0.0033161635933487933
0.4814123391986939
0.6926312246099792
0.438882079496848
0.36622030258579197
0.4288268777992362
0.26051151487091023
-0.012788662976386646
-0.05493658229020784
0.5383284744217014
-0.1297239539467947
-0.21030789304944777
-0.2407303885312754
0.04739144577368343
-0.08195550903536301
-0.3263367578780869
-0.341273527563601
0.2409189210865592
-0.4872789970879447
-0.16029733067465365
0.3570853175817015
-0.4479826631927537
-0.10901997749910121
0.06047104847804233
-0.15309892124436217
-0.17335625715515088
-0.20110340651475037
-0.5781161402046288
0.1792025744905202
0.1485287290516167
0.24383319718428503
-0.49687330773402977
0.3851326204388328
0.09526507652390476
-0.5764713282220167
0.02157150255519628
-0.3406373599197107
0.6372711873058503
0.21723009820431335
-0.017855491778751422
0.37707508667839573
0.532350083842843
0.17019525694254434
0.6091654065967953
0.2585019783324134
0.14664336563362396
-0.113787597824959
0.22484589259412488
-0.32804557973880827
0.2718475364587471
-0.5201885392603984
0.4580171611692759
-0.136339139371631
-0.037532100374597546
0.01228935018274569
0.5853939567755845
-0.009347366991839723
-0.3372587522531923
-0.19207132600558394
0.20798921790505814
-0.5229857593761464
0.3886839875732901
0.19827973012298228
0.17172277303216743
-0.34870498469796296
0.1887117339360406
0.29195903836043624
0.17877852940911856
-0.2572387892846014
0.20493610876742005
-0.7856564657164554
-0.1241344481290824
-0.4580089779771898
0.16653479898749865
0.2617767986293331
0.49040724061555413
-0.03562228419101035
0.41949615943223356
-0.545032662346027
-0.10362493580066083
0.34905535495568646
0.43890560137109
-0.5164153287771835
-0.2522444053178134
-0.1380468657010056
-0.2332484706062969
0.8528079685634218
-0.10377167281086516
-0.10834394921548905
0.23990795828582348
0.6313547176558088
-0.0015561134692807638
-0.3839102661408854
-0.045538513027658434
-0.27068483745923405
0.06653058392869277
-0.03495919775822046
0.3432121982482207
-0.1355203680617971
-0.23146801670527903
0.17151730226736392
0.5776709289492215
0.25304508283896304
0.6267521704827251
-0.09940955825993827
0.162657178329857
0.04093942636884917
-0.42525357423216814
0.0006396297771658697
-0.4774236021151446
-0.5913879120597151
0.07336039391555893
-0.16659572115699312
0.5394761317291817
-0.23296507538649988
-0.3084363444121535
0.3653848980579832
-0.3271991188038148
0.026467459494121874
-0.3080177891131315
-0.1815119320185657
0.14249471665471858
-0.20190729653962292
-0.12583853531775735
0.1398836806385756
-0.1366836637260256
0.2558141091543866
-0.3383645121941079
-0.08946457664258331
-0.10550364491206984
-0.5608151958688375
-0.28354679846589287
0.059205567914006885
-0.05605505856703639
-0.4579056468204
-0.33307240208912126
-0.20867532498119157
0.09861482790091897
-0.2319621285773799
-0.2918006987865182
0.07465455858573178
0.21267453299727948
0.14971185997567898
0.5536341930220225
0.01535205537480783
-0.06397948396252286
0.06084308070610921
0.4290699003894264
0.07310309908051636
-0.21606333669535716
0.04274060904972556
-0.3529004456889961
-0.18862811006221725
-0.21089810250109306
-0.019483146511617727
-0.3678611985027769
0.20107006011215256
-0.18563351314929963
0.28960298338930224
-0.19593850683061462
-0.4456135102705785
-0.5028487109485599
-0.3498876870949137
0.30055455967599515
0.30696396269597676
0.2764083786922378
0.2911029520068697
-0.5436296442155613
0.005637318692859358
-0.10831261163159328
-0.1318292640180772
0.3633025439651678
0.3188719993517239
-0.5492578773584117
0.1804692312229199
0.14796651272201783
-0.12422926326700374
-0.22307523813492813
0.06495668609879159
0.6292019256914263
-0.14849763479079695
0.048422684255088264
0.40455513002865645
-0.43946217884394795
0.6691836672723871
-0.0006632186626600729
0.2561136287948897
0.05919206719456574
-0.25721403099404083
0.4022555790111399
0.3512929610134629
-0.1333167823122201
0.16622719764967844
-0.5030619502313974
0.27211471740051896
0.2586357256479021
0.37553120048356664
-0.1820902598256549
0.6313446438902436
0.22354406449162326
0.1583363667326781
-0.04826570554708891
-0.12325913811209238
0.13173230419784349
-0.25070083315804254
-0.05210750931127664
0.20647783048424498
0.10217177371248731
0.2680762549101189
-0.17973616922939017
0.17547377587281932
0.5031924388130615
-0.3313305934065717
-0.3196171365780211
0.2770973471542984
-0.28550951640434663
0.23480843415980623
0.4018680462292347
0.2861763842271817
-0.3702471856439828
-0.14530418997532402
0.012764623875736977
0.2815398243471172
0.40028932762631547
0.27451827503997994
-0.03409008701794117
0.2511063498377515
-0.49205185431917436
0.0008558757316072753
0.3432348140407377
-0.33655421560680987
-0.45524434687393456
0.1327323147605742
0.6076313112958109
0.376945043623887
-0.1500401032091515
-0.22852137898587072
-0.3317600519674635
-0.1442937166104711
0.013967496513559987
0.059595574359794616
-0.012556699634335401
-0.15705622740746994
0.03492155675139706
-0.2334934915161454
0.28302542309956247
-0.30937815021670306
-0.5044173631126246
0.1135193807694366
0.02050717922853006
-0.2661597674058241
-0.16129329178991914
-0.029579860546800642
0.179937648827552
0.16904402145569827
0.190328608931786
-0.041520734260493984
-0.16111670641382259
-0.054543854393843974
-0.023922534349136423
0.5608864862841725
-0.22675221120510364
-0.12308505714077217
0.3505363085844916
0.6283933701891462
-0.2983415950407391
0.11396513885481517
0.42598496913549155
-0.37243247959409514
-0.1487371612089602
0.5658869911250274
-0.10432396591551102
0.09467214180437503
0.17490449373111128
-0.2052760759453613
0.3397170233996541
-0.2266891974652642
-0.38574598159028556
0.29916494909792735
0.06610676600145356
-0.21401880012223598
-0.45556504634490474
-0.20488392139599795
-0.2954121749643881
0.4534054347901278
-0.05557233995951365
0.06671326905065161
0.1364207633210483
0.06353636258089806
-0.7302070260346671
-0.26184584316867476
0.37789096179841325
0.24860136405132
