0.32880586214929564
-0.5508720674798577
-0.16952525818549888
-0.13313218056997805
0.09300902401286011
0.15136601007065426
-0.054944768826566806
-0.05943675551525764
-0.06966746655248537
-0.6646758846548193
-0.10661412676781312
-0.16566474217079682
0.27785194472929187
0.21118278976957486
-0.27498779688928215
0.17146264086947818
0.058344273165004325
-0.11816459166138259
0.0001482811007648638
0.2574658441666653
-0.5598684700812897
-0.07810006893256445
0.0452578406597397
-0.6759266982854562
-0.1310612822470507
-0.08636409664806051
0.0015206635085753466
0.1457545847001288
-0.6372618398617874
0.07719974881218225
0.6810606564885879
0.07386932418171556
0.18278424401057486
-0.03570293180744141
-0.27499737853802186
0.48259752628088237
0.19068967902004746
0.3471210742410074
0.15720881962920075
-0.37717121627516087
-0.8106622249909959
-0.029296014893463757
0.12564436771357396
0.026910435734350337
-0.16288257517203159
-0.6082577277009783
0.3050201617319838
-0.41689054033980677
0.4710097458494535
-0.11416668282437266
-0.338147546242511
0.061336950687675466
0.506861391164853
0.11014042817982488
0.07612794809216242
0.21036181905072893
-0.365363876037036
0.14220383129942138
0.3874952322273668
0.05438154478438931
0.20910993926439178
0.45172642739965085
-0.5451245379591311
0.29677485755485233
0.24294042851435876
0.28875748647435945
0.09930484152228339
-0.1524921503323893
0.286974804632447
-0.2544857842645232
-0.2519436961612093
8.967391534373041e-5
0.3392828103750495
-0.4142662931230078
-0.3945057878297693
0.20585072423363274
0.32412756401517206
0.001010627759598052
0.5575399189387514
-0.5477761122647078
-0.06834777502723753
-0.09746749607971338
0.2946428209916403
0.08746287406426699
-0.07178791675445163
0.176379749365626
-0.4830941659962351
-0.009494261757575208
0.1438648861864197
0.3147222962132519
0.019434448111942944
0.5207349604704257
-0.27350599848826396
0.6364455361373585
0.13826106955094644
0.20674919160079683
-0.3448535851591763
-0.19021351156543204
-0.013208038931557788
0.70569386171023
0.35726060247803015
-0.37258358219938337
0.43330380080259373
0.41373277547844306
-0.11047090897732557
0.044961313394869314
-0.01734078706884821
-0.5133589133460968
0.6101350264875822
-0.23859451619888708
0.0873568437496007
-0.27320638200764497
0.6550092553669691
-0.18494696730529311
-0.3423080935078062
0.2524010850038315
-0.6422473237059589
0.10655544197472466
0.15263119679645404
0.20045093817677404
0.333455307723778
-0.3686164034043449
-0.3178960925487974
-0.05227153145651548
-0.22254396771664448
0.3990484273536517
0.28702975075035275
-0.33533271133719167
-0.31657769236733585
0.5637473034969263
-0.31792211055331493
-0.09888705419280872
-0.053220109675194305
-0.2672755392548031
-0.26117411624552317
-0.10035313952341957
0.30502466766809505
0.6299912864389823
-0.13729597748967826
-0.04488319709065323
-0.3378286219331184
0.2806767242887397
-0.1517697660735441
0.3501369788531328
-0.1767651699641072
-0.24152509102230849
0.16662773662962196
0.19158303023993897
-0.17863038676119788
0.3236539459148884
-0.1048894154914321
-0.2658910959719414
-0.18276838301652049
0.31658699790292416
0.10029675312933736
0.037650316160969304
0.3355777404653062
-0.3516488417458709
-0.34770083827138004
-0.4076431656980543
0.19390098600555866
0.22368426151539128
0.014403592647109324
-0.354719041909483
-0.15588236471439348
0.23436498707857537
-0.40825602855768933
0.21208274160607374
0.09664843384649754
-0.34165518350624285
0.6250617045932608
-0.24469787220087133
0.23331385964235188
-0.07785297614626431
-0.15474041514204157
-0.24585490095682136
0.09949048284097958
0.5449407571966136
0.2660716252954423
-0.4858975205895012
0.3862726003633919
-0.015892135665786945
-0.3813077271401114
0.17076009144751242
-0.11884606000344768
-0.13072334433282068
0.11639509393542799
-0.04465702704142854
0.31373077535942434
-0.13072327687621446
0.07938554381706309
-0.004666135651303747
-0.22447120182647345
0.4048290951801657
0.11994084246403282
-0.1545820894589201
-0.0818921863682532
0.41625342921405056
0.4294015406241177
-0.3952273486644553
0.5297559111756956
0.09091967533642609
-0.48543286607120245
-0.21128333589751203
-0.2513082570808708
-0.1868348447907339
-0.4419240002363685
0.0836062440847126
0.2534213643104978
0.2478433900395413
-0.12968842327840818
-0.39041180484808985
-0.7077652426631699
0.20520560305356358
0.0041535360374229625
-0.4911153410165565
0.06417769112777105
0.19914878272885414
0.4477800186063594
0.2145194665411688
0.37716700112093765
0.14349745580139733
0.06013835510937398
-0.17059918472093208
0.32973888226248016
0.6111736644394192
0.4794066204982682
0.3707234773158508
-0.34503870541988785
0.09259201486209982
0.1973286625037431
0.35208566055645113
0.5830380896647561
0.5845516027559737
0.019141101317576542
0.22129742076748304
-0.13321832670235817
0.01783031230024213
0.3313881604188421
-0.2259571751431168
-0.4001454424564432
0.41743893025890644
0.22721749704448582
0.34723112643042153
-0.1635362936264012
0.5383388852612246
0.2500507389542075
0.17736469183655013
0.047204840591919775
0.37130638239703184
-0.4353525786082555
0.2872761415726412
-0.40323302525761767
0.09505009130168929
-0.5657557928291125
-0.20725877765880554
-0.8037579022485564
-0.003033562575969859
0.16587829172799143
0.4128403788881984
0.2831494742738829
0.252869097210294
0.11784514513881245
0.18361230548717425
-0.11237473059560402
0.031641582930537655
0.31770218202569656
0.23698786063115132
-0.06025654752172775
0.6304776870206031
0.14055097670617736
-0.20333360105801146
-0.5084251273687938
-0.11104910633869475
0.29742935832974915
-0.3030419801021885
0.4374190649484714
-0.22306273384003567
0.24605360229042325
0.2231637423327278
0.3991672794194309
-0.17930749083992395
0.05960216185053767
0.11321183581285531
0.3017814735930402
0.10824970076108492
-0.15281746827720802
-0.03977607014222506
0.166837030835255
-0.25261709346861405
-0.3263133350101523
0.18376041352480377
0.2295758482739139
-0.4188260128410915
-0.4885597055317501
0.13666481251579585
-0.546423769759036
-0.5583841674258975
0.12173632351340143
0.07110898742370361
-0.36104434468894037
-0.3363823772536263
0.02694816780589839
0.22303351273532865
-0.11825338985064697
-0.015509376710324494
-0.32030230926636694
0.6938976157463292
0.03254965044515393
0.3885855924836066
-0.4224558139316821
0.5343120308961784
-0.12957478712410683
-0.037988371020001604
0.10940365342195356
0.09698859172405498
0.006029631423629881
0.024804984140533042
-0.34872593059633317
0.33164460578054467
0.34623271045819126
-0.4822892603503685
-0.0276390312489214
-0.46312098268843177
-0.5643456710812361
0.3738671448448865
-0.22323921004449293
-0.005674772274378275
0.6495074150101844
-0.06456290333691524
0.0962534368539442
0.0985898577307498
-0.20998377212587266
-0.3678634037971332
-0.1762710287479373
-0.05075632289354648
0.23695847088372668
-0.4002191009433997
0.2667260130263659
0.11801568464911874
-0.007698466445712102
0.13233182426089707
-0.23720381906220117
-0.4631122934663758
0.27222397934780024
-0.4364734330718513
0.20234605029630554
0.04341782702174449
0.24344123096156953
0.11111519832657991
-0.22790845434770624
-0.07457765643878274
-0.49547801715995843
0.17153119613861703
0.06988713277181234
0.16969851080003082
0.3833611120868596
0.2596891510190598
0.06482859661986658
0.4489728449367545
0.04738422726642737
0.21599467140558326
-0.16766684079770677
-0.009202352103701518
-0.7228538115067593
-0.07471601841484961
0.34909335237795563
0.30287315568450435
0.06905804575103897
0.06280108131108952
0.30076926595751946
-0.08356227207507577
0.7766943891302739
0.047853632110928634
0.20899143596891098
0.07048277973682701
0.3883730575571781
-0.2518840435387043
0.39260650465969366
-0.3251900962983676
0.39478288110872156
0.3539854498841837
0.4225405462213469
0.26947328048923336
0.3128912325930238
-0.6544705520709703
0.3326461167957311
0.22163598030723847
-0.22931411584808428
0.31598016471672064
-0.2340814165811739
-0.01144504519564178
-0.07900265777658586
-0.06508526500150973
0.8421439767263662
-0.41161607099712616
-0.05428610958506298
-0.47893909217031283
0.2514781774814557
0.10122056641663195
0.41035526384793997
0.12893796205034955
-0.22262789086904533
-0.7160314164793609
0.12146924371815433
-0.2949735733087032
-0.6616332668221936
0.00789991546268595
-0.26708890461825285
0.10575875452339603
0.03341918196628424
-0.40358056093966665
0.16451583706578324
0.43283161456023644
0.29423969755458246
0.18365608597499553
0.17410943625793535
-0.07436206084922597
0.33834718374818246
0.37650217235681055
0.2850623274721205
0.6737778417639222
0.12236966231981128
0.33249764463119064
0.03310305286215372
-0.02326462430313673
0.7295544194554311
-0.0897522158197781
-0.19524560730615614
0.5223854550591154
0.6444765577823608
0.27152875125437603
0.11765621708111583
-0.11656394762734233
-0.49850617305414374
-0.59076457982059
0.00986735930687501
0.07351300471216583
-0.21126260335342278
0.23749649868454603
-0.10600576767028766
-0.4462155363668527
-0.2116427927156324
-0.03889207637825735
-0.3331665329171134
0.18163312152864533
-0.3544454251203279
-0.0854038208559993
-0.6593360065235285
0.19109486785809315
0.0914199119459582
-0.21339630071443375
0.06510079957311682
0.34283505199336367
-0.3347114234014246
0.024519693887294178
-0.18817821282703356
-0.6425444953678958
-0.08130176666570478
-0.11408549674452376
-0.1432837875144906
0.20688457581273437
0.3284387781980571
-0.721225256558622
-0.06584623139976623
0.2525319518543903
0.130585817762227
0.1355316303108057
0.13391912440912143
-0.12019551083830785
0.01896766981383286
0.12224955483727289
0.08135680063166813
0.01378038301754278
-0.3646685624229852
0.4171449790678387
0.39686468101784167
-0.6250300321178216
-0.09838060086690523
-0.20058628770202325
