-0.40206675271379155
-0.15310633136236632
-0.5916484969457634
7.670378495342833e-10
0.42732323427582625
0.5312698816692051
-0.4149579955518705
0.12595720299817467
-0.351427687295606
-0.22168408607430612
0.2893466237425739
-0.3085946130984957
-0.136345807859275
-0.21436243352423592
0.20162426162010302
0.0819708858652832
0.401968744233493
0.30522490495469307
-0.09533562225880728
-0.04457345425868498
-0.042875415198922094
1.2967544319534908e-09
-0.06613075157747121
0.4226286959052119
-0.3834890093371348
-0.34821131529614224
0.3435776748864983
1.0388937398410525e-09
-0.17496964789690353
0.48812336336633405
-0.38175926176588576
0.18855416233812547
-0.42749374312986005
0.37225305998989383
0.32909291781180544
-0.32382999378756716
-0.04753753995689734
0.1269028199910244
0.09332154848264189
8.023162001348617e-10
0.2630192043311528
-0.3385014160970678
-0.278845924929102
0.32404431353727803
-0.2706790653520215
-8.307564291882549e-10
-0.3480624731983449
0.502833790291452
0.3406669435711727
0.34002551156667876
-0.22500050132758045
-0.48947227792323095
-0.016055242904775776
0.2986099033413652
-0.3938187736710184
0.22557523788183118
0.268234617686063
0.5669809342558961
-0.0009705976892746585
0.16323683772488887
0.09839808443435151
0.3947907215006723
-0.050191268584156616
-2.1385883149642415e-10
0.3857494570315764
0.0877281874464872
-0.2834488878565278
-0.37506236671371085
0.30048967385128894
-0.41165136555233994
0.05090315895030741
-0.3460449722520203
0.08619960606831678
0.05413603362804881
0.08528873309457997
3.293341445470871e-10
0.388444833142864
0.4655860132421493
0.2783817585657976
0.4587330901957506
0.29866035775480804
0.43782124245293375
0.24206381740291513
-0.12026438875892667
-0.2595953140540678
-0.3155709692149712
0.0884897903886768
0.4985038481833808
0.025571140116318558
-0.2642414511957966
0.08804233814521124
0.09588518264056647
0.00011276902446741494
-0.030853441667156273
0.4404134687076202
0.39744138731943385
-0.39325869251971707
0.22583078040439777
0.10549121520688666
0.5656524889661524
-0.10553729499852643
0.2906198283697652
0.09920925712331098
-0.5943012748604968
-0.2592595277682057
2.1656699545059427e-10
0.4026709110096137
-0.26032878296028616
-0.46965128531358763
0.5711751132435477
0.09878298092663022
-1.1043585056786152e-09
-0.11928163961844146
-0.5705525194193791
0.0
0.0
0.0
0.0
0.0
0.0
-0.04296647424808713
-0.2238146451707077
0.30315771088016175
0.5255783138051238
-0.17502632125292256
0.0981672021471764
0.39532768379810534
-0.22267106526668617
-0.10849824935242537
0.5644971231135859
0.09957716736895343
-0.2951864149358326
0.44023371063070277
-0.13106690143217806
-0.3464933991459132
-1.2500040885711593e-09
-0.6867570136852194
0.03769098094390737
-0.22623642410288494
-0.08013761987150489
-0.5013247647863013
-1.0346961354745515e-09
-0.013339788711570405
-0.18881530109414593
-0.1682145119817463
-0.17437184561741567
0.1807072693684152
-0.4322083482248872
-0.07780445271032796
-0.001253187481093062
-0.06952908845397007
-0.28330704788912237
-0.781497806492462
-5.464273407752322e-10
-0.21827876237255633
-0.21373585902919262
-0.3559264640895242
0.2652154140449215
0.10546137466245031
-8.042216724513768e-11
0.17842308096624596
-0.36056068786468676
0.21753346444327598
-0.1952813927890792
0.36331096027738174
-0.29290442324182203
0.15777870145589973
-0.2460835208270963
-0.15438693561039693
-0.059872204207735154
0.04425880420143577
0.06252089340882488
-0.44655951599795796
-0.3758391630198569
0.31574517135492103
0.07514743770081446
-0.2383250892253187
1.5778488718585433e-09
0.7161561334712406
0.02048060038330334
-0.28815187430204336
0.11436953768899742
-0.3038519964110626
-0.3948661366444809
-0.15020238996337468
0.17314112863907813
0.22453548973146015
0.6952084744206221
-0.250164242989936
-2.51532234619408e-10
-0.06748119679409353
-0.11763569277654934
0.17828310113008092
0.175036173081082
-0.1971289264549963
0.3758834283113541
-0.11093148593514233
0.32132102014835023
0.20467423018111858
0.3761498018604665
0.346738201496597
-0.29063672121846273
0.26504113620311054
-0.21883138942771224
-0.4137355424677014
0.21277899462812416
0.27186143453618594
-0.5695825712717432
-0.07383983164601923
0.0997080017489073
-0.14220322652432343
-0.2110310747729966
0.20321372130038046
-0.07357641992410671
0.40044520754456453
0.30957612448335886
-0.1303596931837753
-0.2214784010789981
-0.21839296697036686
-2.822229801409293e-10
0.4043095417785059
-0.25024997922876274
-0.06675766079452916
0.24151755614757545
-0.19564650187392968
5.322320045187442e-10
-0.0033983264404970335
0.050930132608732186
