-0.404910363031405
0.14011420565718596
-3.648827554996595e-11
0.6617159730449134
-0.3518496265563644
0.50472707336956
0.3304468219659206
0.43864362148663855
0.3925149200355116
-0.20199309036336044
0.25149314195584127
0.23376386830523388
-0.18358949177839778
-0.24160352100802937
0.4620744877846508
-0.2962846960520039
0.09789011390553824
-0.2947153694528016
0.03086757222665805
-0.4376648908796875
-0.26665022901309615
-0.2150937857920713
0.1421555292457287
0.026086832361447657
-0.1599632656772155
-0.5048402431102007
1.3956303965702852e-13
-0.026709923592109153
-0.5505015301449883
0.29697125293940446
-0.15005285433511395
0.4751212691788233
5.4489232962708955e-15
-0.004605670573776963
0.05572829957984148
0.24808572797137912
-0.3381468158970623
-0.3709400161021305
9.033650878878214e-13
0.007980409285109168
0.4970528136401251
-0.29057715045139076
-0.300791877669336
-0.057085926506431586
4.005527977664051e-11
-0.6578757278379039
-0.30497277601858236
-0.10471680459528789
0.36010120984154226
-0.4188528150618464
0.49501117999626676
-0.3458416997677628
-0.08437961712358691
0.30988372981698203
0.12304214976856494
-0.43612100342983673
-0.02787757624816997
-0.05397644051999727
-0.12728167256328968
-0.37530686689352477
0.2762549539502022
0.438342138916029
-0.5515899093684211
-0.3160500112807884
-0.246756464035848
-0.35263444806297517
-0.3109342746150746
0.11877815618525663
5.577978468495443e-12
-0.16207230912703244
0.13066565975095323
-0.5035778180476554
-0.32578654800968015
0.4168448758736954
0.5793273810489267
0.2868933196728739
-0.07981661139841884
-0.12112335179068828
-0.03804704080374553
-0.33832136766601406
-0.27680581723663317
0.3264329107384773
0.24996566846378587
0.3567303562122936
-0.3707551326523026
0.35386226850930513
6.239874910527516e-12
-0.025535678252986773
-0.5989449060581644
-0.18683777131550014
-0.27926856787416227
-0.4288489726968636
0.2683195616441901
0.26780117868219017
-0.26622581151355074
-0.1477144212850879
-0.401433711555705
-0.12332752274609654
-1.0296010397509858e-11
0.28519899102848933
0.25522184409400545
0.09166102892923167
-0.252851996919171
-0.42618664943196255
-1.179642544072847e-12
0.026306818442860407
-0.26168302935739945
0.39305547834678556
0.2501962543951584
0.26471230268195073
0.20678537824161825
0.3452788287746715
0.07386643774816397
-0.3010873436484076
-0.34545854372886764
-0.13976068503617772
-3.442101747359717e-11
0.5026309786009273
0.1351688430720952
-0.11730189867635557
0.0
0.0
0.0
0.0
0.0
0.0
0.15426303441797132
-0.019893011100090868
0.428243463216286
0.28088346272690834
-0.09003512534833204
0.3017383480847958
0.31510118472514137
-0.36664993947735136
-0.35206388292009283
0.17858043469682636
-0.24858899539639434
-0.2425452281481812
-0.3633658764311278
0.03642097692360639
0.5161019439666863
-0.27086082238316395
-0.2263309218902324
0.38069213552767467
0.36377417962031805
0.049510439469125186
8.176980351874022e-15
-0.001008490396764045
-0.35471960986435114
-0.2588065817122589
-0.36797865143639447
0.17765073844520424
-2.9991108993543813e-12
0.026618289980651355
-0.6524791244614931
-0.306047255303164
0.20874906835560164
0.3459910730149083
3.39379725271026e-12
0.025883187449973755
-0.42634688698972256
0.2660307593582339
0.27111827928449717
-0.12806419738457536
-6.886411484932414e-12
0.06937207693888767
-0.1760973762115211
0.4937232380457074
0.05760373083917999
-0.1318160803863792
0.30401341242748964
-0.010878131161367667
0.2535122080138025
-0.22269810379578733
0.3432994137585008
-0.0510187205449158
0.580245336581013
0.34170475075072476
-0.2349007000022899
0.06949886579573908
-0.23804802386923235
0.027867029739031567
0.1822405460000611
-0.14047484900565974
-0.10252986241850823
-0.14580781839477855
0.2593939274764219
0.07449676412304401
-3.498055271981525e-11
0.6414550681980686
0.3268623318551686
0.033785997839861054
0.16387250004791293
-0.1380344492871655
-0.04289532367747036
-0.1934348422597765
-0.2549856230107659
0.3618722220426705
0.3626790370786327
0.2801054342096737
0.5107265259458205
-0.1142906277168163
-0.09443669741809345
-0.13547851056769858
-0.143052770644478
0.3634463292499446
2.1155581300558395e-14
-0.008203940380578104
0.26462887877297836
0.34694902339923406
-0.23452345923777063
-0.09430014409979807
0.5152329949561526
-0.21904167838729713
0.021884732830596065
-0.3519545802725839
-0.05312648830139565
0.06680946181114923
3.55050624381664e-11
-0.5969414457347333
0.24243918692631303
0.49634778332238394
-0.3065721092739275
0.27509060404292673
-1.6759539133136416e-12
0.004926155631645941
0.6003638785027249
0.025412391736387895
0.265310010094883
-0.3504346459488105
0.5428658844756679
0.020333524113165156
0.2568611104744888
-0.2344214929729013
0.21119952161056657
-0.011089535919882524
-1.999258352111211e-11
0.43039499199379844
-0.32474466912213806
-0.49094798937469564
