0.27392230542770196
-0.04956195474598702
0.081778178081312
0.4652367498998925
-0.30815585894120384
-0.4403292867052123
0.6320696371759023
-0.12511137904386047
0.2535639172753603
-0.2603772544670606
-0.462175663459132
-0.06554669165469797
-0.006383112384181851
-0.12476786289932776
-0.12819529346697808
0.43616519389193764
-0.026800360356081934
0.4132007145353118
-0.14240493468132073
-0.1532982416077489
-0.28272457202324536
-0.43031584901410846
-0.14759328028574548
0.5551632196752874
-0.0279758213418422
0.3187656093581865
0.33380062963309093
-0.1341782637360682
-0.537677192977656
0.2230946897226256
0.26566928436378356
0.4760278961920533
-0.033511764267790546
-0.11524486751148204
-0.020167297636940407
-0.3226952286298386
-0.427309953964019
0.2587106200039583
-0.2885278322880708
-0.21465461144912423
-0.20617317039340885
0.004004543832540154
0.21923441963526938
-0.16891877630075175
-0.20801305058663153
-0.5024347927298376
-0.17556889817669774
-0.23003179025573933
0.014582951580980903
0.010578231616836088
-0.19800551922863713
0.040060314100077696
0.349069226213216
0.1242006588669375
0.17008914576222436
0.13563446019432215
-0.12353237189058176
0.07716214223279319
-0.2336407975347211
-0.03635934131456923
-0.13514190903432047
0.004064970450547937
0.06195999639175588
-0.21364827998203553
-0.18927959530084976
0.15334036603389925
-0.2530821052043804
-0.3823102286053894
0.024045362831543012
0.4976733652597916
-0.4755075914781323
0.0631746703314719
-0.10508908151497397
0.0023336539225578355
-0.3241147264291381
0.10050109019175472
0.12049192864402206
-0.32689998265255404
-0.4294602305638246
-0.043188515944295354
-0.24592144675666486
0.19130576674078215
0.14716320460743312
-0.009387277802614127
0.3678817883109474
0.05925130071848914
0.13618535535817763
0.5339533857914699
-0.46968185449691446
0.38675561947463405
0.351812818349659
-0.2460321244689026
-0.5130402412925384
0.17870433828121982
-0.005601286681413462
-0.3207061687494797
-0.22745750718658084
-0.13998996096696367
0.16116543717083984
0.009602726166458677
-0.3891086156620802
-0.33033271803418357
-0.11326850530631953
-0.10227227961114609
0.048154148621687175
0.08612762704460107
-0.283132094087554
-0.8413054646311283
-0.015424914035756224
-0.21388733375345145
-0.28249075278516783
-0.3757871377483368
0.35103119795153725
0.07019866652950618
-0.25718247730266913
-0.32758986080311053
-0.49344823823736594
0.01466937453067517
-0.35255162856489447
-0.05077339556119664
0.09041632040717097
-0.34152912715764105
0.22834410585233442
-0.32892368251414905
-0.3072521490131469
-0.35597749978118814
0.22899097331261628
0.13879411848449458
-0.17598720422794298
0.2745702559006902
0.1391793028679477
-0.41818455946443317
0.5779047029531084
0.3794082407834497
0.18685291424661266
0.13897463493967288
-0.02237734936869577
-0.34381586348603255
0.14588516088995213
0.7390906092360543
0.06671106244667731
0.10438851335894306
-0.1256875668116823
0.17611031495960533
-0.5149294478667348
0.16920494634127997
-0.25542454700555306
0.16051316570744092
-0.5020678473289786
0.4711291933030502
-0.11009434575439454
-0.045448580839109756
0.06818339581583518
0.12218866488046534
0.41791476037657843
0.3419599811460365
-0.03059256491112914
0.09511376074228259
0.0242251349603622
0.2420375768887042
0.10568957186843907
-0.045972946042947285
-0.12231430185752407
0.15218849161884007
-0.6322116706455662
0.19180991481574405
0.3417152646024769
0.17782233009965498
-0.2628971324964596
0.2668753397578374
0.10382441448545394
-0.2481874872106034
0.10256970049209231
-0.23348621675969816
-0.38014047972506754
-0.08419241126419555
-0.09498247389518658
-0.23808019198546662
0.0469966490043982
-0.1983775978136753
0.5070620280604874
0.1141891995239567
0.49809642387257097
0.33689122781117714
0.10594740884406563
0.14601338342772732
-0.2133937831362161
-0.007827121903122283
-0.008124244995274218
0.1754258020484867
0.16919613060948346
0.46304164339291976
-0.08192845920227149
0.3178502221049351
-0.25954435387997465
-0.03813028874814753
-0.49594377716555166
0.12018039606989435
0.07275487378559403
-0.1889794023537517
0.6947029310926843
0.4273655133650272
-0.15813292866323753
-0.1376583360092012
-0.0746501003629581
-0.20546047357562253
0.02813432564652586
0.4235395996407253
-0.4478983917577807
0.013937635266153069
0.09580562340918171
-0.4786524735018112
0.3498346045915729
-0.16979706587944285
-0.0990432019075165
0.4749339474316882
0.25433450347832837
-0.5170832041407127
-0.2735365390265781
0.35468578033273435
0.034234335417020846
0.3049995365495478
-0.3602077099878071
-0.32294337601448564
-0.4663226680619419
0.5473678519265217
0.012120777188317038
-0.21388231067034869
0.5937066651319342
0.3839257674563974
-0.037122895170549376
-0.14498344885499526
-0.03385622798704646
0.05655818673028153
0.03462526746515672
-0.042728598228260285
-0.05984870063038732
0.2216840964809603
0.5924224099207333
0.061747110082197174
0.1300296077636276
0.13918633158793178
0.23013212517128812
-0.20931046877435017
0.3161174813478655
0.04311572730794915
0.600223678844831
-0.1244558039010729
-0.04938693030893233
0.4036795246834354
0.07776047640072924
-0.24303169717447223
0.25024329913876664
-0.3024195787319032
-0.34329694187094334
-0.15517112179657652
0.12476816673375082
-0.22259451961424362
-0.008266908814567847
0.009662327045526827
0.43561419646626937
0.09889974847189324
0.0822587162209724
0.4720615228198021
-0.12002091149720572
-0.021901506343301402
-0.061999655329857385
0.4895324198255722
0.1364861169099288
0.5539628349256881
0.40644935853832276
0.3216232911001277
-0.02003886672483594
-0.48148349500454507
0.004996221134005885
0.27880315054983257
0.14886487523362132
-0.4410838913117948
-0.20943586010183532
-0.3905152678908172
-0.3599972119441298
0.03569603272236209
-0.4223884811016145
-0.20650920969303677
0.409667133631307
0.028595439830991536
0.5053888353882413
-0.4200815142670527
-0.3515430779018853
0.7251988807791112
-0.09522391956647097
-0.12602980947363748
0.148498162024207
0.4231429362132586
-0.010613546359067718
-0.30751154216542886
0.5276896405653291
-0.6452277188078839
0.27180053193153264
0.09782018056337373
0.0425647109523803
0.10717780584260747
0.12435458398225764
0.08529476088397356
0.058256662971143354
0.5215370901341528
-0.17269729529418373
-0.31277431535080186
-0.5851855904021719
-0.09578357449005738
-0.15325440878825397
0.4996622860959079
-0.5745049868983023
0.10312717717236375
0.4714457763994876
0.008993766678788782
-0.026668218092724627
0.3621241249817054
-0.17863921135096877
0.04518221751813314
0.14844477282429563
0.32547733578886795
-0.15750255859195217
-0.02422492673241586
0.40921670293145807
-0.27454274489071145
0.18530198251337776
0.1895652140723787
0.08851709869963144
0.3110104229436399
-0.27097200563477036
0.42186267036665476
0.4949009097475976
-0.17896815836969018
0.3237504754779874
-0.09438930204345664
0.16084901184462178
-0.154312486058756
0.04127114792843199
-0.3353467328822673
0.0023760434416503252
0.12314234196568322
-0.1567244458699562
-0.6083500083801223
-0.07805178779495514
0.24594272928590502
0.3215538471779599
0.20054290945312428
0.35224266873377186
0.45541193564106336
-0.1525270010997011
0.2988639880535686
-0.10495262709521683
-0.02984897725613025
-0.33660120739113153
-0.2532290215143008
-0.13515552538803352
-0.008737349272337906
0.20361266746399326
-0.5064585624370975
0.4895702917883238
0.3537932036598632
-0.40691096290157047
-0.27040645867545376
0.08738390021284585
0.1284872329063821
0.30086905814769027
-0.14578597568662488
0.1350055258429226
0.022196632777680175
-0.4661499415637543
-0.036698709371628044
0.24188219951020765
0.10457252727604169
-0.22774581620996892
0.44076435663793806
0.10867150298415448
-0.20714674452110954
-0.23103142824440248
0.13278890443394942
-0.06607571647585708
0.06030099641497832
-0.2210907972389608
-0.11525870506533191
0.3327166824868975
-0.17274525851636177
0.4789466589714624
0.0912976219991917
0.4907341166719114
0.2357091306313703
-0.409271431004745
-0.25997179238275536
0.3026411236587829
-0.2410745785833409
-0.7286645818109001
-0.04260882894893054
0.32436091202509554
-0.22095827621426853
-0.08394513594894336
-0.3584392058810602
0.28804225090714813
-0.06692370257446902
0.008291595402242545
-0.14422471745197418
0.14859645514767972
0.6500608013179883
0.45064456583418
-0.23160259009861808
-0.4821014686107243
0.4390315437903071
0.1028485022900661
0.3211572097365787
-0.2951554658590059
-0.3393104916883708
0.21568857998686358
0.36406915453769273
-0.1943289958307566
0.12058350662066418
0.13425163200759316
0.2937905100083134
0.2598592813918527
0.4170969621701385
-0.5741937723244396
-0.12406010023758167
-0.2926625018036174
-0.09104538091008527
0.1041477021094803
-0.6521473801540132
0.02441891867099038
0.1152025005507147
-0.2793883999770263
0.187001306306921
0.15466491962530396
-0.2709967293649455
0.29374958925319256
-0.25225708840976435
-0.018262473574832457
-0.04655949176961433
0.1668933102479398
-0.3504044117550798
-0.5621177600810807
-0.16053423083898166
-0.18303493678715624
-0.2129384047493549
0.1859463272881921
-0.3006950884203827
0.0929858253524949
-0.045917521046497586
-0.3693748178252912
0.32084244791565647
-0.04384418194757844
0.052792745737968855
-0.4613210698711244
0.2255589649545163
0.2213195142605035
0.2360768571930333
-0.025581522951546327
-0.08405973101866045
0.14464344195004036
0.21026588980755903
0.28726591407517305
-0.21822328387386486
-0.3348063085179684
0.44337128777926316
0.17808892468271292
0.148418535857759
-0.22709947063884858
-0.24367757163463077
