0.07309248993131086
-0.2669486876855603
0.5360197907002378
0.2136330202031183
0.3586725335241043
-0.3810550283597108
0.2466337897956389
0.38077535308786414
0.31378047837284384
-0.10644022194260264
-0.14800446750241705
-0.5592423005576649
0.4368810409475663
-0.06081491326356239
-0.14409214000981901
-0.29929596759011223
-0.015748334847032718
0.19872751508724532
-0.330803592190216
0.5634643835837974
0.10535772447283073
-0.5870123217825356
-0.054876267840877214
0.15020921146155403
0.3407346249259736
0.0594571737591206
0.41206814498835037
0.006335923987861739
0.1307036635311142
0.5412231228526102
0.17319443408687224
0.09460292933512353
-0.15625998664745383
0.4951123374826478
-0.034957817958669826
-0.2540755564686932
-0.1697926938147875
-0.06875860003286406
-0.16956081926053473
0.02863651794247641
-0.19300759321483427
0.22199486885739916
-0.5817887776985146
0.17432425466871748
-0.03239528389367744
-0.08213094528606829
0.05853529411856701
0.08784121850695648
-0.05595912755826292
0.28869129666808313
0.5624893744821076
0.20907801505214574
-0.014549402030422754
-0.009567030208390248
0.0077970149615505194
-0.17718183039103633
0.07880864262755323
0.574840077075344
-0.34455811257816993
0.5325739624418225
0.08814245933084777
-0.0713645501109498
0.2351497201068347
-0.223500710686068
0.4367532752604593
-0.12168487739188619
0.17662898322434362
-0.522896365214133
-0.03301125293314178
-0.05864745845552518
-0.6385298631633899
-0.11633112441566996
0.35892080801057924
0.4871886281074011
0.38733600277469454
-0.021563736630639117
-0.23397811802993754
0.22817195770502766
0.10504580034005284
-0.4578460312435953
-0.06818021415193676
-0.5417568195474735
0.2421187266636405
-0.14396187881612227
0.40591136180111026
-0.10412569144031285
-0.04926044590949457
0.12521807566780832
0.4108993883205768
0.09665762897478404
-0.3237348754387012
-0.4618403920039854
0.6023741665022195
-0.02577158999191456
-0.04943596598579629
-0.1717453438910724
0.15603086495502272
0.06569382203325816
0.7198959385328467
0.3877557445420835
-0.14241176481863047
-0.1581151594847022
-0.5094097693174745
-0.024835961337983076
0.39465678584121383
-0.2995519481444102
-0.018511881108267736
-0.12886697491155705
0.09402289202420454
-0.0669890311986851
-0.11003867993357891
0.0206629762821327
0.1008149019000886
0.13830063254328062
0.21886692480861966
-0.3188057500541511
0.20215938653451243
0.4818594732369697
-0.16543209603376946
-0.6157473753627644
-0.24140889997841333
0.3966107608247408
0.1436739695828304
0.1384633109332546
0.05692271511117421
0.6988817722760845
-0.4368328722668213
-0.45126859913215084
0.14393140791909656
0.10973923672383491
-0.13758743026051218
-0.35742331151916273
-0.3946400348995204
-0.20825960078920402
0.2216801241827742
-0.20866393063243868
-0.5340563130936739
0.46140746265825966
-0.19917404861568636
0.2011133855285153
0.5663290762629607
-0.12876337636234086
0.5738436786040114
0.11333708523851325
-0.07193447852532071
-0.03185513707634462
-0.052592599067528584
-0.0546126320895284
-0.7019378743504774
-0.194874093990237
0.03948559249778161
-0.5848946631497571
-0.09467531082851326
-0.10746937962616993
0.4215579852187851
-0.11525969620148281
0.2303518782880299
0.3672876502858152
0.12212620226388578
0.7318023078384429
0.15021142500429838
-0.041809228921823254
0.026540244575469874
-0.046125161448135533
-0.054454015480318335
0.5341540565504677
0.28820785724466547
0.23378285734658147
0.5154625147549764
0.0613530738291175
0.13425393758354265
0.20580250300853178
0.023228481732546668
0.5872968974760403
-0.29619260288374777
-0.23841699820493542
-0.10188968523947282
-0.20158505669242546
-0.15699493587585459
0.058722970844128024
0.3185614482324309
-0.07073793305821958
-0.15949648696555666
-0.23430968146294004
-0.1032420584973001
-0.29537845742370855
0.26657168508432433
-0.07723672645191691
-0.6888148075862996
0.3214098535987372
0.11419539465639786
-0.14393871009038625
-0.08845774260399294
0.07925888772245625
0.019995647819041902
0.3765602209480103
0.3674788417230324
-0.33566977819044674
0.09415923251866021
0.1553582204731269
0.3429751704985092
-0.08227227236355746
0.23896195975691126
-0.3985312881133876
-0.010763520619696388
-0.38272358423138475
-0.503531302335165
0.19695599263866814
0.3385928304436063
-0.2989534167865504
-0.23980284072154182
0.21177843252735673
-0.0772690070570979
0.7035531602464885
-0.19564179836366907
-0.38611329226311764
-0.32682854707813547
0.40401728093837685
0.06032605132865932
0.18873858391973503
0.06524976491505012
0.38891067044468924
-0.4430365621158643
0.23551200405620173
-0.19775694962047963
0.2236727848010182
0.2694471459663932
0.14452729074996032
0.3073328287791596
0.26216016292498984
0.23054800308555035
-0.28613800027135206
0.28588421569014233
0.030750185492444123
-0.35149752983770033
-0.2193110045951825
-0.14498221167450842
0.11931493826116196
0.159269778604705
0.5190413638644892
0.16743770763724752
-0.15579743108519992
0.2778352534630085
0.3310330536161911
-0.15495398887209502
-0.22624124621606162
-0.14716441838811747
-0.05543279983252492
0.561117067884291
-0.13083341604023674
0.22677950562093283
0.37935868258239475
-0.5467718475992839
0.20498711917477788
-0.18003464461822188
0.07987732900616759
0.4546640488688511
-0.46782180943715335
0.11395950275119958
-0.01661993801988672
0.1624236967138593
-0.17652842789148335
0.3825842839293698
-0.31529861044330265
0.2970789254076007
0.11787531038070524
-0.027918783713218428
0.24377257643968095
0.27242392990342257
0.33640321016942665
0.02175434792400072
-0.28712869342216396
0.5567263543875421
0.31837188971189795
-0.31764363568516013
0.24543173122933337
-0.18168033903339384
0.21446351799707697
-0.10749854105898941
0.3144298354674177
-0.048609832194374376
-0.005623533151283702
-0.05691026401055847
-0.20471005744908954
0.3193070755849878
-0.42127843428905404
0.0009855855226670138
0.275572238410131
-0.08822796499105703
0.10481547052200832
-0.07106703351983902
0.031919890735123586
0.7749671161546113
-0.017613509320410572
0.10195446644098961
-0.7913329753715664
0.1949948909254782
-0.11748758765699645
0.015768745196741794
0.40207031278074457
-0.5155497118093866
-0.15992843602891935
-0.4420718298791094
-0.27351747533931875
-0.22334882451097213
0.02651124220600943
0.06068495780593616
0.5086740921068088
0.23890339496639415
-0.37907795344471035
0.2761562059093317
0.11681443515259216
0.06628064236249537
0.0009564846687241436
-0.08807341113771393
-0.18263751455984198
0.36235042734532896
0.2296373503406919
0.2904144841264429
-0.38326112243634697
0.41164588579353334
0.19410466669583057
0.3801207732862914
0.30574335103358785
-0.4041541786407201
-0.06579905994122552
-0.014188202403315224
-0.21548931324670517
-0.05294747286401426
-0.22910370833454224
-0.17170840842005874
-0.0206937362976627
-0.2071997519094918
0.3192826933890621
-0.41607395563357275
0.16916854952185204
-0.14524015431014145
-0.30497590035295385
-0.10436443800001029
0.11951617594301985
0.46591862730166106
-0.2132737121776265
-0.055531643823885764
0.21874275077950492
0.4196098594374386
0.04829623997707575
-0.47799827556882185
-0.4126586692561754
0.048553784114089504
0.3607362434884067
0.08890809412854893
0.009034212701842034
-0.3730722789036978
0.08235711707005686
0.2893805267223378
-0.18695478893645073
0.282509833484056
0.0056117021628569914
-0.2280866169092904
0.08302115626210706
-0.2904076484802399
-0.12432894749619142
0.1757883011973907
-0.43677666297023743
0.23479534941363378
-0.31757141085872237
0.4362564148964758
-0.2755332440388022
0.5155286461716255
-0.552785437679876
-0.09542354818391169
-0.3133058882398307
-0.045698760224753034
0.21011017093422305
-0.19442014821297007
0.23877881572022377
-0.17246273643465157
0.00990009283929922
0.06119712358622196
0.13270566405900666
-0.33495463764929223
0.012026129834629685
-0.0715332219921617
-0.3378154853538236
0.11958126687901106
-0.20362358007496736
0.11742948881219803
0.4381089743058569
0.38282729023874634
0.13433124799020102
-0.071430288557322
0.11650090991618044
-0.04163837783577623
-0.4080638610830216
-0.0769201927608739
0.1313397980704533
-0.23437441150091756
0.20430767661997948
0.19223918422964056
0.1367557395250754
-0.12158915862458787
-0.270772342030057
0.19085288805394737
-0.17067206350714084
0.534478047080896
-0.14566828866204412
-0.25792869344010627
0.13565561489063363
0.2936393214344104
-0.17644637331214255
-0.2896345759488074
-0.21115935999827112
-0.28796409128179645
-0.3406948076812994
0.05098163974411252
-0.04934837472125533
-0.473577565979719
-0.0074615337416277985
-0.012397419924164613
-0.08807617197809423
-0.1514313303037435
-0.0743045759522795
0.392642832886455
0.5155218756885628
0.2938347242527094
0.1908963962181667
0.12295084648091963
-0.29963862835816735
-0.07046379830726254
0.277485796177978
0.24469300294697127
-0.27921282235239897
-0.6817460103651958
0.21242676829840243
0.11240798717961963
0.26384584319685583
-0.4288714208023372
0.015159223429107744
-0.32570666967900097
0.22004307734361647
0.43279668885454303
0.3451817463473787
0.18826194247812833
-0.4678220550076326
0.11673434595417453
0.3523285981628886
-0.10987297659104325
-0.2197564552410848
0.08260537749515115
-0.32633415945863525
0.5618739526765895
0.250104113435958
0.0014139238566078984
-0.045534343395025025
-0.2559327607005233
-0.38749138260209326
-0.24713420591616603
-0.5960236166760079
0.004330760769028977
-0.32961016684802696
-0.263949448190253
-0.17893229423631501
-0.054880636511959395
-0.12951870114661546
-0.3823464321740371
-0.03075224102384096
0.05810879055589032
0.43215161080160214
-0.10023047358410875
-0.0641239603577507
0.24601844858753108
-0.07190395135907562
-0.05421505083516661
-0.3557178650196089
-0.35669888531947763
-0.29220850239965
0.3188740163790759
0.13067132015462685
-0.44904102958544134
-0.04657497649146287
-0.3452523576086492
0.5635274484331739
0.14169684549816497
-0.2943954945699617
-0.002586558528134921
-0.14869332010891836
-0.4508669064210245
-0.38725805864419816
0.031527094313513436
0.4860253616901544
0.1454903700543969
-0.08651044309289967
0.2568936847087561
-0.1423728069377018
0.10311467744286636
0.4766228983923265
-0.34312183791017836
0.23775296587546513
-0.4365656278290512
-0.545758819753257
0.17846877775755401
-0.04941829336090822
0.35158811910183424
0.19842104004254332
0.6376654312054157
0.05449422120577711
0.06064120542310546
-0.11286791941042601
-0.09772510436807433
-0.11137592409896434
-0.04242921955660867
-0.38465457762439587
0.03672190414851303
0.06362263196603472
0.0911514749824844
-0.1765984492593491
