-0.058459126962676904
-0.14328789706976308
0.015225568026111394
0.33863008391186816
0.11932643732820464
-0.7124252239743872
0.15292368999465286
0.2411675859241399
-0.01620968599653988
-0.10254520831314744
-0.6653224785175363
-0.429835036009563
0.31567030967551973
-0.07189937482578404
0.022989095690473863
0.15550992338611827
0.15799984240832293
-0.009317245609723909
-0.4247019721780527
0.04853338670384484
0.45035583915746147
-0.22866320198694084
-0.003863921464776399
-0.1080148265934828
0.5223219831402048
-0.103175789293938
-0.29701839513868744
-0.32046177759830863
-0.07325283286350578
0.09196822456101351
0.7462230461160888
-0.028145556174367994
0.3132271224677612
-0.4548165117333883
-0.17074151130472492
-0.14313699781694877
-0.11181412982490174
0.1969095156457166
-0.10386435629233164
0.15169730086864888
-0.456292483239872
-0.4874935776817921
-0.006465148412457868
-0.5343563011172572
0.3675786131191747
0.1852847575708883
0.558164747052278
-0.15716534718402045
0.5688083797097171
0.08461431896331403
0.011514957706698093
-0.25306092018166754
0.6183958869329707
0.05567027935975095
0.21960437603199132
0.0710176691941445
-0.054514169470579965
-0.4492562262623057
0.13254047253411275
0.022279410484512565
0.003610860506300062
-0.5635901616841378
0.3054501035849166
-0.2385736148416408
0.10077596494175137
0.2471539189899599
0.3725533496187724
0.3141629953440274
-0.41626023765859704
-0.09372022346780566
-0.180733714336633
-0.3225179652624823
-0.3251808581886929
-0.34169453097701813
0.03657430425916931
-0.26753616388705165
0.21797024014128197
0.07424277664690637
-0.36711124074618867
-0.3001972880755069
-0.15007875209838184
-0.13126748597541482
-0.24362159219949037
-0.23105481198038472
0.2262554756570136
-0.03191521407212406
0.014781970258196272
-0.17350187186458577
0.11283256156903791
-0.2633135974728135
0.08402931723468475
0.3204682619446058
0.02559823546949008
-0.3231801183443883
-0.0546730556777738
0.46258198769198994
0.1571191596085198
-0.25102647699470376
0.6021740004288303
0.30902783556666624
0.009285145658427358
0.2157260959706646
0.47732423398152607
-0.5012884980441278
-0.04416621272454794
0.10607753386567441
-0.26472874559613285
-0.35518796150363374
-0.057430441309269
-0.11050306263892275
-0.06263914137590125
-0.2214577381328692
-0.3373845675016055
-0.4109255514401197
0.428922973202488
-0.4463689218231163
0.3567654051409319
-0.2174520686139308
-0.22026925941243863
0.49208616652237747
-0.17111762047358295
0.305517466497661
0.0019350838754479101
0.43856774886218947
0.582731140070206
0.09642011890540186
0.13218400858026802
-0.22328568119319622
0.30962468388885905
0.5285026521972823
-0.5010296854780348
-0.3419245473054368
0.2504822079944052
0.009492157352915268
0.4490423619385843
-0.09581333169158604
-0.020579147619815594
0.34974549133386096
0.16632921973856477
0.31221032507317564
0.3836624094059019
-0.49006032304241515
0.49726027735614703
-0.3312897073166533
-0.07112589178914426
-0.4209248475973081
-0.2710874609073911
0.3857716574754277
0.0946832808251588
-0.14040895209151238
-0.05417881803952871
-0.21631046573619894
-0.15454508153077648
-0.5588396187480243
0.19855301675465248
0.1999387948889647
-0.28825924966296923
0.3364642878132037
-0.38073236493754
0.2766460950703075
-0.22353952408824387
0.3179026182920127
0.29394115849694047
-0.258165541792204
-0.0806323767476146
0.3105632257937139
0.20127808249454754
0.47842538303882687
-0.3461731371361722
0.14868068458271563
0.2771534870466581
0.1035354154110548
-0.4708201798195156
0.22627537250693694
-0.5085211206263914
0.245664837721924
-0.04136659383509488
-0.22037122409817242
-0.3333468766519577
0.320261591743097
0.1912237511666496
-0.18811029284391154
0.056358692945257485
0.2568781246166081
0.16953242401442983
-0.4599859571864675
-0.39662338801179386
-0.465956033103587
0.33997573569783013
0.12112713123326652
-0.21951980994243595
0.3672468143269463
-0.12074918258688627
0.016944821019855182
0.31741613222618054
-0.3876891609806477
0.21855590190891785
0.30502662505739675
-0.11428280101625878
-0.5658348025616122
-0.11204893040299264
-0.06562015388087741
-0.08001373573411566
-0.5597781378555826
-0.18045314488718123
-0.05221878149645869
-0.16486919836048566
-0.010276848146449474
0.7815394251659651
-0.27263146116292214
0.6222477885324391
0.36273367104539783
-0.33340561677281566
0.12877009539469755
0.0022362773157708783
0.2408301585187066
0.4875195522396913
-0.1730802845381171
0.19954656818128383
-0.07767363756622926
0.006491185866492718
-0.1648392400978446
-0.06702096741164794
-0.12593777427265815
0.29490863493684294
0.8581517004294119
0.024081298283154407
0.0467580353586576
0.09044202044012695
0.19648144916482976
0.08955207147747725
-0.09390482505079123
-0.17417210682851966
-0.06533276067494595
0.4328272249850094
-0.20781689609346696
-0.11855972366804521
-0.04970304834210862
0.06634518008341901
0.2995547945754049
0.052015220263920546
-0.18766359159733026
0.7324681768835785
0.0156834780342409
0.0389042777892234
-0.30715789656890286
0.02856566476694494
0.6611983342806776
0.19427344175344077
0.2975321001996914
-0.14854301654794486
0.022404391308595905
0.4548914546025137
-0.1979095018269724
-0.4196503319389144
-0.21918274105309665
0.1190621210314511
-0.406965933875901
0.041179280027329734
-0.21708680804550595
0.2801904809130135
-0.20335191354276666
-0.2988504086829149
-0.3154068571031324
-0.276473819301609
-0.12798612001633253
0.12143493802227036
0.42958802542710933
0.21703210992055044
-0.012123811296665203
0.09817659058578627
0.04930447113606383
0.48408836468382127
0.11433406066764813
0.14378012670125961
-0.01029501673106037
0.7426723287378657
0.19995249113750432
0.25630225826791975
0.4256817718440402
-0.07685387330682103
-0.03278134422500249
0.05245661079939936
0.0372119619176013
0.34684477202453595
0.3662007470137502
0.4393767259501323
-0.3144690037455591
0.06844841873402166
0.5405960922000917
0.39524939945410115
0.16209043453234492
0.09583250055727045
-0.15226984862547233
-0.07619218844451771
-0.016235493461424246
-0.04679590394085416
-0.07915672648190752
0.26574623641655354
-0.051022472705590446
0.3562947989599739
-0.010177787720343931
-0.4582972612040054
-0.16694629397708316
-0.3151837660408837
0.06909216072982025
0.06240220581028846
-0.3101544891093692
0.24760315954165169
-0.18625491060425306
-0.1118293086126995
-0.011592363239547033
0.30451691556282434
-0.09585630310803472
-0.0493275797324318
0.05341362601227731
0.21312482080843165
0.25881454774508467
0.558075607877414
-0.023263868682076246
-0.38302065585388617
0.1398353452529644
-0.4918278565116988
0.06100106116094746
0.3494408705182115
-0.12496916348573166
0.07735738081398992
-0.08222486005115504
0.42596691792743707
-0.3591322599298056
-0.27277405484742206
0.2662658866780695
0.017205800608740357
-0.412212338406164
0.25268769330126317
-0.2537670302181607
0.18012051335430268
0.3244074738148695
0.6242036127318701
-0.2646409302330825
-0.2006502463689596
-0.11813915908407328
-0.10812900865758035
-0.12548408739354064
0.13673896266011493
-0.3489281135824092
-0.5578111589199927
0.37891758212521226
-0.3153021126212676
-0.33598161172054847
-0.213162119213815
-0.19476219926499366
-0.0185465250337576
0.7344316118860575
-0.47560870585416437
-0.551583049760312
0.008974177256059236
0.1888338752550576
0.04378042096227125
-0.00801714392756158
0.2877493192698054
0.36808640202923143
0.2208708390420628
-0.20987601132290726
0.2590196892595835
0.17132789609479152
0.14035408210281214
0.030887416696269553
0.12797363972996592
-0.008207003860133915
-0.2704773216934525
0.4485227232833349
0.320271305009907
0.35857146631952114
-0.33231153357837073
0.4715012640166699
0.26210343147681486
-0.1274584604915056
-0.08076104006620645
0.1356319703424527
0.09917674800567215
0.25130544230317564
-0.18645269004608875
-0.13737588959425484
0.07484823836735188
0.5601432397899181
-0.043789836539550264
-0.10055229417131725
0.0169965880282245
-0.06693352133634968
0.02395698362398257
0.1589693647264072
-0.2761041034306646
0.019527531349840074
0.28254607071540216
0.08516439362901436
-0.04113194152289392
-0.3905683823101748
-0.4936815696560698
-0.09759267792205002
-0.3946507948094557
0.20093119304141382
-0.07917227280665139
-0.10589809599937833
0.07245318883723033
0.0659423281761616
-0.09167979597432598
-0.30821581664717274
-0.4649188910821509
0.44096985690744117
-0.29464252457822643
-0.22418038502181972
-0.1381700651524699
0.0030952085468581633
-0.45093249498269644
0.5073298483801104
-0.11032329278939153
-0.03764130391105464
-0.06120350819478485
-0.23797491048625152
-0.044138221064087435
-0.05530307328708795
-0.4406184403912647
-0.43080112238059043
-0.0754277315617748
-0.20185645051753212
-0.07734693535984966
0.48681632755199233
0.2803657448100193
-0.22109459328262449
-0.3204570521692325
-0.037962611096551156
-0.22407317260406748
-0.013931970494674758
-0.11663701813577111
0.6259218135552196
0.1671119463315396
0.11807112191018157
0.1765091295408773
-0.18215952285390194
-0.2677199301545281
0.16894267682580855
-0.5021176373122573
0.020432406509262317
-0.12870988292763197
0.2595123306141919
0.5233896965028677
0.042620495470729935
-0.42332228950599937
-0.2822925298369417
-0.16147184714019916
0.15116496554068046
-0.39125937948371886
-0.2402248476267085
0.2292205593008087
0.0015692159382404425
0.01137228370727938
0.036989798185921234
-0.5178804649545901
0.5327667605340246
0.006495460849071462
-0.19921931388064346
-0.01381111240830631
-0.1801956527960078
-0.02475233687594593
-0.3827659689372696
0.3551953126354303
0.15559014521144893
0.15577956190110723
0.07913034164878066
0.11726224038052756
0.25023482674240777
-0.31035080092815454
0.22153149760870497
0.26312686647517625
-0.3821747405288469
-0.07289114431759197
-0.1830449223951591
0.09218991314064387
-0.1813172408394323
0.007590107604332428
-0.1346592701835478
-0.1950520008149134
-0.11436840034725673
-0.5125911802935339
-0.5720453679194588
-0.06368734258870959
-0.036644069381953
0.11254445366181375
-0.2400903798588757
-0.21319360614654673
-0.17979481792082772
0.30037906904575495
-0.01753017399422008
0.08374509793853031
0.3897352562081407
-0.07207936884815888
0.8044477360833358
0.04303596854249652
0.34429440135252964
-0.6102798591880721
0.2249048292590803
0.2127358409544477
0.2648399816367328
-0.2965042032063673
-0.10257255866174779
-0.17283979866296822
-0.19032819739291418
0.1878743912163113
-0.3600424939577234
-0.010513551899777554
-0.14010598397529975
0.0785737155360219
-0.5116992868295672
0.35394712926797184
-0.011725163305609694
0.13478173982723757
-0.16252175989484285
-0.4928608752053823
-0.01041707388316651
0.2143214557923572
-0.12817010011931307
-0.13882267412257554
0.6181413519981034
0.17742269646902417
-0.2577539362616816
0.34450122822131457
-0.15671106862102038
