-0.4576552061539786
0.441556439314022
-0.11805713724014061
0.1118173152864617
0.5154761602699794
-0.4018049575699327
-0.41415928624790144
-0.15067281555462497
-0.705535928438707
-0.15460578675985473
-0.034383546237485706
-0.254370548897349
0.1209588149612863
0.5283722862907362
-0.43674434550496305
0.31778982562998864
0.12446394989979184
0.2795257592397944
-0.24241436350642215
-0.06096434586159079
-0.3475207964803157
0.3233347648009652
0.05617687181915294
-0.4996783723306817
-0.2930645723341939
-0.21699319351478388
0.13473212439481805
0.35791047431503964
0.22174099654538854
-0.5931077109012721
-0.1818384910917215
0.07559531661510471
0.11660028055781536
-0.6262192603777891
-0.3769667531808656
0.13630731039111096
-0.2789498571069352
0.5364038823758096
0.1125192420500299
0.3181970844582816
-0.24553177648276142
-0.5508732873816307
-0.0628617589775238
0.3066501129316963
0.21426080917168092
-0.2015573316395698
0.2651705485904374
0.6274543005265018
0.3721370488824487
-0.18575344262734486
-0.032358883224568716
0.4376352303458941
0.20498444085612305
0.1459334001775531
-0.3048173784979069
0.04493555778087052
-0.5683287847859846
0.00855303961413561
0.12051311356560102
0.31047588119698594
0.3509828572020053
-0.017150329521631983
0.04716771574399284
0.35489826807982167
-0.38719608429493324
-0.24281361851420669
-0.5857796790342016
0.3660208843956351
-0.06258653842709615
0.14482332293832262
0.03600970353196231
0.0434636299086183
-0.2663847460308538
-0.540892906926793
-0.010295245004946187
0.2801856618785159
-0.02367125438565012
-0.10584412860876106
-0.22345046575520788
-0.3634860441703587
0.04962650080786339
0.5136648415168261
-0.37379135937733565
-0.2798357367945302
0.06793991088199122
0.4549556106658456
0.23281707589049924
-0.34185271419971786
0.07406037193868671
-0.6725309769844258
-0.0011430132190410134
0.2638517305124048
0.3121807868391705
-0.14474001045403934
-0.19980287018038642
0.26426975159764254
0.028513743333062915
-0.2501453913653058
0.17413228944711132
-0.09647707051900398
-0.320808166636877
-0.0021717676977330617
0.16922907148414582
0.5043352332824138
-0.4553103213764268
0.0779554561135276
0.17848715539926505
-0.16082047505930352
-0.23832469153430214
0.12573937169658744
0.14779155566697072
0.2692145170565235
0.028066080708520562
-0.024571342153497253
0.14018402911181652
-0.31612954792259085
-0.05538070815834276
-0.32910618839622074
-0.4236998124939268
-0.011761659128290018
-0.020861715471132615
-0.0690368825638086
-0.16808263342020419
0.2149017891765842
0.35402582119924014
0.4397769752187401
0.24338977253962324
-0.024948573674319883
-0.1670419755746101
-0.13794720015196668
0.13636793888978338
0.250435924941813
0.46365184499622
0.10089988305518073
-0.24480823545450006
0.31995661952854854
0.23380465333304012
0.04425585516515413
-0.045147399040142956
-0.1424075423705485
-0.2328562705212597
-0.12303386238710277
-0.025685699861122447
0.2402139881481042
0.601559882787905
0.1362623993098996
0.15123500256302602
-0.001721702061323536
0.5275976208787072
-0.11288934385335601
0.14710494210101888
-0.7230828747299823
-0.3867989642973222
0.027882443478046273
0.2837379714582174
0.041171517518676606
0.01389719356033765
0.18503727621819063
0.2534478055432373
0.41640250792009725
-0.377058760188904
0.37626971081765437
-0.2592841524443139
-0.23516271496295682
0.09794635805466806
0.4664009486771607
0.006669765818453277
-0.05926610340337074
-0.2939953792730369
-0.22844727026042708
-0.21143612262604505
0.3584776564278432
-0.1263054673423024
-0.04865519349394318
-0.3815275696746668
0.5155412393706907
-0.07951983910779441
-0.47892830639140266
-0.09298091251384778
0.4063645215801248
-0.5182122232268702
0.0982195915361965
-0.2625437732175224
0.38095855311392357
-0.1641383988729335
0.16869207843206405
0.006504245055047256
0.3123911610202062
-0.05325734236326353
0.2452616971614122
-0.019839301615732215
0.3872930299793259
-0.30835887654803745
0.33397903891398073
-0.3598044491756149
-0.02380193128627065
-0.1590069651750419
0.6096472359310489
0.2242606287854258
-0.33332924998600344
-0.25487770213498345
0.22243436446726608
-0.5790177328491125
0.08422355700485155
0.033659506408605266
0.08777119378758631
0.294880353781126
0.43250482175769767
0.13027119292228767
-0.3178161127672547
0.21756557976205138
-0.20180070939031683
0.35086708395524396
0.1616795220822543
0.36235024483542183
0.43023871920141066
-0.02526309678723541
-0.13523707543862715
0.06886578004924894
-0.1768014023478256
0.2721789952029535
-0.6974235624823203
-0.1696038522592381
-0.4153769433025668
0.22687857933151223
-0.126028922467898
0.38577605960608014
0.4190107911684826
-0.09405322879914306
0.35714518743558227
0.07302586496647367
0.014852986538737609
-0.48181728903271537
0.09880032549423048
0.08691040695247992
0.516149928690688
-0.23810647816774025
0.2776287493980215
0.22884300419288925
0.04374361121530076
-0.6478865179656448
-0.5151275355998013
-0.2867915335821678
0.10007908482326781
0.167276378608687
0.23460089103438433
0.3411053288138842
-0.034029755082739255
0.16486946601960972
-0.21527051255211843
0.36522811657333015
-0.2083172025436855
-0.44160556019959496
0.01759476488539228
0.3638419516735954
-0.04543644032886219
-0.42191308529861254
0.03358012361447551
0.38816686668629496
-0.4700136954597399
-0.12592307439466724
-0.04057766828375358
0.15286158187864862
-0.2785244713235997
0.5708602633028436
-0.21234947465932766
-0.12984568787825626
-0.32875054475941273
-0.2989116252415101
-0.4154497707132301
-0.1664175322615629
0.17696111156886782
-0.274923646599266
-0.3290579390135451
-0.00204007771595886
-0.4140293232073012
0.26821424923920706
-0.04845636587361775
-0.15054722964099887
-0.45859907062752037
-0.19673102034795242
-0.01794135008329464
0.09516728629747029
-0.22463426411833712
0.019557343152170174
-0.18483216869709865
-0.24698321047891372
-0.1739315093322409
0.029697921836564462
0.14416003589159557
-0.25596747707893425
-0.09801853722281338
0.0038687499001023172
0.2125325742042722
-0.05075428417623792
-0.18674152458604645
-0.154256354821841
-0.053159585137545706
0.12435022101426396
0.37238011751916544
0.07472943778060034
-0.15533032497200847
-0.13904099843607404
0.28311932011395285
0.17408794872681435
0.40164936122022105
0.26280677244345235
-0.061736282367959285
0.4309389247081364
-0.3923000201202046
-0.19364164800458447
0.09687474088843474
-0.1685144165087621
-0.3686984723297055
-0.08124339957363129
0.048437806654584116
0.19308157918472066
0.33055370484262464
0.48097142800049164
-0.10620119164342533
-0.20355606907231294
-0.2891500426069767
-0.15910395870184219
-0.042675639064898914
0.27711823907362954
0.09341801020326668
0.20001136256763208
0.08793669953118934
0.13252602794720408
0.07732177162882688
-0.3976808560510261
-0.16030765757520737
0.038677040660232406
-0.11738365918852946
-0.22999033743646405
-0.3153533502979158
0.09746316077173002
-0.1948942701712339
-0.6314898763774817
0.29872592899104655
0.05788557936184617
0.1796456951534489
0.11482645186093209
0.15783848383681479
-0.5068711482061958
0.20048234416721117
-0.3539726807702999
0.10281743528251865
-0.01957154224787811
-0.6561315513760718
0.0430047088514654
0.1980875675360097
-0.15744643797759775
0.20661785213060435
0.08361951233039101
-0.3303190274488103
0.4986037326095499
0.11652316779583888
-0.3158421752077041
-0.12950571841413286
-0.16281936692564392
-0.21430269900966323
0.5676446526991596
0.18181106666313585
-0.2803483688255334
0.1994843568554728
-0.4558676296476366
0.09361711885239597
-0.1098488370138687
-0.0577893073378891
-0.18340204622340459
-0.26073600408100334
0.08415641444843734
0.027052316005680643
-0.10072440667955616
-0.35677914566977986
-0.084380704515424
-0.08472685543179975
-0.12465745828006697
-0.1991727785891703
0.4718315538594397
0.43589666550603084
-0.3299011391122404
0.3543159572285879
0.5159755056374584
0.16582706707356756
-0.0907741544537726
0.3419605958456271
-0.3497694695224416
0.5028088675331904
0.1287689964582169
0.30701295601973794
0.28192622793064104
0.1613928538481732
0.43186728760387877
-0.20742287029247694
-0.08954156810696985
0.4496764404788058
0.6178430413123798
-0.095467402941305
0.46398649990601915
0.12380057184906053
-0.16997850800870967
0.44328358641169807
0.2719220569970206
-0.03870084072801389
-0.5017505416154397
0.19179878980267628
-0.14211377022152677
0.05315437634663086
0.2373466249993713
0.14300133371776988
-0.6766465326774105
0.2096927122648112
-0.48039269324458556
0.04271844932505891
0.698240240497066
0.21217180402082672
0.03694113186222744
-0.21300048749461553
0.6871613082307148
0.06550941144068124
0.09151430482403021
0.19557433600309576
-0.14732303392810364
0.10540048071559033
-0.41298477611918444
-0.25866475377370785
0.30413335026741883
-0.3688919365507482
-0.22247078239578155
0.5782944147868766
0.04060196065059394
0.026028183841153716
-0.038856295336462864
-0.43779535939576925
0.31915443232785695
-0.0906636451438451
0.2536875124593054
0.33286287996853575
-0.08206059439359818
0.16332717502195876
0.09657215088774343
0.07090242679324248
-0.05145659134536594
-0.14470874918977092
0.3766945731449245
-0.43942796626291913
0.08979191437354758
0.27846418446086596
0.1334731824249305
0.5743776918224638
-0.3456947763285718
0.38962160613993296
-0.1664691548411261
0.006577070417979402
-0.1334296581573737
0.08883130662521296
-0.33151725416942596
0.33722745563754036
0.6074859020152674
0.22690759380239608
-0.035007596868405315
-0.17904220359877773
-0.22462426286956677
0.2713207431405004
0.0007381028827926015
0.14774115773464763
0.2792756308171165
-0.40677992918042644
-0.10445777957742178
-0.3935812788585934
0.14271946408734462
0.1506672997586347
0.07677497657122953
0.30608580715863953
0.12248141616053347
0.7254133391481354
-0.15224461678353607
-0.15812264895858036
0.014879426723228126
0.14679702639813702
0.26990665749315645
-0.19067461107839975
0.36703889804080886
0.026444960674420974
0.2580948510359199
0.24385447627912268
0.08515055083495802
-0.49245800128102585
-0.025355019746711442
0.07292198117521176
0.3315687542019035
0.22666220407802964
0.2445510085699357
0.023360018971234624
-0.5975202831793149
-0.14309359674596372
-0.1971844440182382
-0.26900011798508217
0.19347337359257286
0.15466033486891273
0.5031428884640939
-0.143329543968394
0.06645131383971255
0.2585452040353069
0.4393930768526486
0.1957040921859961
0.2653046016126495
-0.10759250873757384
0.47718725932111666
-0.26333440613710485
0.020346338995376044
0.1328718378898471
-0.296284645647543
-0.06356066360175609
0.15480416192623808
0.10962648660923346
-0.5671206711506326
0.3203668771003072
-0.3401599686342833
-0.2004660115472021
-0.22610003357018688
-0.16482241246866358
-0.2736984675725678
-0.1681582939490817
-0.5649270401402225
-0.19329385468388763
-0.15489436941413212
-0.15163544209867288
-0.08943606308383202
-0.1744248605074081
-0.20217759507902489
-0.11540500754137975
0.43884882624372895
0.4116219911307395
-0.3091850954690478
-0.17147693964534325
-0.33540731829639414
0.18071904403620576
-0.0041503597735039355
-0.07364469314498163
-0.046586526540811815
-0.00791531536943775
0.15913445914366955
0.676826227491009
-0.42334038640374544
-0.3548243726085684
-0.20484669431388872
-0.0564260971059572
0.23359812177438796
-0.32424731958543807
-0.2690540949093671
-0.07443894038635666
0.22907642537014947
-0.03320616119589887
0.13961869505837524
0.30189313625594655
0.48741926224120885
-0.49659947020850537
0.22010760086959924
0.06192324782389057
0.216139429566818
-0.0501669239458404
-0.2115251234140289
0.18509631458708148
-0.3456363906270614
-0.5549372750957987
-0.23466304845447586
-0.3036780715378826
0.21957837457536503
-0.008463958866695227
0.4688026357019912
0.6244820021489792
-0.3075959839675486
-0.24905635058421807
