0.14456601413452871
-0.416868183714549
0.5041956937314992
-0.4251530165122321
-0.26853645371466905
0.522196477827613
-0.15985059120233205
-0.4489297728562298
0.21058035875379547
-0.24228056793425728
-0.01902208979524581
-0.15749160817078092
-0.01921365681393241
0.056115075557273304
-0.3287876267796302
0.13427812456818417
0.1034062130883968
-0.220278604270507
0.10223407402100208
-0.452991746401752
-0.33586857850202106
0.24000431403343314
0.12704196377138183
0.32856706207603203
0.45176441148434604
0.14591519147784418
0.5092153568073221
-0.006211999192553495
-0.38883765599206194
0.11504044449089947
0.406762533712919
-0.0849162583663691
-0.19518276685430772
-0.11602066967973337
0.494136458716471
0.2186655134868915
-0.5148195644556355
-0.35429243631574575
-0.07973112786111293
0.13675829247635424
-0.31794530307401453
0.11348311185429491
0.45566354809380166
0.1266697599202874
-0.03860601361327683
-0.051118276193576395
0.5074050851524261
0.38435954196079497
-0.03690553110657546
0.3006712125985275
0.16715264556080367
-0.31700940494387125
-0.3052135180449025
0.19222941039001357
-0.38630401000030806
-0.14642979194912775
0.3429244238225128
0.3818244377795066
0.42917832531714517
0.09664109987504371
-0.013213430455836018
-0.07018368669580369
-0.3624282397428068
0.24023594973645318
-0.49012990713843774
0.07675291541984122
0.3802533399697079
-0.34674746554095354
-0.037385639168823585
-0.47790011507393304
-0.15323606564481604
0.44271908612093325
-0.26360912423356586
0.460693937502941
-0.4327684172352772
0.1745016094374083
-0.2625643830336536
-0.3543667272236751
-0.30021919944730946
-0.34960278810533746
0.3534858711850076
0.3275955973170535
0.217971846640399
0.1999661783410903
-0.04072453101247148
0.5042565637851258
0.025127548937052227
0.13118009034835262
0.32819515437379254
0.0712655766287408
-0.07941876676491391
0.24355443071727448
-0.09387512024709525
-0.3047965977051976
-0.3294810140538303
-0.5770574785708049
-0.19220729157291155
-0.2040451400482732
0.3436938497536396
0.5102316936163821
0.09295875933101694
0.04497509334877621
-0.3036714021506974
-0.16337852651301274
0.5230942822685254
0.4557100905840075
-0.23630477573048966
0.17295159697372048
0.3754140919865179
-0.05647860389315581
-0.3955885951833545
0.1916281394894094
0.1532759774935214
0.27769657440895756
-0.03849973990285121
0.16867210867218596
-0.05623534722424788
-0.16615257390661542
-0.139035073293141
0.0
0.0
0.0
0.0
0.0
0.0
0.0
-0.2163209752145839
0.22544874599913137
0.15972886342863088
0.09610626819691667
0.5548563970395568
-0.028123420890276394
-0.47508568802571954
-0.32348554951588154
0.10484521846843912
0.008583417361116879
-0.569185293346236
0.0006241521290949329
0.12037926842066138
-0.17893851313375797
-0.2524163430544302
-0.26364377147179935
0.10624796976316349
-0.3080893269825909
0.12480967378460799
0.10244003195887752
0.26092073796615817
0.006545981781370032
-0.021162746509443775
-0.5121999919203346
0.28737507551372143
-0.0797998001843223
0.11704718193961572
0.04104226074754803
-0.13411873188761092
0.10200066174457917
0.20401075426509227
0.37850807150014487
0.056613677477591634
-0.13289988861813834
0.4341052371745463
0.09200355686117268
0.16200635480798606
-0.3814925819199468
-0.07745039067295235
-0.17279306936454683
-0.3019586338190542
-0.24163086794566238
-0.32881833934481497
-0.21569286606295385
-0.23177497707057418
0.12400993014632368
0.3262637502222207
0.13561685886755454
-0.36304126431550904
-0.1213848477324754
-0.22326139998500227
0.07745545443606634
0.20828830018050332
0.19241749140078113
-0.5048349916063246
-0.027904666709558282
-0.010582847573374583
-0.32549511305268547
0.09376969843084997
0.23174569500590195
-0.16568514274218246
-0.0060573755350264375
-0.07422662615881459
-0.042293015391529486
0.15555456098798975
0.12584149410155485
-0.2605853538523108
0.09308916567264165
-0.2716440532140176
0.14116536884479794
0.08525097529871749
-0.1299375312926552
0.0623385217569666
-0.07854395859627648
0.44186162005847207
-0.238101725110105
0.23698175502795943
-0.29624784239723984
0.10223951961326846
-0.33528578031483924
0.031045726574018682
-0.3997855154069109
0.35302386629036814
0.33328461521279645
0.24527227354434844
0.1239833656060524
0.05038864122847169
-0.43313979349841436
0.018088812498721792
0.18006163206628356
0.14285568005178959
-0.11343489769511853
-0.23865608747482622
0.32943375142174713
0.12223791269663335
-0.08325543872463513
0.00246985803358085
0.13456262001374814
0.17914851410877625
0.03800164133646162
-0.18840073929475956
-0.17510742241327226
0.0004818223052083979
0.46478481052204473
-0.23133945344579293
0.43476762498110666
-0.008176426524520842
-0.49196214512838804
-0.10147286735330052
0.3235022821993486
0.22124569923078616
0.473647665066152
