-0.3847368610253461
0.500050233466076
0.14319230536410962
0.020235170849496262
-0.34554399966247096
-0.027520457219422357
-0.05020772005197439
-0.07842968816194419
-0.05049457585360994
0.18851933550670436
-0.1239176910249783
-0.2580513659081931
0.5680246611575408
0.2700286588289238
-0.23865329843869876
0.18003272318563887
0.038556129388782195
-0.38788647602421716
0.23380577261295432
-0.0129989623625749
-0.2673122421680917
0.7579828498892117
-0.0628496718765316
0.07552329686140286
-0.07982422616143503
-0.10830090356035112
-0.1339714346947703
0.39119641014336404
-0.057083376259553426
-0.39217099842127384
-0.1701026436788249
0.1567721350237847
0.17815070263154806
0.40092555835118693
-0.250347579299409
-0.3043405012566866
-0.2109318209743923
-0.007212941977494123
0.062401784351730646
0.08644412969628419
-0.6008935220077908
0.11780134945780414
0.02854199526122793
-0.4251043149082236
-0.6213607053347842
-0.07229630241369261
-0.11435460557837186
0.10302651258233199
-0.1751526726126761
-0.18014893458420983
-0.07011322677600738
0.46180864094262775
0.09722230730709468
-0.05850442763482877
-0.24934963441126703
0.3354035080258545
0.33203965670373
0.15611057143418625
-0.006072362396347878
0.07637250759193598
0.04285162613396424
0.2698899059939004
-0.14584895077119397
0.08197368124603932
-0.4311130545132499
-0.33067097559669334
-0.45183334674058634
-0.37871696231454216
0.1410169925526623
0.28009054885013857
-0.19342242422698025
-0.5924550597135296
-0.009172056041434852
-0.12048736107077927
0.28340038579446847
0.30759696395431685
0.006937391688114942
0.14508579790780263
-0.4767588220961076
0.29419023299114666
-0.040175531985407555
0.2831941378944135
-0.2639133806163178
0.28138970774643457
-0.1048120631449192
-0.3792327164891756
-0.02137051806322554
-0.3124798418227505
-0.22197063368372397
-0.2973217189740202
0.024621969549868943
-0.031445863404411724
-0.09234128308919462
0.29855077908057776
0.28176216292740497
-0.19388776918284298
-0.37751815131483785
0.029298710357597058
0.13257797156451867
-0.025236029124142
0.1718152948494318
-0.34125448670413855
0.00800450435017899
-0.06911719701379351
-0.09640038205479655
-0.25948993336593984
0.10900094670841198
-0.03427236305888719
0.03547700039337891
-0.39103471938209755
0.204853124563035
0.0497142229390589
-0.25138414923558466
0.11789761154703664
-0.3499331607592929
0.16282275669148558
0.5254617837717019
0.26971737757868774
-0.2541068265471714
0.0306601097071866
0.2554190825885514
0.02170318496426376
-0.6728446744955713
-0.08136366360015035
0.48541367148911424
-0.12034627361528628
0.15980838505791264
-0.09828269712295278
0.3035161764574453
-0.3300640010191791
-0.2139749085863275
-0.035137785290973715
0.14290926724873426
0.1579201670557049
0.038802063875966485
-0.2709595779109891
0.32303365146923263
-0.4252816037682721
-0.0515323934577913
0.07478025955564556
0.564483186119317
-0.20319151726661472
-0.18267983748588784
-0.20296611167856587
-0.110967417877078
-0.17022908840360543
0.06909647148325433
-0.05227092972950435
-0.13298656721727944
-0.5472226508794757
0.016891280449072024
-0.17317435929486066
0.07685132569185367
0.3198184794213669
0.03845405362356311
-0.3156871869553477
0.037154076554322894
0.11329523736115188
0.23693389525356334
-0.11579943842715414
-0.5416137156451107
0.33568128980864603
0.04809165435986757
0.30168031153988095
-0.017128495760852284
-0.323749699840676
-0.2987611513088479
-0.4816940483599267
-0.07891819159543269
0.032650604380935415
0.008572994208543667
0.234421866573474
-0.17517094202472905
0.28955649572431996
-0.22332735255210143
-0.2915751448738838
0.34514246306934027
0.11757457553962243
0.09668074188522907
-0.1748387302058312
0.3872465420355283
0.35558304277928093
-0.0536081146591843
0.07203322890141332
0.2711468117137288
-0.2929844173504983
0.5072346858507748
-0.20808105001651392
-0.09223892045624733
-0.19727831188259692
0.03304187969951929
-0.22577386145785255
-0.1857186250756604
-0.23597843746855215
-0.15846113726082006
-0.4080617603964622
-0.1018690336315294
-0.010042496427642272
0.04977020150619846
-0.2004190449905742
-0.33589330666992034
0.12965340676970852
-0.6156786822919975
0.05822175128134034
-0.3965840900385013
0.43157137723798444
0.5492960012179532
0.221745935039744
0.2534420568648292
-0.038832762034735575
0.004598561052056515
0.1504138659840187
-0.17025351297750815
0.17770183111799245
-0.13368324454538985
0.1084697906052765
0.37324998933666936
0.41681327210167635
0.26357694773525125
-0.34766994505753224
-0.12672385829430466
0.1747442652009448
0.09758986685740055
-0.04248364934494707
-0.06596295147945236
0.05249038836957197
-0.13905918982918794
0.5026253243013711
0.3703239626006079
-0.09494406605376673
0.09607065478312894
0.14699715440937816
-0.2392087435270779
0.5505666670793203
-0.004038508285656508
-0.2812135539384005
0.37365531219888626
-0.09028240866400403
0.4658736208444435
0.5906454825728915
0.07975783793660496
0.07337428736067514
-0.08639394260500571
-0.19412516972404886
-0.13489631071990069
-0.5341513967104862
-0.2505414020868493
0.07875831806579624
-0.4167310284968098
-0.07811520064409203
-0.43353549299506383
-0.31569838703202974
0.3626708745093235
0.273873123287805
0.11788282721827181
-0.3458339660885018
0.5926065182625715
0.15251971230258363
-0.080791121081148
0.2530316678726859
-0.26644104943976626
-0.23256303322527294
0.25359858630318655
0.08172749958822723
0.14945647048141972
-0.27943439374931167
-0.3075125425446259
0.3323999052265423
0.07420242518933803
0.02045765772202967
0.08349609689461619
-0.012113942834657354
-0.07618293512128692
0.011768591266031981
0.20982594988369418
-0.5148182404750685
0.3206650826148674
-0.2868811177753304
-0.4022600662104282
-0.2003776727162099
0.3170645734192845
-0.1519313396517141
0.23930960911053378
0.17176778782290503
-0.3024915990613
-0.0823344190371685
-0.545900365306185
0.027052347905365027
0.10273398653961976
-0.39364840456080535
-0.3280371502832758
0.36899184267313023
-0.3136906357506409
0.10501622175414314
