0.17216590509171498
-0.27252726397736177
-0.3486780900787189
0.5553413065952676
-0.029956101184314587
0.000540065733825134
-0.06517788973785912
0.1993213663161244
-0.08667102954138393
-0.19815447653788704
-0.5461911889188699
0.42537960290478966
-0.41950915749528267
-0.001222022617464492
-0.5988674877004738
0.18459819792070012
-0.3796395235712456
-0.07221108049048863
0.09232536116924277
0.012251303679505127
-0.04674871022267241
0.14454172196396806
-0.10178465519845377
-0.07926688964354289
0.1893423001110071
0.0959887185977171
0.31441532426130564
0.31153488857836825
0.12613619865411002
0.18127091161967848
-0.08163328898461206
0.0545923108789992
0.24740874729813142
-0.06252660763441323
0.17557679517114474
-0.2847169461059501
-0.5470903591348701
-0.2432991883719008
-0.24474454412528132
0.20605647624812068
0.09754963974996692
0.16277053796955224
0.11113545524065922
0.10065278731883362
0.1130379002770692
0.15157790976642843
0.16100410377696966
0.6485522329010922
-0.085488415797732
-0.11433968817165119
-0.3486893198132877
0.06755553128641846
0.1808516742578879
0.02422914453269571
0.05204368898001436
0.08030652127367838
-0.4221437315947004
0.08790438598679677
0.4091579105171065
0.3382658355799538
-0.1836635159037947
-0.302397189877876
-0.1299343415768602
0.09068425908094031
0.3744010956680886
0.46468482527646465
-0.11863551692960574
0.05747462177012076
0.009505665310736152
-0.18964488334893456
0.19532518245934008
-0.3270096471370327
-0.11114770007588538
0.024088497194864906
-0.34236000216600204
0.37868218383709507
0.15279054427173955
0.47205291519346904
0.3533517462512859
0.21273053622046975
-0.11414590583768419
0.0342215523061305
0.06397255616293775
-0.01668294481971517
-0.05934810546364882
-0.5591077299579887
0.24826451282853074
-0.18516634721138372
0.23949821751177292
-0.2428053909795904
-0.09124280133389774
0.42515009800471687
-0.20872091078037888
0.4075308806954387
0.1067348095939596
-0.42086999556579874
0.09658529031024118
0.14663914064638628
-0.3424865870569689
0.3024743919365904
0.3958064083435114
-0.22203763268068785
0.06075278682008758
-0.22376823999147794
-0.08983889336801797
-0.3340726389042147
0.2028674363159905
0.24715857305246422
0.26391742106830746
0.18933512053769033
0.41070421944901037
0.24625120748362206
0.25407202346319085
0.09748883371408193
0.3704230558925575
-0.2701240167768743
-0.31607736272662557
0.2571670388895796
0.4430116166877164
0.25283362000936893
0.24169479597584856
-0.03040917127745405
0.05217145682757505
0.011904920435853396
0.10755626173965406
-0.35866259171322423
0.32590383368462333
0.2688926913085441
-0.26320121179346995
-0.3352173703613805
-0.004211918001601366
-0.004529983358746744
-0.5036731236483016
-0.37564697904973426
-0.1928414717303992
-0.01738168013743746
-0.290795147596127
-0.4625454715671014
-0.06558811806651368
0.21542241278272908
0.4652800650933584
0.21230480128402993
-0.21812897238413864
-0.2214164944371931
-0.13814202206879325
0.02014261465374599
-0.15791090081324782
-0.19852813980190231
-0.3068404213256425
0.1625609509507802
-0.05096627418834356
-0.326409102151654
0.5737952578043516
-0.15257326656130626
-0.013741095747439359
0.17964922114310294
0.549808078249434
0.1994266177163491
0.08112509816533683
-0.10727071579607304
0.24103508249794833
0.004880381375484271
0.009573285085782762
0.012377492444335328
-0.17030053657523786
0.445136345987917
0.23407555621194323
-0.4069801312120375
-0.20301816494148978
0.3703143670545287
-0.12284022727223956
0.5617881477427696
0.2992889689812242
-0.20047572512808504
0.2700797902741876
-0.05865561425661517
-0.06598848670324477
0.0853169740726718
0.10642587681246612
0.3084590231087306
-0.1309323162419696
0.2296637014560261
-0.02705675891816912
0.04229658877590966
0.008534176699620408
0.22321139747804944
-0.5417847719948636
-0.3204736849340422
0.11095154599748146
0.0015197725976970338
0.28373676993909436
-0.19480718769138117
0.21749456095300992
-0.08432618887540709
-0.2493203044528961
0.1523081479339136
-0.12492090872460743
0.17608050048100984
-0.22999388782642338
0.20024518690037105
-0.4051845577098338
-0.2508044830398622
-0.28354683371971573
-0.18669545295721016
-0.04532971797541845
0.06688631837437288
0.4520562889016679
0.4606697826152018
0.31637311784742417
-0.40427932104391895
0.6693799769027398
0.12143973138848523
-0.1003619136725787
0.28829860188837714
0.05732277278709962
0.009356472450540089
0.535031889279587
-0.08888967186693417
-0.09736191352999571
0.0037726685012774413
-0.06538436423664754
0.502005350946266
0.2506326171924599
0.2925207953047345
0.3086986182655378
-0.1743324571768981
0.484146628188167
0.2117181778641548
0.033759473725715396
-0.18772470974998842
0.21592696035960454
-0.13122268001477494
0.5188621390812318
-0.25470707151120936
-0.1892997675026945
0.05258330726996461
-0.23048263928577042
0.6126105819433633
-0.1432423244359263
0.11248497463451683
-0.00047027196568603106
0.37973267657335974
-0.24510903497045392
-0.2680212055805296
0.284415314975219
-0.017293021639042578
0.17783486387958544
-0.6693060936039141
0.00637980972181991
0.035633811843170604
-0.14784149853599618
0.28137595285545036
0.3649843906890079
-0.46904548927820466
-0.2749735371581954
0.03893674361153762
-0.07520002049265677
-0.05126927429744728
0.345536980396285
0.07646214967513922
0.32071218564701204
-0.05691381161977705
0.023190173634628566
-0.0693788757522311
0.6590479324014853
-0.19195249027090655
-0.11875261104847
0.12998275916082125
-0.06701913285377882
0.3719652802642737
-0.0989033015571071
0.19485797789854
-0.4916466948166491
-0.02852165987815521
0.2417487258252129
-0.09979147012534713
0.3922888864519835
-0.34869690047065505
0.0975070756963498
0.18985239149460453
0.23780031197868925
-0.240621683840119
-0.0410966529149764
0.0406653005580188
0.059187409438286966
-0.5565200404169839
-0.3039843978172283
-0.11410940307356324
0.044884210113423924
-0.1935455489325399
0.17633669133297236
0.28165018437020234
0.32744410945021063
0.4256742667034396
0.5197272559821225
0.0831808391054747
0.05796885800391163
-0.18087296169385433
-0.010769382887620232
-0.10655550497972117
-0.1699502490547489
-0.24767402513231793
-0.18109530053783682
0.5838447817118626
-0.32334686080700525
-0.34601864731906595
0.1992582823028871
0.18618446990700918
0.08448762651054174
-0.33615819687659426
0.05336532316324586
0.2560814449550069
0.04035383767563469
-0.19212230130051686
0.3987574508161766
-0.07391136784521458
0.5625599771683405
0.2325284219742292
0.25245678186424775
-0.1609790214936169
0.07329962577767672
-0.03395659538698087
-0.48803443407022823
0.32028639900647177
-0.1563725201315595
-0.35354913500832874
-0.1341484740011804
-0.2577307938695654
0.1509288132351218
0.18609805342077199
0.09866733572296474
-0.07613362176129669
0.18837225917342038
-0.3037926573990518
-0.3290110794464766
-0.3035835536570846
-0.2666061710009058
-0.42591972258325816
-0.34815837180057185
0.28264138174012154
-0.04830661623768533
0.18425373787229785
-0.243765070782269
-0.0029734296344312264
0.21457854846849012
-0.12191190622198478
-0.45546374477946766
0.0810650742574726
0.40242363123374486
0.339528560805904
0.033392085735101565
-0.05111740720592138
0.4344909023413641
0.0811042174746875
0.036297026352736274
-0.29570322128327364
0.020040589414363232
0.16487247433615215
0.14340708510972414
-0.44496515308948875
-0.12216725227609501
-0.6881417613927239
0.2496141039821863
0.10977383364384831
