0.05349642578826757
-0.14774412721715582
-0.25120459195606487
-0.15760009119294643
0.42850034389163905
-0.0686847158314463
-0.02778211733974554
-0.29723220835645486
0.03897434278903839
-0.1208022507699617
0.04570544607996796
0.17847603722485067
0.03244643981061206
-0.35212370234058316
-0.20386550124573882
-0.25528077079538924
-0.17366840536923084
0.2647445341792266
0.08447325819928789
-0.32423919506334475
0.05885745067557729
-0.47293075546356433
0.016710253389313055
-0.4202105459996717
0.33489256408245777
-0.024236376671949736
0.11389853987717623
0.5194073134201049
-0.4214619938793539
0.18896760781223346
-0.1287686306535537
0.0044527676703756
-0.09667661572533587
0.056459355604703866
-0.045303994769097064
-0.12614565586425044
0.28972997451462135
0.22948959407366654
0.14749170482447138
0.2656989113698831
-0.13512396007879401
0.18862075450186946
-0.38113203412431185
0.3146673943104878
-0.30484432480537604
-0.02783280592921605
0.36506785551713505
0.3141895754731456
0.13669878342807412
-0.10347819225661374
0.3095029024398146
0.4148133691122554
-0.04615593772042265
0.20718962965107585
-0.504412050660756
-0.36951817439250745
0.07786377479891388
-0.5519483433148235
-0.10792413155234157
0.048218244364109784
-0.42857742842642105
0.24061402456820774
-0.30693580467052645
0.3584315578614348
0.05474795455040356
0.22421056794515667
0.5662899709905695
-0.15923788399905756
0.23346741669697788
0.019886222342811448
0.4825712844319908
-0.40503713046599327
0.2732744769629417
0.24627878281773424
0.06130072229342894
-0.0001851646750652592
-0.22406502635879588
0.04643640499711948
-0.06876276349364595
-0.12026533550095846
-0.02136090636129502
0.03973063457802543
-0.07399192553468413
-0.04675661302062836
-0.3409976948013741
-0.07354742724806437
-0.3260568708063729
-0.08943458092955715
-0.7081538308414181
-0.38318059005742794
0.03944850919215103
0.03919036025177224
0.14046704267258628
-0.06044126780112
-0.5192741029432877
0.49289537488909396
-0.20921986778498108
0.02616247888638202
0.17621722085936325
-0.47928091387605537
-0.26284465403236057
0.2547379091832551
0.2815290110714192
0.11368097487734637
-0.06974392856535337
-0.1911517873775918
0.11027529642168829
-0.0476833440701758
0.20162635619110678
-0.2644260255454345
0.1516528961878422
0.036018773647787806
-0.1092598970331176
0.03457986837227163
0.0070768796252771585
0.26571003620287126
-0.012702806224269555
0.37826103913976206
-0.1560974156627697
-0.1627243028972688
-0.1865424692445988
-0.5495185506894398
-0.42795287195222137
-0.07059262341877706
-0.08264568809376044
-0.025785245276030364
0.34676366383373003
-0.12259450098773873
-0.22437638979576927
0.19989495928199968
0.2050906688693328
-0.14299490304856496
-0.39304878308867636
0.21426696296137343
-0.29720963113756943
0.10562885451971862
0.3826828101351054
-0.017651987414998876
-0.33228409776116286
0.0009200669255702904
0.14278883102469492
-0.3043420021642131
0.08406091167727699
0.23328901642575686
0.2723254742654629
-0.07652755756422108
-0.08902726941942236
-0.1262372159405391
0.11534362393843574
-0.27957304529981486
0.13664766693494487
0.10454302272288588
0.19348883244926535
-0.19667385509029583
-0.028550565418081257
0.27703839531151264
-0.12190335017842821
-0.5977742006602944
-0.0234698987541341
-0.22567062849113959
-0.3049441135335704
0.13421614828653894
-0.09898304824482852
0.2516873502093886
0.31203221271029746
0.10691793554768797
-0.08633803571618603
-0.5831702066746814
-0.5208806100484622
-0.34988082007189725
-0.005759235086442773
-0.031368523870854766
-0.14205245271214414
0.3340996650075943
-0.3610872919953711
0.271083563283557
-0.177732870546967
-0.38468435441032495
0.15413891506167085
0.14016950600205444
-0.010224430599350333
0.13611484219538675
0.19576529225181294
-0.15751960614676777
-0.2228275077872645
-0.12473832088066186
0.2483602847741917
0.06913256133055674
0.5552606940916409
0.013127722387143416
-0.19108540802757182
0.3985323834016538
0.06184303796095014
0.42248276702147924
-0.22957853258478866
0.10284238174610194
-0.2536906589772146
-0.321783787085053
-0.33141796300630094
-0.2014030332880104
-0.12428837496926384
0.5044981763169991
-0.041362947604900835
0.4319429582790454
-0.040526836478809704
-0.1641003644193214
0.18508046746186266
-0.43988700228795463
0.12190895541704186
0.49041112107685547
-0.4620953145310925
-0.17618936615744699
0.34958204667048615
0.34536655383952997
0.3395161505803259
0.2629422791136175
0.25706804407223216
-0.15285690091793222
0.13039316791434458
-0.0008157171595651156
0.34157915548813017
0.3369267615264138
0.26492088931964397
-0.5801223147841166
-0.03152376855426772
-0.19606043386990074
0.07611127779645767
0.25114802482558085
-0.2527126199122357
-0.12253667659149077
-0.12962443781526317
-0.3868617691009828
0.3393135704198489
0.5091940466892115
-0.013660359623712382
-0.40157595002052376
0.2379575405520095
-0.11543578264543224
0.38925861091772346
-0.2532853746442037
-0.19031861660254312
-0.3569931754946751
0.1372760480930458
0.34623610797307397
-0.4280504027248711
-0.030505422696039095
-0.10263078996364501
0.3941528899468903
-0.38938629425127086
0.2631341566232673
-0.00730186219423571
-0.15364615833658968
0.005490792807374847
0.17237891818966425
0.3697290176468403
0.31383910758764044
0.03074210558207069
0.04669017424992679
-0.13165391381917815
0.0707418170593623
-0.030261260390261124
-0.13856882074759477
0.09465016464826419
0.5186087702437567
0.055840144776179185
-0.18270477225838327
0.4045670044927955
0.10791771098919821
-0.16458454561568678
0.23081443293482992
0.03619813978053092
0.21644890198739405
-0.3368546697152446
-0.3428339569178259
0.15900954758528163
0.3866854426981154
0.2765889400962709
0.04325709714317342
0.16023829506259454
-0.13183714047229259
-0.12401400330771897
-0.5842849133819359
-0.1420245778779761
-0.09903389327825171
-0.009023752046149698
-0.5356366747244258
-0.5433421509529914
-0.1015037396051136
0.14302782267626055
0.029329909542397586
-0.27450130468431394
-0.05948488441752038
-0.057838348209926845
-0.016715864659771127
-0.12752528077799546
-0.10829462586263428
-0.21570863080253716
0.3904627194358065
-0.1706595686009148
-0.006450610675478268
-0.4023469089571876
0.06076807449489824
-0.156556931841349
0.45476046942896264
-0.36840840542382397
-0.26113168529683933
-0.18921914172145113
0.1829866340892258
0.21710432578020344
0.8091890859359142
-0.044392030950357285
-0.11367635553858095
0.10857116973157231
-0.1266841041261683
-0.26363913969666397
0.28104533727690756
0.28301063989711417
-0.45791255280446846
0.40834832876198646
-0.0016608971759102889
-0.25736595017247305
0.38321229813193847
0.10753164191825353
0.3762495247180011
-0.3881619847605988
0.3447874038062729
0.11862616333959916
0.0568032083890499
0.03400430740788611
0.29487204759549435
0.43600271065060475
0.038315745726576485
0.12243135363153507
-0.3449168224228983
-0.3330280614226231
-0.1845128589820343
0.020095506710095242
0.06043700633240007
-0.039647779869990775
-0.2903283220395644
-0.48147933792228115
0.4783734722958421
-0.21643678259664695
-0.17434435751006966
-0.22400587701445224
-0.004823759263167439
-0.40086199984807774
0.4567738329176645
0.5153854757530851
0.14832762767490015
-0.4719154859414378
0.2868687517811423
-0.3384157350731976
0.2721868984367259
0.08134536510988642
-0.40598993914921294
-0.34903415430565626
0.3028398610116563
0.22740043282585198
0.11851045741066113
-0.15565682671937217
-0.3812815248562254
0.26929403516158423
-0.07861041171874916
-0.05313057045144504
-0.22483506651666346
0.04347566484779733
0.08100855498583492
0.0872179264204021
-0.43231904655826014
0.44291269748773665
0.11773426309884184
0.032508232335485145
0.02115912753913773
-0.29178047614849534
-0.06800887491376165
-0.4864124191398356
0.03660854333758746
0.5921144610267828
0.30795101941685193
0.005146516268883141
-0.3141304309617848
0.19210072135552034
0.3218979947638148
0.015678180353510308
-0.16093273691200075
-0.07471005467912047
0.4482944355611402
0.09195533922808226
0.31667715983627365
0.06406790631269367
0.38933462854556
0.14971923274418955
0.49666879042380485
-0.4706425697345075
0.0955224980507619
0.12617779076735358
0.1969120779698352
-0.06683522869458645
0.3473450513935174
-0.07118689143536439
0.337350059841947
0.058439728488088656
-0.04756955274266367
0.3742364237218806
0.15737250786781143
